bicycle 0.0317 -1 441 8 498
bottle 0.0543 -1 441 8 498
bottle 0.0321 0 -3 328 264
bus 0.0335 0 140 327 495
car 0.0447 0 156 326 494
car 0.0367 0 427 4 498
chair 0.0697 0 185 326 496
chair 0.0295 128 0 364 496
diningtable 0.0516 1 203 326 494
dog 0.0329 0 127 326 492
motorbike 0.0360 0 140 327 495
motorbike 0.0340 -1 441 8 498
person 0.5964 0 134 327 494
person 0.0712 157 77 334 496
person 0.0651 -1 441 8 498
person 0.0338 315 5 330 490
person 0.0323 296 3 329 492
pottedplant 0.0324 0 423 8 494
sofa 0.1353 0 178 326 496
tvmonitor 0.0298 0 1 328 494
