aeroplane 0.0349 359 101 472 129
aeroplane 0.0315 459 104 496 142
bicycle 0.3047 406 142 432 213
bicycle 0.0254 462 105 494 323
bird 0.0221 52 187 271 315
bird 0.0217 461 102 494 321
bird 0.0204 406 140 432 210
boat 0.0282 353 102 462 128
bottle 0.0250 406 140 432 210
cat 0.0246 1 0 494 329
cat 0.0200 57 189 273 317
chair 0.0255 406 142 432 213
cow 0.0354 57 189 273 317
cow 0.0234 168 197 272 309
horse 0.0347 406 140 432 210
motorbike 0.0406 406 142 432 213
person 0.0406 407 139 431 206
person 0.0404 414 145 425 169
person 0.0288 483 76 496 316
person 0.0275 467 88 496 309
person 0.0274 493 100 494 307
person 0.0263 492 113 495 315
pottedplant 0.0257 462 157 494 328
pottedplant 0.0217 405 144 433 216
sheep 0.7808 57 189 273 317
sheep 0.1151 155 196 270 310
train 0.0202 406 142 432 213
tvmonitor 0.0345 1 0 494 329
