aeroplane 0.0778 14 -2 309 332
aeroplane 0.0298 141 68 269 188
bicycle 0.0290 208 93 225 138
bicycle 0.0282 188 85 229 155
bird 0.0400 208 93 225 138
bird 0.0395 188 85 229 155
bird 0.0373 14 -2 309 332
bird 0.0297 176 82 242 200
bird 0.0291 213 92 235 138
boat 0.4429 18 -1 313 332
boat 0.2911 31 181 308 309
boat 0.0501 187 89 230 162
boat 0.0466 74 25 327 221
boat 0.0370 10 177 94 319
boat 0.0352 125 54 276 255
boat 0.0330 174 87 243 190
boat 0.0316 200 69 263 156
boat 0.0289 212 94 236 141
bottle 0.0590 211 93 229 138
bottle 0.0493 202 90 223 140
bottle 0.0446 205 73 282 173
bus 0.0377 17 -1 321 332
dog 0.0348 199 75 288 193
horse 0.0278 199 75 288 193
person 0.3378 198 78 289 215
person 0.1712 183 88 242 216
person 0.1171 211 95 229 140
person 0.1094 194 94 230 168
person 0.0287 30 -3 316 286
pottedplant 0.0434 202 93 222 142
pottedplant 0.0289 17 -1 321 332
train 0.0300 21 -1 325 331
train 0.0281 206 71 288 175
