bicycle 0.0544 328 340 447 370
bottle 0.1552 251 180 276 249
bottle 0.1342 263 144 279 180
bottle 0.1036 288 344 348 372
bottle 0.0716 35 339 194 371
bottle 0.0552 259 153 283 217
bottle 0.0542 98 227 185 343
car 0.0714 36 66 138 105
chair 0.0588 324 345 436 371
diningtable 0.2617 5 163 428 372
diningtable 0.1078 80 245 540 371
diningtable 0.0753 113 156 358 256
diningtable 0.0699 178 150 512 373
diningtable 0.0527 19 341 186 369
diningtable 0.0518 34 322 312 371
diningtable 0.0483 20 312 475 375
person 0.7443 160 72 263 164
person 0.5844 0 113 104 369
person 0.3509 326 158 497 371
person 0.3128 77 85 167 197
person 0.3096 319 89 394 206
person 0.2636 270 89 334 165
person 0.2013 375 88 494 195
person 0.1015 348 83 498 288
person 0.0622 288 344 348 372
person 0.0579 274 0 330 114
person 0.0496 1 148 10 217
person 0.0471 -2 100 146 230
pottedplant 0.0710 290 345 352 372
pottedplant 0.0597 320 340 440 371
