aeroplane 0.0241 -2 19 53 312
aeroplane 0.0230 433 319 475 331
bicycle 0.0359 355 225 421 299
bicycle 0.0236 373 216 411 246
bicycle 0.0235 -2 19 53 312
bird 0.0370 3 -2 46 103
bird 0.0301 5 1 36 22
bird 0.0282 364 219 419 274
bird 0.0245 4 0 38 54
bird 0.0235 369 223 430 302
boat 0.0617 428 251 449 305
boat 0.0578 360 231 479 319
boat 0.0444 369 223 430 302
boat 0.0390 359 277 457 316
boat 0.0323 -2 19 53 312
boat 0.0306 442 232 491 329
boat 0.0273 366 282 401 306
boat 0.0271 467 136 496 185
boat 0.0263 442 319 482 331
boat 0.0252 389 323 450 333
bottle 0.0343 26 305 62 330
bottle 0.0340 431 249 446 296
bottle 0.0249 360 286 392 307
bottle 0.0237 373 216 411 246
car 0.0302 447 323 485 332
car 0.0276 492 160 494 208
car 0.0264 491 153 495 194
car 0.0239 391 328 455 333
car 0.0233 494 159 493 219
chair 0.0259 380 319 419 332
chair 0.0234 384 323 446 333
cow 0.0335 161 129 281 239
motorbike 0.0244 355 225 421 299
person 0.1579 364 219 420 284
person 0.0514 431 249 446 296
person 0.0312 4 1 37 27
person 0.0299 375 319 409 332
person 0.0296 492 160 494 208
person 0.0254 491 153 495 194
person 0.0251 2 -2 39 104
person 0.0248 3 0 39 49
person 0.0245 440 323 476 332
person 0.0239 26 305 62 330
person 0.0235 491 126 495 331
pottedplant 0.0699 360 286 392 307
pottedplant 0.0537 360 274 463 318
pottedplant 0.0387 377 313 422 332
pottedplant 0.0295 374 285 479 329
pottedplant 0.0291 389 323 450 333
pottedplant 0.0264 440 323 476 332
pottedplant 0.0256 493 156 494 217
pottedplant 0.0242 367 303 472 332
pottedplant 0.0237 373 216 411 246
pottedplant 0.0233 360 224 424 300
train 0.8180 162 133 279 240
train 0.0289 462 141 493 191
train 0.0234 -2 19 53 312
