bottle 0.5272 349 300 386 370
bottle 0.1008 369 300 415 370
bottle 0.0506 477 227 494 372
bottle 0.0485 76 198 434 366
bottle 0.0387 329 358 399 370
bottle 0.0377 291 299 398 371
bottle 0.0375 351 331 378 373
bottle 0.0373 229 362 297 372
bottle 0.0370 23 52 42 91
bottle 0.0354 244 222 314 284
bottle 0.0354 409 162 437 226
chair 0.1271 461 187 494 254
chair 0.0560 462 194 494 330
chair 0.0483 400 200 493 312
chair 0.0478 224 363 310 371
chair 0.0426 3 266 124 374
chair 0.0401 477 227 494 372
diningtable 0.6283 88 202 446 368
diningtable 0.0832 9 272 486 375
diningtable 0.0428 162 349 521 380
diningtable 0.0386 227 310 456 371
dog 0.0444 2 187 110 371
person 0.6257 234 131 339 216
person 0.4547 2 186 125 372
person 0.4035 151 141 211 242
person 0.3985 342 164 434 289
person 0.3491 390 216 488 371
person 0.3153 79 157 189 314
person 0.2452 386 133 437 215
person 0.1158 384 134 423 178
person 0.1083 468 195 495 369
person 0.0551 477 244 494 367
person 0.0398 456 189 492 281
person 0.0371 468 181 495 225
person 0.0366 491 192 495 326
person 0.0360 305 164 455 371
person 0.0353 347 300 383 369
person 0.0348 1 201 10 339
pottedplant 0.2264 18 108 55 152
sofa 0.0359 462 187 493 242
