bottle 0.4248 451 153 475 211
bottle 0.3446 483 118 496 177
bottle 0.1560 451 116 481 179
bottle 0.1380 360 28 385 78
bottle 0.1274 436 131 457 164
bottle 0.0943 113 135 132 206
bottle 0.0937 472 58 492 101
bottle 0.0926 392 66 415 106
bottle 0.0846 302 215 333 267
bottle 0.0784 457 4 474 21
bottle 0.0679 226 0 253 42
bottle 0.0632 342 35 364 72
bottle 0.0629 332 36 357 71
bottle 0.0611 368 0 392 9
bottle 0.0557 163 0 199 32
bottle 0.0475 301 0 319 32
car 0.0507 368 0 392 9
cat 0.0672 14 162 74 214
chair 0.3310 320 101 402 211
chair 0.2557 110 185 275 368
chair 0.1961 422 31 471 65
chair 0.1898 262 127 326 209
chair 0.1011 2 168 126 320
chair 0.0714 -2 240 20 312
chair 0.0712 152 82 312 365
chair 0.0564 109 180 175 297
chair 0.0504 242 315 370 372
chair 0.0497 260 202 368 297
chair 0.0479 222 134 500 372
diningtable 0.1832 233 214 496 374
person 0.4508 156 74 292 297
person 0.1201 226 0 253 42
person 0.0745 283 -2 305 34
person 0.0686 274 -1 299 33
person 0.0623 245 0 281 32
person 0.0604 265 0 292 32
person 0.0538 301 0 319 32
person 0.0485 483 118 496 177
person 0.0483 450 150 475 209
pottedplant 0.0770 471 53 492 96
pottedplant 0.0669 457 4 474 21
pottedplant 0.0639 368 0 392 9
pottedplant 0.0563 364 26 388 70
pottedplant 0.0516 301 0 319 26
sofa 0.1364 422 31 471 65
sofa 0.0517 149 84 346 363
tvmonitor 0.0878 422 29 471 61
tvmonitor 0.0671 368 0 392 9
