bird 0.0250 491 29 495 141
bird 0.0229 382 3 441 8
boat 0.0209 385 2 446 7
car 0.0315 389 2 449 8
car 0.0268 491 28 495 128
cat 0.6761 148 77 339 401
cat 0.0243 385 2 446 7
chair 0.0556 143 77 336 401
chair 0.0219 491 30 495 133
chair 0.0203 385 2 446 7
chair 0.0203 492 -2 495 116
cow 0.0324 491 29 495 141
diningtable 0.0200 154 107 340 407
dog 0.0217 491 30 495 133
dog 0.0215 144 107 336 407
horse 0.0201 491 29 495 141
person 0.0326 152 76 342 402
person 0.0225 491 30 495 148
person 0.0205 482 1 497 462
person 0.0200 492 4 495 116
pottedplant 0.0239 382 3 441 8
sheep 0.0418 491 28 495 128
sheep 0.0324 385 2 446 7
sheep 0.0254 492 29 494 171
sofa 0.0364 143 89 337 410
tvmonitor 0.0375 150 68 344 396
