bottle 0.0713 6 327 81 371
bottle 0.0543 0 314 28 368
bottle 0.0514 50 2 93 57
bottle 0.0423 299 -1 320 15
car 0.0533 -1 0 497 372
car 0.0439 1 0 95 67
cat 0.0441 6 323 82 370
chair 0.0935 475 199 496 348
chair 0.0926 11 -1 179 209
chair 0.0764 0 150 27 367
chair 0.0671 -1 0 497 372
chair 0.0533 60 134 247 367
chair 0.0470 51 2 92 52
chair 0.0423 467 117 497 353
diningtable 0.1033 7 10 323 221
person 0.7407 182 70 461 371
person 0.4221 61 140 246 371
person 0.1088 -1 0 497 372
person 0.0641 30 135 426 370
person 0.0630 0 150 27 367
person 0.0567 57 2 93 52
person 0.0476 2 2 40 369
pottedplant 0.0562 6 327 81 371
pottedplant 0.0554 0 4 26 367
pottedplant 0.0537 -2 0 131 371
sofa 0.0701 -1 0 497 372
sofa 0.0434 195 74 471 373
train 0.0437 -1 0 497 372
tvmonitor 0.2371 84 -1 192 45
tvmonitor 0.1262 0 0 97 73
tvmonitor 0.0704 57 2 93 52
tvmonitor 0.0527 45 -1 169 57
