aeroplane 0.0582 0 2 495 265
boat 0.0474 0 63 496 262
boat 0.0291 3 12 492 146
bottle 0.0303 0 79 34 110
bottle 0.0290 -3 0 436 272
bus 0.0599 0 63 496 262
car 0.5942 0 67 495 263
car 0.0503 0 79 34 110
car 0.0254 458 0 490 7
car 0.0241 1 17 119 109
car 0.0233 -1 57 43 106
chair 0.0246 1 142 10 271
chair 0.0239 1 104 17 267
motorbike 0.0513 0 5 495 268
person 0.0824 0 80 34 113
person 0.0365 0 5 495 268
person 0.0325 1 142 10 271
pottedplant 0.0378 38 -1 168 24
pottedplant 0.0339 4 0 92 23
pottedplant 0.0301 0 5 495 268
pottedplant 0.0288 -1 1 36 22
pottedplant 0.0282 0 9 129 91
pottedplant 0.0262 0 79 34 110
train 0.0476 0 5 495 268
tvmonitor 0.0391 0 67 495 263
