aeroplane 0.0381 406 301 495 330
bicycle 0.0766 406 301 495 330
bicycle 0.0461 2 47 15 282
bird 0.1394 91 206 122 227
bird 0.0623 2 47 15 282
bird 0.0317 406 301 495 330
bird 0.0310 0 81 34 332
bird 0.0303 0 5 50 324
boat 0.0594 406 301 495 330
boat 0.0377 3 61 8 269
bottle 0.0420 400 301 493 330
bottle 0.0372 3 61 8 269
car 0.0445 406 301 495 330
car 0.0400 2 47 15 282
cat 0.0811 173 16 283 261
cat 0.0558 2 47 15 282
cat 0.0314 91 206 122 227
cat 0.0300 1 26 32 304
chair 0.1216 400 301 493 330
chair 0.0548 3 61 8 269
chair 0.0487 326 300 489 330
chair 0.0332 304 316 464 331
chair 0.0306 1 74 10 297
cow 0.0795 2 47 15 282
cow 0.0553 178 20 285 262
cow 0.0415 1 26 32 304
cow 0.0317 0 80 20 333
diningtable 0.0608 406 301 495 330
dog 0.6438 177 17 285 260
dog 0.0739 2 47 15 282
dog 0.0399 1 26 32 304
dog 0.0355 91 206 122 227
horse 0.0722 2 47 15 282
horse 0.0378 177 17 285 260
horse 0.0342 0 80 20 333
motorbike 0.0402 2 47 15 282
person 0.0599 3 61 8 269
person 0.0402 1 26 10 262
person 0.0349 177 17 285 260
person 0.0318 396 301 491 330
pottedplant 0.1774 406 301 495 330
pottedplant 0.0467 334 300 489 331
pottedplant 0.0352 91 206 122 227
pottedplant 0.0327 3 61 8 269
sheep 0.1002 2 47 15 282
sheep 0.0605 178 20 285 262
sheep 0.0555 1 26 32 304
sheep 0.0473 92 204 122 225
sofa 0.0324 402 305 492 330
tvmonitor 0.0488 400 301 493 330
