bottle 0.3022 312 242 340 322
bottle 0.2783 99 263 303 366
bottle 0.0528 0 131 19 171
bottle 0.0428 277 85 288 104
chair 0.0546 215 116 514 366
chair 0.0504 458 225 497 369
chair 0.0440 0 160 96 369
diningtable 0.2734 0 262 495 372
diningtable 0.0507 58 341 437 382
diningtable 0.0475 212 266 470 374
dog 0.0499 443 264 497 371
person 0.4319 -4 90 171 368
person 0.3545 104 91 485 285
person 0.1706 0 133 19 173
person 0.1430 128 137 172 181
person 0.1140 1 130 32 211
person 0.0954 0 106 34 353
person 0.0779 366 94 488 359
person 0.0623 0 111 19 313
person 0.0494 312 239 340 314
person 0.0488 458 106 497 376
person 0.0472 153 156 490 326
person 0.0461 117 261 285 362
pottedplant 0.0896 312 80 331 103
pottedplant 0.0534 277 85 288 104
pottedplant 0.0509 317 46 342 96
sofa 0.0727 197 107 501 351
sofa 0.0475 0 262 495 372
