bird 0.0429 165 116 214 161
bottle 0.0507 428 53 457 72
bottle 0.0414 215 126 318 245
bottle 0.0403 478 84 493 328
bottle 0.0370 165 116 214 161
car 0.0895 469 94 495 183
cat 0.0396 165 116 214 161
chair 0.1389 341 112 427 276
chair 0.0913 224 132 309 315
chair 0.0702 324 92 398 144
chair 0.0599 469 94 495 183
chair 0.0509 339 100 429 177
chair 0.0477 141 140 260 301
chair 0.0459 17 205 283 371
chair 0.0380 364 104 428 150
chair 0.0371 378 50 413 80
chair 0.0370 204 122 283 278
diningtable 0.1451 235 134 393 225
diningtable 0.1134 218 127 418 285
diningtable 0.0544 217 128 332 243
diningtable 0.0531 9 185 275 368
diningtable 0.0399 34 179 171 320
dog 0.0574 165 116 214 161
dog 0.0494 145 159 248 312
person 0.6332 145 159 248 312
person 0.4458 169 116 216 162
person 0.3060 216 103 263 156
person 0.2993 342 104 426 267
person 0.2926 357 101 427 193
person 0.2694 220 126 306 280
person 0.1534 468 90 495 176
person 0.1395 462 79 493 309
person 0.0735 139 115 239 249
person 0.0526 494 137 493 328
person 0.0466 159 122 219 184
person 0.0383 493 164 493 318
pottedplant 0.0402 469 94 495 183
sofa 0.0784 322 90 415 146
sofa 0.0492 336 105 425 271
sofa 0.0384 227 132 314 314
tvmonitor 0.2182 346 48 391 77
tvmonitor 0.1530 365 50 411 80
tvmonitor 0.0582 428 53 457 72
tvmonitor 0.0405 469 92 495 179
tvmonitor 0.0405 324 92 398 144
