boat 0.0485 6 268 59 305
bottle 0.0872 326 180 338 197
bottle 0.0662 295 170 315 192
bottle 0.0635 313 271 339 302
bottle 0.0618 310 180 324 196
bottle 0.0593 302 175 320 194
bottle 0.0480 342 109 357 136
bottle 0.0473 270 272 370 371
car 0.0444 295 170 315 192
car 0.0425 1 405 100 496
cat 0.0576 145 205 208 264
cat 0.0543 314 275 343 305
chair 0.1811 269 190 295 265
chair 0.1805 277 189 316 266
chair 0.1304 347 261 370 374
chair 0.1215 267 275 368 375
chair 0.1189 61 237 82 281
chair 0.1073 0 301 166 460
chair 0.0954 352 249 371 309
chair 0.0790 4 268 56 305
chair 0.0744 26 258 81 299
chair 0.0660 351 216 371 279
chair 0.0613 321 185 332 200
chair 0.0603 0 404 95 496
chair 0.0523 310 180 324 196
chair 0.0518 298 177 319 199
chair 0.0494 308 270 374 365
chair 0.0484 272 187 286 206
chair 0.0464 37 233 70 270
chair 0.0451 1 281 12 323
diningtable 0.1697 267 271 368 372
diningtable 0.1026 -1 301 162 459
diningtable 0.0972 292 195 331 268
diningtable 0.0438 22 265 79 300
diningtable 0.0424 293 177 313 199
dog 0.0504 314 275 343 305
person 0.0881 352 256 370 371
person 0.0677 295 174 315 195
person 0.0592 302 175 320 194
person 0.0541 321 181 332 196
person 0.0535 357 250 371 315
person 0.0486 39 194 62 246
pottedplant 0.5103 39 194 62 246
pottedplant 0.3387 293 173 312 196
pottedplant 0.2775 0 134 43 243
pottedplant 0.2070 1 197 37 243
pottedplant 0.1512 321 181 332 196
pottedplant 0.1206 275 181 289 196
pottedplant 0.1085 270 181 282 196
pottedplant 0.1051 342 113 357 139
pottedplant 0.0953 5 124 43 167
pottedplant 0.0708 13 195 59 245
pottedplant 0.0562 3 265 51 307
pottedplant 0.0549 19 137 64 240
pottedplant 0.0522 322 132 335 151
pottedplant 0.0507 317 118 335 142
pottedplant 0.0449 1 277 12 319
pottedplant 0.0429 54 219 76 252
pottedplant 0.0419 324 149 334 166
pottedplant 0.0419 58 230 79 266
sofa 0.0675 0 301 166 460
sofa 0.0644 352 256 370 371
sofa 0.0623 145 205 208 264
sofa 0.0539 351 249 371 316
sofa 0.0471 270 272 370 371
sofa 0.0425 0 404 95 496
tvmonitor 0.7171 145 205 208 264
tvmonitor 0.1650 209 174 232 204
tvmonitor 0.1290 195 182 210 204
tvmonitor 0.1158 228 184 248 209
tvmonitor 0.0654 0 303 166 465
tvmonitor 0.0636 326 180 338 197
tvmonitor 0.0610 0 413 96 495
tvmonitor 0.0534 295 174 315 195
tvmonitor 0.0469 2 209 40 247
tvmonitor 0.0444 302 175 320 194
