aeroplane 0.0216 7 122 26 137
aeroplane 0.0214 30 20 528 304
boat 0.0366 7 122 26 137
boat 0.0265 31 23 527 289
boat 0.0220 31 124 58 147
bottle 0.0730 382 4 401 39
bottle 0.0447 409 3 422 23
bottle 0.0434 406 3 425 34
bottle 0.0379 401 3 414 23
bottle 0.0266 429 0 441 13
bus 0.0821 4 118 22 137
bus 0.0632 31 122 58 144
bus 0.0598 19 125 38 140
bus 0.0503 25 124 47 142
car 0.7360 25 85 493 321
car 0.1110 31 125 58 152
car 0.0943 8 126 26 139
motorbike 0.0210 32 30 526 306
person 0.0418 219 56 229 75
person 0.0380 8 126 26 139
person 0.0349 15 126 34 140
person 0.0301 29 126 53 150
person 0.0291 31 152 42 190
person 0.0242 31 128 50 184
train 0.0363 4 118 22 137
train 0.0348 8 126 26 139
train 0.0274 19 125 38 140
train 0.0245 25 124 47 142
train 0.0239 31 122 58 144
train 0.0206 30 20 528 304
