aeroplane 0.1428 18 226 86 238
aeroplane 0.0487 236 122 431 248
aeroplane 0.0359 217 148 262 169
aeroplane 0.0341 415 204 478 225
aeroplane 0.0322 476 187 495 217
aeroplane 0.0271 3 225 15 238
aeroplane 0.0267 476 199 496 229
aeroplane 0.0264 105 145 255 254
aeroplane 0.0253 491 196 495 233
aeroplane 0.0252 215 143 311 185
aeroplane 0.0246 2 219 16 233
bird 0.0256 -1 337 497 372
bird 0.0235 217 148 262 169
boat 0.5534 236 122 431 248
boat 0.3485 103 116 252 247
boat 0.1127 18 226 86 238
boat 0.1105 204 149 260 168
boat 0.0841 211 149 315 191
boat 0.0750 146 138 287 179
boat 0.0743 200 145 342 207
boat 0.0617 416 208 477 226
boat 0.0488 134 138 314 202
boat 0.0403 477 201 495 233
boat 0.0394 476 183 496 217
boat 0.0332 124 150 145 167
boat 0.0314 133 138 166 167
boat 0.0312 130 148 154 169
boat 0.0312 121 154 147 174
boat 0.0311 132 143 152 162
boat 0.0279 114 156 138 173
boat 0.0277 98 169 139 195
boat 0.0276 80 129 375 259
boat 0.0275 129 99 209 171
boat 0.0270 3 345 492 375
boat 0.0266 125 145 143 161
boat 0.0252 483 205 496 270
boat 0.0245 236 139 368 196
boat 0.0244 3 223 15 235
bus 0.0328 105 160 249 256
bus 0.0307 236 122 431 248
bus 0.0260 18 226 86 238
bus 0.0248 419 204 482 225
bus 0.0243 484 201 494 239
car 0.0399 14 226 74 237
car 0.0392 491 204 495 242
car 0.0342 12 227 45 237
car 0.0313 491 194 495 228
car 0.0306 419 210 482 229
car 0.0257 236 122 431 248
car 0.0254 492 181 495 218
car 0.0240 35 226 100 238
car 0.0234 490 204 497 277
diningtable 0.0239 14 351 481 375
person 0.0251 353 145 368 161
sheep 0.0256 236 122 431 248
sofa 0.0279 3 345 492 375
train 0.0296 233 122 426 253
