bicycle 0.0225 96 154 133 221
bicycle 0.0221 97 174 125 214
bird 0.0855 52 103 67 116
bird 0.0664 95 142 140 217
bird 0.0562 130 96 145 105
bird 0.0335 323 94 376 225
boat 0.0339 130 96 145 105
boat 0.0277 96 154 133 221
boat 0.0230 100 173 129 215
boat 0.0220 52 103 67 116
bottle 0.0270 94 144 136 218
bottle 0.0244 100 173 129 215
bottle 0.0210 100 189 121 211
car 0.0293 130 96 145 105
car 0.0209 93 142 136 216
cat 0.0349 53 101 66 112
cat 0.0230 130 96 145 105
chair 0.0258 96 162 133 220
cow 0.0764 52 103 67 116
cow 0.0491 130 96 145 105
cow 0.0228 457 72 490 258
cow 0.0213 10 187 31 213
cow 0.0208 464 173 483 215
dog 0.0639 93 142 136 216
dog 0.0459 52 103 67 116
horse 0.0394 93 142 136 216
horse 0.0357 52 103 67 116
person 0.7789 323 96 376 227
person 0.7224 93 142 136 216
person 0.0238 332 107 366 170
person 0.0227 107 149 129 170
person 0.0201 52 103 67 116
person 0.0200 97 174 125 214
sheep 0.2283 52 103 67 116
sheep 0.1611 130 96 145 105
sheep 0.0264 11 189 30 217
sheep 0.0217 460 175 481 219
