bicycle 0.0456 0 149 34 362
bottle 0.0584 0 149 34 362
bottle 0.0502 -3 1 116 370
car 0.0523 0 150 35 367
car 0.0515 -3 1 108 370
chair 0.0669 454 275 493 371
chair 0.0471 -2 8 498 363
chair 0.0460 0 0 82 102
diningtable 0.0845 -2 8 498 363
motorbike 0.0819 0 149 34 362
person 0.0496 3 4 38 367
person 0.0472 0 160 34 369
person 0.0466 -2 8 498 363
pottedplant 0.4894 0 43 496 374
pottedplant 0.1787 335 0 496 371
pottedplant 0.1268 90 44 194 175
pottedplant 0.0531 213 100 476 370
pottedplant 0.0513 -1 0 223 371
