aeroplane 0.0818 0 0 496 371
bicycle 0.0999 0 0 496 371
bird 0.0928 207 0 467 372
boat 0.0943 0 0 496 371
bottle 0.1540 444 239 473 295
bottle 0.0693 428 230 488 364
car 0.0772 0 0 496 371
cat 0.1583 208 0 474 372
chair 0.1586 0 0 496 371
cow 0.0946 0 0 496 371
cow 0.0670 146 183 404 369
diningtable 0.0816 0 0 496 371
dog 0.3060 200 0 459 372
dog 0.0727 231 8 349 169
dog 0.0681 214 287 453 371
horse 0.1378 0 0 496 371
horse 0.0861 146 183 404 369
motorbike 0.0729 0 0 496 371
person 0.3726 70 281 135 371
person 0.3618 133 148 237 352
person 0.2700 127 301 188 368
person 0.2418 208 0 474 372
person 0.1126 25 311 87 370
person 0.0990 244 293 469 370
person 0.0949 -3 180 53 372
sofa 0.1725 0 0 496 371
train 0.0786 0 0 496 371
