aeroplane 0.0204 4 109 108 168
aeroplane 0.0202 2 44 103 169
boat 0.2334 4 43 108 170
boat 0.1528 3 122 108 166
boat 0.0739 100 119 145 146
boat 0.0465 94 83 143 153
boat 0.0398 6 113 44 158
boat 0.0323 416 70 485 137
boat 0.0305 5 78 45 170
boat 0.0269 2 93 16 167
boat 0.0264 370 89 437 153
boat 0.0252 60 145 451 349
boat 0.0225 2 60 9 135
boat 0.0214 -1 181 98 266
boat 0.0207 485 70 494 125
boat 0.0200 117 122 175 143
bus 0.0320 58 148 453 352
car 0.8434 61 153 456 359
car 0.0364 -1 181 98 266
car 0.0205 492 69 494 127
car 0.0203 7 121 112 167
chair 0.0300 134 177 182 205
chair 0.0208 -1 175 98 261
motorbike 0.0227 58 148 453 352
person 0.1559 232 168 278 203
person 0.0252 255 171 334 206
person 0.0200 2 96 2 181
person 0.0200 492 66 494 124
train 0.0502 419 62 489 133
train 0.0210 463 60 493 129
train 0.0208 478 64 494 126
