bird 0.0581 3 244 77 314
bottle 0.0734 250 209 268 229
bottle 0.0667 255 208 278 230
bottle 0.0498 263 209 294 234
bottle 0.0495 17 127 56 165
bottle 0.0419 116 76 183 305
bottle 0.0354 99 163 114 192
cat 0.3833 3 244 77 314
chair 0.0754 3 242 77 312
chair 0.0749 -2 183 123 302
chair 0.0494 111 75 181 301
chair 0.0450 17 127 56 165
chair 0.0404 197 192 384 329
chair 0.0389 122 70 248 327
chair 0.0388 -1 133 19 306
chair 0.0379 211 232 448 316
chair 0.0340 259 179 486 327
chair 0.0328 1 138 10 269
cow 0.0378 3 242 77 312
diningtable 0.2573 0 161 128 287
diningtable 0.0350 22 313 473 334
diningtable 0.0332 11 262 484 333
diningtable 0.0323 7 295 488 331
dog 0.1813 3 244 77 314
dog 0.0324 107 76 191 253
horse 0.0383 3 244 77 314
person 0.4817 149 70 252 321
person 0.3940 250 116 495 328
person 0.3243 111 75 181 301
person 0.2496 194 184 356 317
person 0.0714 2 245 77 318
person 0.0692 243 192 354 256
person 0.0674 260 205 320 243
person 0.0647 252 210 274 233
person 0.0459 106 84 186 193
pottedplant 0.0329 253 208 273 230
sheep 0.0410 3 244 77 314
sofa 0.0653 2 245 77 318
sofa 0.0633 -1 169 128 291
sofa 0.0580 11 252 484 332
sofa 0.0358 181 188 485 323
