aeroplane 0.6938 416 116 461 150
aeroplane 0.1676 0 0 496 372
bicycle 0.0611 0 0 496 372
bird 0.0546 415 118 462 152
bird 0.0377 0 0 496 372
boat 0.1292 0 0 496 372
boat 0.0805 2 55 94 340
boat 0.0342 0 48 198 352
boat 0.0336 416 116 461 150
bottle 0.0332 0 0 496 372
bus 0.0497 0 0 496 372
car 0.0814 0 0 496 372
chair 0.0747 0 0 496 372
diningtable 0.0591 0 0 496 372
horse 0.0334 0 0 496 372
motorbike 0.0473 0 0 496 372
person 0.0470 0 0 496 372
pottedplant 0.1018 0 0 496 372
pottedplant 0.0386 1 13 80 223
pottedplant 0.0282 415 118 462 152
sofa 0.0805 0 0 496 372
train 0.0693 0 0 496 372
tvmonitor 0.1009 0 0 496 372
