aeroplane 0.7028 2 66 493 316
aeroplane 0.0781 -9 100 192 294
aeroplane 0.0471 19 117 327 348
bottle 0.0730 0 284 11 374
bottle 0.0559 2 203 9 355
bottle 0.0433 221 263 243 325
bottle 0.0391 0 329 11 376
bus 0.0335 0 142 26 323
car 0.0443 0 151 26 325
car 0.0351 -2 126 122 374
chair 0.0529 0 272 12 374
chair 0.0466 102 311 228 370
chair 0.0452 1 227 10 361
motorbike 0.0401 -8 104 136 373
person 0.7534 286 158 419 371
person 0.6875 1 174 118 373
person 0.6576 107 159 224 370
person 0.0834 2 203 9 355
person 0.0719 1 185 17 356
person 0.0588 0 263 11 371
person 0.0374 0 153 34 335
