bicycle 0.8212 47 113 432 363
bicycle 0.0344 268 121 422 279
bicycle 0.0274 149 167 229 269
bicycle 0.0253 83 135 294 324
boat 0.0402 445 113 495 175
boat 0.0304 0 156 33 180
boat 0.0263 0 130 81 177
bottle 0.1018 49 101 429 358
bottle 0.0640 210 164 308 259
bottle 0.0589 249 189 269 223
bottle 0.0512 137 125 380 311
bottle 0.0292 191 177 218 229
bottle 0.0270 179 181 199 230
bottle 0.0267 192 187 201 214
bottle 0.0265 187 187 206 225
bus 0.0334 5 145 68 179
bus 0.0318 5 156 52 180
bus 0.0303 1 156 25 180
bus 0.0246 5 163 36 185
car 0.0324 2 162 24 186
car 0.0320 10 156 63 179
car 0.0313 8 146 80 178
car 0.0297 2 156 39 180
car 0.0266 285 115 420 245
chair 0.0571 396 166 490 293
chair 0.0390 62 90 394 340
chair 0.0349 210 164 308 259
motorbike 0.1241 274 115 416 250
motorbike 0.0289 48 98 423 355
person 0.0640 274 115 416 250
person 0.0325 252 191 274 221
person 0.0293 196 158 330 266
person 0.0278 176 183 194 217
person 0.0270 270 114 413 175
