bird 0.0286 52 124 99 266
bottle 0.0731 126 25 267 193
bottle 0.0624 278 120 302 174
bottle 0.0552 144 65 218 160
bottle 0.0494 150 80 196 156
bottle 0.0478 105 1 304 276
bottle 0.0443 151 94 180 154
bottle 0.0278 201 30 309 283
bottle 0.0275 195 0 386 371
bus 0.0487 1 120 25 169
bus 0.0318 305 120 409 168
car 0.0465 3 122 30 179
car 0.0319 32 147 56 236
car 0.0283 40 132 64 250
chair 0.0488 73 0 313 371
chair 0.0330 181 0 384 371
dog 0.0399 77 0 316 371
horse 0.0373 69 0 309 371
motorbike 0.0557 77 0 316 371
person 0.7222 52 125 99 268
person 0.6011 -2 120 36 297
person 0.5729 77 0 316 371
person 0.1203 165 0 393 372
person 0.0827 3 120 30 174
person 0.0677 40 135 64 259
person 0.0566 1 124 32 218
person 0.0424 62 140 96 201
person 0.0346 72 100 243 370
person 0.0341 52 124 106 194
person 0.0320 221 18 344 335
person 0.0308 -10 103 14 221
person 0.0284 0 177 19 316
person 0.0281 8 133 72 233
person 0.0278 34 118 93 212
person 0.0275 -2 150 6 309
pottedplant 0.0454 181 0 384 371
pottedplant 0.0278 478 212 494 300
sofa 0.0328 81 0 320 371
tvmonitor 0.0281 3 119 30 170
