aeroplane 0.0307 431 165 501 229
aeroplane 0.0300 0 212 18 241
aeroplane 0.0278 382 215 417 238
aeroplane 0.0258 212 115 329 244
bird 0.0266 26 157 62 196
bird 0.0259 212 115 329 244
boat 0.7130 212 115 329 244
boat 0.4933 9 122 212 254
boat 0.2678 382 215 417 238
boat 0.2476 331 203 390 238
boat 0.0866 431 165 501 229
boat 0.0828 409 205 492 236
boat 0.0800 12 147 107 247
boat 0.0760 109 216 206 248
boat 0.0747 0 212 18 241
boat 0.0727 217 179 325 244
boat 0.0611 100 118 129 136
boat 0.0583 33 117 360 248
boat 0.0577 272 190 332 239
boat 0.0531 465 171 498 224
boat 0.0514 393 168 492 237
boat 0.0497 197 165 259 224
boat 0.0452 97 179 249 244
boat 0.0446 205 174 282 238
boat 0.0421 468 192 495 225
boat 0.0417 139 160 294 229
boat 0.0401 18 197 219 250
boat 0.0400 162 175 263 237
boat 0.0397 0 191 11 238
boat 0.0382 23 154 66 211
boat 0.0367 0 163 27 243
boat 0.0366 226 154 386 246
boat 0.0355 485 203 495 227
boat 0.0353 471 204 492 225
boat 0.0350 483 183 495 223
boat 0.0334 473 212 490 229
boat 0.0319 3 185 39 244
boat 0.0294 153 209 232 244
bottle 0.0297 212 115 329 244
bus 0.0272 0 213 11 241
car 0.0480 0 220 11 245
car 0.0299 491 206 495 229
car 0.0250 492 212 494 235
sheep 0.0332 212 115 329 244
