aeroplane 0.0446 0 64 42 137
bicycle 0.5933 30 79 386 351
bicycle 0.0379 157 91 407 310
bicycle 0.0356 61 87 363 237
bicycle 0.0337 263 98 380 302
bottle 0.0496 238 263 265 318
bottle 0.0469 57 108 78 157
chair 0.1728 350 212 497 369
chair 0.0431 462 181 494 366
chair 0.0413 0 63 42 126
chair 0.0386 335 84 496 369
chair 0.0380 476 196 495 374
chair 0.0329 0 83 191 375
diningtable 0.0475 -1 285 497 372
motorbike 0.0515 30 79 387 357
person 0.0524 408 3 492 368
person 0.0515 453 7 495 364
person 0.0479 482 53 497 365
person 0.0373 493 115 494 320
person 0.0320 491 148 496 346
pottedplant 0.0584 0 81 190 372
pottedplant 0.0443 0 68 50 173
pottedplant 0.0322 -1 14 67 357
sofa 0.2281 349 207 498 369
sofa 0.0325 462 181 494 366
