aeroplane 0.0452 0 37 496 315
bottle 0.0458 474 7 497 113
bottle 0.0368 449 2 491 59
bottle 0.0355 462 -1 494 102
bus 0.0488 1 16 494 313
car 0.7660 0 28 496 315
car 0.0403 4 0 38 26
car 0.0320 99 5 114 52
car 0.0309 90 4 108 42
car 0.0306 126 2 150 54
car 0.0304 83 6 99 50
car 0.0295 3 1 24 55
car 0.0292 135 2 157 44
chair 0.0538 249 8 277 53
chair 0.0370 3 7 39 97
chair 0.0366 170 3 200 57
chair 0.0359 157 3 182 57
chair 0.0345 150 0 173 51
motorbike 0.0531 0 7 495 306
person 0.5437 4 -1 45 93
person 0.4785 109 -1 136 78
person 0.4124 71 2 96 83
person 0.3524 43 2 69 87
person 0.3177 173 0 204 52
person 0.0810 98 5 115 41
person 0.0806 139 5 161 66
person 0.0781 91 6 107 50
person 0.0720 5 0 36 57
person 0.0710 76 8 91 48
person 0.0685 4 0 38 26
person 0.0549 43 7 61 49
person 0.0443 39 4 65 37
person 0.0385 248 5 277 51
person 0.0377 454 1 493 55
person 0.0360 467 0 496 36
person 0.0313 474 7 497 113
person 0.0298 491 139 496 279
pottedplant 0.0338 1 0 33 22
pottedplant 0.0289 156 -1 182 43
train 0.0325 1 16 494 313
