bottle 0.0836 58 167 84 226
chair 0.0591 4 209 86 379
chair 0.0517 77 103 241 336
diningtable 0.1918 0 202 371 496
diningtable 0.0956 -1 349 374 498
diningtable 0.0471 70 216 260 333
diningtable 0.0435 7 461 365 503
diningtable 0.0430 38 188 292 409
person 0.7109 217 43 289 303
person 0.4685 82 96 242 321
person 0.4017 48 105 100 202
person 0.3936 308 5 373 396
person 0.2126 284 24 339 338
person 0.1943 2 129 94 358
person 0.1072 290 18 344 118
person 0.0930 333 -5 372 250
person 0.0727 339 0 371 73
person 0.0701 285 13 355 200
person 0.0591 34 150 91 243
person 0.0570 330 1 369 127
person 0.0447 155 77 280 270
person 0.0444 237 49 374 509
person 0.0418 369 6 371 185
person 0.0403 5 110 102 252
person 0.0396 60 167 123 218
pottedplant 0.1946 63 278 185 498
pottedplant 0.0412 183 289 357 495
sofa 0.0583 80 103 244 336
tvmonitor 0.0424 63 278 185 498
