bird 0.1846 406 0 494 256
bird 0.0644 418 27 444 68
bottle 0.7554 112 66 180 295
bottle 0.0441 412 -4 497 240
cat 0.1407 412 -6 497 238
cat 0.0623 211 0 455 330
cat 0.0515 -10 -1 84 24
cat 0.0417 420 28 449 67
cow 0.0501 413 -4 495 245
dog 0.6608 211 0 448 329
dog 0.1330 412 -1 496 248
dog 0.0382 418 27 444 68
dog 0.0310 -10 -1 84 19
horse 0.0575 412 -1 496 248
motorbike 0.0346 117 67 181 302
person 0.0811 406 -1 495 253
person 0.0648 213 0 461 330
person 0.0382 112 66 180 295
person 0.0377 418 27 444 68
pottedplant 0.0377 112 66 180 295
pottedplant 0.0334 406 -3 495 240
sheep 0.0822 408 1 493 260
sheep 0.0394 115 65 183 296
sheep 0.0385 -10 -1 84 19
sheep 0.0341 418 27 444 68
sofa 0.0487 212 0 470 330
