aeroplane 0.0373 8 130 42 153
aeroplane 0.0265 49 111 79 125
aeroplane 0.0254 -1 76 75 137
aeroplane 0.0248 212 150 228 186
aeroplane 0.0214 469 152 486 172
aeroplane 0.0213 151 195 188 287
bicycle 0.0545 213 158 227 187
bicycle 0.0539 150 225 181 292
bicycle 0.0308 197 216 213 253
bird 0.1047 197 213 213 246
bird 0.0871 151 195 188 287
bird 0.0414 212 154 227 187
bird 0.0383 149 267 166 291
bird 0.0309 164 198 182 225
bird 0.0256 160 198 185 255
bird 0.0213 158 205 219 288
boat 0.0462 53 114 82 128
boat 0.0406 150 211 187 294
boat 0.0277 149 241 175 288
boat 0.0275 197 216 213 253
boat 0.0251 8 130 42 153
boat 0.0215 219 158 415 230
boat 0.0208 449 110 491 173
boat 0.0202 212 154 227 187
bottle 0.0309 213 158 227 187
bottle 0.0261 150 225 181 292
bus 0.0262 462 141 486 172
bus 0.0261 53 114 82 128
bus 0.0257 220 162 414 231
bus 0.0208 399 149 424 164
car 0.6368 217 158 410 231
car 0.0468 425 152 445 165
car 0.0453 469 152 486 172
car 0.0384 399 149 424 164
car 0.0371 212 150 228 186
car 0.0315 53 114 82 128
car 0.0282 342 156 410 209
car 0.0233 12 134 45 155
car 0.0203 364 158 404 178
chair 0.0224 150 211 187 294
chair 0.0216 217 159 229 187
cow 0.0309 150 225 181 292
cow 0.0249 197 215 213 249
cow 0.0210 212 150 228 186
dog 0.0560 151 195 188 287
dog 0.0318 197 213 213 246
dog 0.0241 212 154 227 187
horse 0.0653 152 224 186 292
horse 0.0544 212 154 227 187
horse 0.0393 197 216 213 253
motorbike 0.0569 213 158 227 187
motorbike 0.0273 150 211 187 294
motorbike 0.0219 217 158 410 231
person 0.6083 151 195 188 287
person 0.4417 212 150 228 186
person 0.0688 197 213 213 246
person 0.0466 163 200 183 235
person 0.0382 469 152 486 172
person 0.0284 148 263 167 290
person 0.0220 275 163 352 190
person 0.0217 53 114 82 128
pottedplant 0.0265 197 213 213 246
pottedplant 0.0255 213 158 227 187
pottedplant 0.0238 53 114 82 128
pottedplant 0.0224 455 100 493 166
pottedplant 0.0202 8 134 42 155
sheep 0.0286 149 231 181 292
sheep 0.0278 197 215 213 249
train 0.0203 150 211 187 294
