aeroplane 0.0432 6 0 113 18
aeroplane 0.0393 2 -1 148 40
aeroplane 0.0325 405 2 496 57
bicycle 0.0511 45 2 310 62
bird 0.0353 0 69 19 98
boat 0.0349 405 2 496 57
boat 0.0338 0 0 160 44
bottle 0.0424 0 69 19 94
car 0.6485 55 65 495 317
car 0.0880 -5 51 313 289
car 0.0626 119 50 212 81
car 0.0496 0 69 19 98
car 0.0455 1 1 48 10
car 0.0427 49 62 219 147
car 0.0413 98 94 170 142
car 0.0352 6 0 113 18
car 0.0351 465 64 499 162
car 0.0343 431 71 462 144
car 0.0340 452 73 480 142
car 0.0338 6 3 82 34
car 0.0338 16 0 104 7
chair 0.1022 2 258 86 331
chair 0.0343 0 200 72 332
cow 0.0341 0 69 19 98
dog 0.0354 0 69 19 98
horse 0.0364 0 69 19 98
motorbike 0.0395 465 77 498 226
motorbike 0.0326 119 50 212 81
person 0.5794 431 71 462 144
person 0.5557 0 170 89 330
person 0.4444 384 62 422 142
person 0.3804 466 66 498 190
person 0.3143 324 66 342 97
person 0.2794 341 75 364 114
person 0.2334 363 76 381 118
person 0.2272 0 55 73 211
person 0.1747 0 69 19 98
person 0.1284 6 56 67 148
person 0.0946 451 74 481 151
person 0.0850 0 65 19 134
person 0.0673 1 55 17 185
person 0.0652 100 100 153 141
person 0.0586 4 169 14 332
person 0.0566 476 66 496 112
person 0.0560 475 58 496 313
person 0.0503 4 181 7 283
person 0.0498 439 71 461 113
person 0.0491 478 67 494 91
person 0.0471 3 173 8 271
person 0.0403 2 57 94 308
person 0.0392 2 150 16 278
person 0.0382 3 126 31 286
person 0.0362 0 77 49 289
pottedplant 0.0322 0 69 19 94
