boat 0.0508 216 103 333 242
boat 0.0335 24 90 267 317
bottle 0.0569 445 -1 495 242
bus 0.0604 24 90 267 317
bus 0.0376 451 6 497 323
car 0.2484 31 132 268 323
car 0.0783 81 112 194 145
car 0.0782 217 103 332 247
car 0.0531 148 134 261 294
car 0.0339 209 92 347 159
chair 0.1902 209 92 347 159
chair 0.1793 217 103 333 237
chair 0.0662 105 112 233 191
chair 0.0488 444 232 496 331
chair 0.0343 402 215 491 327
chair 0.0336 54 112 214 170
chair 0.0329 79 113 189 143
diningtable 0.0335 217 103 333 237
diningtable 0.0302 211 93 345 163
person 0.7638 260 114 509 330
person 0.0667 482 142 497 286
person 0.0622 458 10 497 319
person 0.0559 0 97 18 233
person 0.0484 1 78 32 251
person 0.0417 439 192 469 226
person 0.0410 439 183 477 244
person 0.0405 492 187 495 325
person 0.0393 459 183 497 328
person 0.0391 430 166 495 325
person 0.0375 438 232 494 331
person 0.0365 476 65 495 279
person 0.0348 491 90 495 265
sofa 0.0572 212 90 345 156
sofa 0.0427 215 103 334 232
train 0.0378 24 90 267 317
train 0.0342 218 104 338 251
train 0.0299 450 9 497 257
tvmonitor 0.0445 217 103 333 237
tvmonitor 0.0422 451 11 496 276
tvmonitor 0.0353 84 111 223 145
