bicycle 0.0300 483 239 496 302
bottle 0.0376 483 244 496 303
bottle 0.0312 490 226 496 303
bottle 0.0248 4 235 6 282
car 0.0252 490 250 496 302
chair 0.1530 1 154 72 305
chair 0.0956 385 201 469 328
chair 0.0828 107 268 279 355
chair 0.0641 5 140 53 261
chair 0.0585 483 211 496 301
chair 0.0572 490 244 496 302
chair 0.0566 232 309 325 372
chair 0.0515 137 306 359 375
chair 0.0394 18 152 422 336
chair 0.0345 430 204 494 301
chair 0.0345 386 134 507 337
chair 0.0300 491 177 495 299
chair 0.0262 1 164 10 283
chair 0.0253 3 222 7 278
chair 0.0252 28 265 318 369
diningtable 0.0570 107 271 279 357
diningtable 0.0341 11 301 359 380
person 0.0392 15 160 426 357
person 0.0359 490 239 496 302
person 0.0314 491 183 495 299
person 0.0306 120 268 272 355
person 0.0278 7 100 43 271
person 0.0272 3 223 1 289
pottedplant 0.0399 120 268 272 355
pottedplant 0.0352 490 226 496 303
pottedplant 0.0328 476 208 495 298
pottedplant 0.0253 7 100 43 271
sheep 0.0256 490 250 496 302
sofa 0.7233 22 157 427 349
sofa 0.0481 120 268 272 355
sofa 0.0387 27 236 468 375
sofa 0.0351 137 306 359 375
tvmonitor 0.0306 250 5 346 132
