aeroplane 0.1042 92 427 138 451
aeroplane 0.0626 12 0 359 496
aeroplane 0.0512 166 1 287 494
bird 0.2167 171 401 212 468
bird 0.0650 92 431 139 453
bird 0.0565 166 1 287 494
bird 0.0325 252 430 259 447
boat 0.6702 170 89 283 476
boat 0.5372 92 427 138 451
boat 0.1547 12 0 359 496
boat 0.0695 93 429 108 441
boat 0.0692 166 402 206 468
boat 0.0629 129 437 143 448
boat 0.0603 90 434 99 444
boat 0.0531 89 300 135 452
boat 0.0466 172 -1 357 435
boat 0.0404 163 406 185 463
boat 0.0339 117 -1 271 435
boat 0.0339 84 434 93 444
bottle 0.0675 168 1 291 494
bus 0.0447 92 427 138 451
bus 0.0364 12 0 359 496
car 0.0553 92 427 138 451
dog 0.0345 168 401 209 468
person 0.0770 171 401 212 468
person 0.0688 255 430 262 447
person 0.0595 244 429 250 448
person 0.0550 238 430 244 447
person 0.0512 233 429 238 448
person 0.0501 226 428 232 449
person 0.0331 209 423 226 454
person 0.0302 230 420 235 434
pottedplant 0.0290 5 0 331 495
sheep 0.0698 166 1 287 494
sheep 0.0479 92 431 139 453
sheep 0.0442 168 401 209 468
train 0.0523 12 0 359 496
train 0.0445 92 427 138 451
train 0.0431 166 1 281 495
