bottle 0.1096 108 478 122 493
bottle 0.0985 101 478 118 494
bottle 0.0575 74 486 110 493
car 0.0382 36 372 194 497
cat 0.6637 145 180 225 275
cat 0.0404 151 178 179 215
chair 0.3569 33 372 191 498
chair 0.2160 199 175 283 414
chair 0.1576 73 379 286 498
chair 0.0877 197 185 279 270
chair 0.0752 145 176 225 273
chair 0.0710 145 469 313 495
chair 0.0699 136 411 293 497
chair 0.0560 160 483 345 496
chair 0.0552 117 271 313 497
chair 0.0506 136 159 276 406
chair 0.0500 13 360 123 501
chair 0.0411 58 486 108 494
chair 0.0395 97 483 115 495
chair 0.0376 104 483 120 495
chair 0.0374 117 484 130 495
chair 0.0370 111 483 125 495
diningtable 0.2081 42 265 287 496
diningtable 0.0604 32 372 187 497
diningtable 0.0576 138 477 326 494
diningtable 0.0572 148 484 364 495
dog 0.0909 145 180 225 275
person 0.0551 108 478 122 493
person 0.0464 96 121 129 257
pottedplant 0.5566 96 121 129 257
pottedplant 0.0870 129 170 142 223
pottedplant 0.0831 115 142 144 235
sofa 0.0999 36 372 194 497
sofa 0.0598 67 380 280 497
sofa 0.0520 145 180 225 275
tvmonitor 0.0853 356 174 372 282
tvmonitor 0.0514 2 349 64 498
tvmonitor 0.0456 29 366 183 496
tvmonitor 0.0431 145 180 225 275
tvmonitor 0.0413 96 121 129 257
