aeroplane 0.0295 35 37 523 329
bicycle 0.3275 46 223 253 330
bicycle 0.0729 6 215 427 327
bicycle 0.0295 33 156 524 329
bicycle 0.0250 41 144 274 326
boat 0.0329 33 2 525 328
boat 0.0280 5 252 491 327
bottle 0.0259 115 306 169 330
bottle 0.0216 66 4 264 326
bus 0.0228 2 102 71 228
car 0.0227 0 253 4 311
chair 0.0291 84 2 285 328
chair 0.0227 33 2 525 328
motorbike 0.0224 45 224 247 329
person 0.6545 66 4 264 326
person 0.0295 137 27 319 313
person 0.0233 115 306 169 330
person 0.0229 2 74 16 255
person 0.0229 2 135 8 246
person 0.0228 0 248 4 311
person 0.0226 1 233 3 305
person 0.0222 -1 76 51 254
person 0.0219 1 127 2 244
sofa 0.0241 60 3 263 326
sofa 0.0229 33 2 525 328
