bicycle 0.7803 113 173 374 333
bicycle 0.0421 154 224 348 318
bird 0.0290 11 0 46 8
bird 0.0273 466 3 496 71
boat 0.0289 6 0 36 8
bottle 0.0470 69 0 105 12
bottle 0.0456 372 9 428 59
bottle 0.0447 115 169 379 332
bottle 0.0439 34 0 70 8
bottle 0.0437 11 0 46 8
bottle 0.0429 50 0 85 8
bottle 0.0408 467 1 496 68
bottle 0.0370 84 0 121 12
bottle 0.0337 207 255 279 298
bottle 0.0321 243 256 275 297
bottle 0.0317 251 264 267 299
bottle 0.0310 100 1 137 16
bottle 0.0305 205 262 250 291
bottle 0.0297 243 265 260 298
bottle 0.0278 163 246 277 296
bottle 0.0274 211 267 229 286
car 0.0505 5 0 45 12
cat 0.0423 466 3 496 71
chair 0.0786 2 236 196 328
chair 0.0372 0 230 96 323
chair 0.0325 2 150 188 330
chair 0.0282 12 0 53 7
chair 0.0269 5 0 51 16
chair 0.0269 145 237 311 306
chair 0.0256 461 0 495 64
chair 0.0254 3 0 31 7
dog 0.0422 466 3 496 71
dog 0.0335 375 9 432 60
dog 0.0252 11 0 46 8
person 0.8080 161 35 358 330
person 0.1202 375 9 432 60
person 0.0989 69 0 105 12
person 0.0947 41 0 87 11
person 0.0925 7 0 50 12
person 0.0818 467 1 496 68
person 0.0750 85 1 128 16
person 0.0618 104 1 140 16
person 0.0535 411 1 490 63
person 0.0475 109 2 167 21
person 0.0389 273 0 378 48
person 0.0385 117 0 222 28
person 0.0366 251 264 267 299
person 0.0322 235 268 251 295
person 0.0309 138 0 271 34
person 0.0301 198 1 312 37
person 0.0297 258 274 276 310
person 0.0291 481 4 499 326
person 0.0289 211 268 229 295
person 0.0274 219 270 236 293
person 0.0272 453 1 495 328
person 0.0266 226 267 245 295
pottedplant 0.0418 6 0 36 8
pottedplant 0.0389 16 0 57 7
pottedplant 0.0292 50 0 85 8
