aeroplane 0.0263 2 157 8 214
boat 0.0333 2 157 8 214
boat 0.0217 49 74 399 281
bus 0.0371 53 74 403 282
bus 0.0258 2 157 8 214
car 0.7893 54 75 403 285
car 0.0738 2 157 8 214
chair 0.0272 2 157 8 214
cow 0.0250 2 172 8 220
horse 0.0297 2 172 8 220
motorbike 0.0255 2 165 9 211
person 0.1139 242 111 284 151
person 0.0537 210 105 253 146
person 0.0500 189 112 212 139
person 0.0408 1 154 4 217
person 0.0384 2 175 9 222
person 0.0308 2 166 2 247
person 0.0299 275 115 314 147
person 0.0283 3 101 8 228
pottedplant 0.0263 2 157 8 214
sheep 0.0314 2 172 8 220
train 0.0218 2 157 8 214
