bottle 0.0902 58 400 125 493
bottle 0.0578 69 198 96 264
bottle 0.0504 62 385 121 461
bottle 0.0475 333 198 348 258
car 0.0631 0 87 372 494
chair 0.0550 0 71 372 495
dog 0.0468 42 398 123 495
person 0.6193 153 93 370 495
person 0.5007 8 145 187 498
person 0.4840 1 182 30 289
person 0.4245 27 174 74 289
person 0.4245 269 93 365 284
person 0.3158 70 195 96 260
person 0.1348 333 198 348 258
person 0.1340 272 104 369 484
person 0.0745 1 181 24 228
person 0.0636 42 398 123 495
person 0.0630 5 181 96 439
person 0.0593 28 179 50 222
person 0.0550 369 157 370 299
person 0.0476 364 172 370 386
person 0.0467 0 104 325 492
person 0.0462 2 168 35 412
person 0.0447 357 191 371 405
person 0.0429 345 187 372 472
person 0.0412 369 208 370 466
sofa 0.0964 0 71 372 495
sofa 0.0470 1 175 182 499
sofa 0.0417 0 285 371 491
