aeroplane 0.0436 -1 0 497 371
bicycle 0.0745 -1 0 497 371
boat 0.0464 -1 0 497 371
bottle 0.1430 275 59 399 107
bottle 0.0853 208 46 451 167
bottle 0.0765 219 63 377 115
bottle 0.0674 212 58 307 120
bottle 0.0493 234 55 362 93
bottle 0.0448 163 286 191 343
bottle 0.0413 188 74 314 139
bottle 0.0403 -1 0 497 371
bottle 0.0400 177 28 482 237
car 0.0691 -1 0 497 371
car 0.0466 165 287 196 347
car 0.0398 326 0 497 91
chair 0.0819 -1 0 497 371
diningtable 0.0618 -1 0 497 371
dog 0.0414 -1 0 497 371
horse 0.0452 -1 0 497 371
motorbike 0.0899 -1 0 497 371
person 0.3517 145 58 497 372
person 0.0396 186 27 488 250
pottedplant 0.0736 386 182 491 365
pottedplant 0.0549 -1 0 497 371
pottedplant 0.0443 305 158 494 365
sofa 0.0688 -1 0 497 371
train 0.0465 -1 0 497 371
tvmonitor 0.0552 373 5 496 173
