bicycle 0.0774 450 79 473 127
bicycle 0.0716 390 339 464 372
bottle 0.0487 329 199 346 237
bottle 0.0459 -4 54 109 364
bottle 0.0458 391 344 462 372
bottle 0.0360 450 79 473 127
bottle 0.0341 0 86 26 167
car 0.0566 1 91 25 168
cat 0.0418 328 200 347 240
chair 0.6733 323 179 436 321
chair 0.2207 214 170 280 242
chair 0.1565 109 201 229 311
chair 0.1442 389 345 458 371
chair 0.0692 0 191 127 362
chair 0.0691 119 256 148 290
chair 0.0645 443 335 466 369
chair 0.0642 76 241 177 305
chair 0.0555 -15 187 230 372
chair 0.0550 441 358 468 370
chair 0.0509 298 203 337 302
chair 0.0495 379 162 420 232
chair 0.0445 376 175 423 290
chair 0.0432 295 244 332 303
chair 0.0432 439 29 478 124
chair 0.0427 449 70 475 125
chair 0.0381 1 92 31 167
chair 0.0380 328 200 347 240
chair 0.0375 391 161 416 192
diningtable 0.0754 390 339 464 372
dog 0.0607 328 200 347 240
horse 0.0345 214 170 280 242
motorbike 0.0367 450 79 473 127
person 0.1727 -1 67 27 157
person 0.0660 329 199 346 237
person 0.0511 121 255 147 286
person 0.0443 448 61 475 122
person 0.0439 0 191 127 362
person 0.0377 439 29 478 124
pottedplant 0.1697 383 76 424 119
pottedplant 0.0816 390 339 464 372
pottedplant 0.0771 449 70 475 125
pottedplant 0.0533 0 196 112 356
pottedplant 0.0448 379 67 436 180
pottedplant 0.0409 439 29 478 124
pottedplant 0.0343 445 326 464 367
sofa 0.4872 214 170 280 242
sofa 0.1499 100 197 231 309
sofa 0.1155 -13 186 235 366
sofa 0.0844 76 241 177 305
sofa 0.0801 320 176 433 318
sofa 0.0417 373 161 418 233
sofa 0.0402 1 188 126 358
sofa 0.0346 341 155 420 251
tvmonitor 0.0432 8 84 65 158
tvmonitor 0.0388 1 94 31 171
