bicycle 0.0226 2 155 15 180
boat 0.0369 1 150 10 174
boat 0.0266 385 153 492 207
bottle 0.0290 1 150 10 174
bottle 0.0256 221 159 235 183
bottle 0.0243 230 160 241 181
bottle 0.0240 400 172 414 205
bottle 0.0214 452 204 465 226
bus 0.0486 385 154 492 210
bus 0.0420 1 150 10 174
bus 0.0215 10 147 31 165
car 0.0767 1 150 10 174
chair 0.0213 1 153 10 177
cow 0.0444 385 154 492 210
cow 0.0252 1 150 10 174
horse 0.0296 1 158 10 190
motorbike 0.0303 1 153 10 177
motorbike 0.0218 1 159 10 194
person 0.0695 0 157 10 185
person 0.0598 230 160 241 181
person 0.0539 397 171 410 205
person 0.0530 452 204 465 226
person 0.0411 247 158 256 183
person 0.0401 253 161 264 181
person 0.0363 261 160 273 181
person 0.0342 385 154 492 210
person 0.0319 4 0 22 19
person 0.0286 375 164 394 200
person 0.0249 161 139 263 191
person 0.0245 18 2 39 17
person 0.0244 272 149 293 181
person 0.0240 436 164 489 201
person 0.0238 466 168 490 197
person 0.0238 457 167 483 198
person 0.0226 202 148 332 218
person 0.0223 259 148 306 194
person 0.0216 281 151 299 179
person 0.0204 157 132 345 233
person 0.0203 375 157 394 185
pottedplant 0.0224 1 153 10 177
sheep 0.0226 1 154 10 181
train 0.7389 22 109 395 280
train 0.5747 385 154 492 210
train 0.0437 3 151 14 173
train 0.0403 378 97 484 227
train 0.0321 466 167 490 192
train 0.0267 10 143 39 163
train 0.0221 382 163 401 196
