aeroplane 0.0590 416 0 493 66
bicycle 0.1027 0 0 496 374
bottle 0.0620 0 0 496 374
car 0.1122 0 0 496 374
chair 0.1412 0 0 496 374
chair 0.1315 413 223 495 373
chair 0.0833 333 218 497 372
chair 0.0705 342 210 395 245
chair 0.0674 23 197 472 376
cow 0.1117 0 0 300 302
diningtable 0.0943 0 0 496 374
dog 0.1336 2 -1 281 310
dog 0.0700 0 0 496 374
horse 0.0825 -6 0 423 373
motorbike 0.1297 0 0 496 374
person 0.1670 0 0 496 374
person 0.1100 -25 185 404 382
person 0.0661 9 124 236 372
pottedplant 0.0622 0 0 496 374
sheep 0.0906 0 2 284 247
sofa 0.1069 0 0 496 374
sofa 0.0656 23 197 472 376
