bird 0.7301 168 76 295 242
bird 0.1022 227 0 275 38
bird 0.0922 268 117 290 149
bird 0.0684 97 220 132 286
bird 0.0584 159 1 266 37
bird 0.0515 244 0 329 44
bird 0.0501 91 215 146 317
bird 0.0311 35 215 155 328
bird 0.0305 254 98 350 163
bird 0.0254 190 322 219 330
bottle 0.0248 285 177 498 329
cat 0.0413 232 0 278 33
cat 0.0288 156 1 261 37
cow 0.0395 227 0 275 38
cow 0.0299 190 0 281 43
diningtable 0.0251 278 177 498 329
dog 0.0720 231 0 279 38
dog 0.0428 182 0 281 43
dog 0.0314 227 0 314 43
horse 0.0303 231 0 279 38
horse 0.0253 197 0 282 43
person 0.0554 231 0 279 38
person 0.0374 187 0 276 38
person 0.0346 149 1 252 37
person 0.0280 -1 0 13 74
person 0.0280 268 117 290 149
person 0.0264 194 323 222 329
pottedplant 0.1919 277 182 498 329
pottedplant 0.1630 258 0 494 329
sheep 0.0556 227 0 275 38
sheep 0.0319 159 1 266 37
sheep 0.0255 230 0 327 44
