aeroplane 0.1207 2 126 39 145
aeroplane 0.0502 117 115 143 133
aeroplane 0.0490 385 196 414 216
aeroplane 0.0478 416 183 446 200
aeroplane 0.0371 483 195 495 217
aeroplane 0.0368 396 175 442 201
aeroplane 0.0357 385 160 437 205
aeroplane 0.0259 455 191 478 204
aeroplane 0.0229 491 201 495 241
boat 0.1959 2 126 39 145
boat 0.1048 383 148 433 205
boat 0.0856 117 115 143 133
boat 0.0538 416 183 446 200
boat 0.0495 385 193 414 213
boat 0.0376 404 133 450 202
boat 0.0257 490 195 496 217
boat 0.0251 33 128 71 138
boat 0.0244 21 130 67 141
boat 0.0223 287 132 434 216
boat 0.0215 491 201 495 234
boat 0.0201 492 200 494 247
bus 0.1182 411 182 443 201
bus 0.1033 389 175 426 201
bus 0.0956 118 112 143 131
bus 0.0903 386 190 413 211
bus 0.0562 2 126 39 145
bus 0.0423 490 195 496 217
bus 0.0392 68 206 108 241
bus 0.0262 454 189 478 200
bus 0.0234 447 189 470 200
bus 0.0231 170 152 183 167
car 0.6704 68 206 108 241
car 0.3820 117 115 143 133
car 0.3565 385 196 414 216
car 0.2959 170 152 183 167
car 0.1937 2 126 39 145
car 0.1683 423 187 446 201
car 0.1525 479 195 493 216
car 0.0893 459 194 481 206
car 0.0384 178 125 192 135
car 0.0285 193 125 208 134
car 0.0259 201 126 215 134
car 0.0214 493 193 494 290
chair 0.0283 2 126 39 145
chair 0.0225 117 115 143 133
chair 0.0222 385 196 414 216
chair 0.0218 490 197 496 221
cow 0.0247 117 115 143 133
diningtable 0.0568 0 150 495 368
motorbike 0.0543 385 199 414 218
motorbike 0.0327 67 209 108 242
motorbike 0.0277 479 197 493 220
motorbike 0.0218 414 190 440 204
motorbike 0.0216 401 192 429 208
motorbike 0.0204 168 155 180 168
person 0.0527 386 186 413 209
person 0.0509 383 193 410 213
person 0.0420 490 197 496 221
person 0.0408 419 190 443 203
person 0.0383 479 197 493 220
person 0.0374 398 189 432 205
person 0.0368 416 183 446 200
person 0.0228 117 115 143 133
pottedplant 0.0231 385 199 414 218
pottedplant 0.0213 490 199 496 225
sheep 0.0399 2 126 39 145
sheep 0.0379 117 115 143 133
sheep 0.0268 385 199 414 218
train 0.0675 385 160 437 205
train 0.0665 117 115 143 133
train 0.0561 409 177 445 200
train 0.0519 385 193 414 213
train 0.0437 2 126 39 145
train 0.0212 293 142 428 223
tvmonitor 0.0202 117 115 143 133
