bird 0.0657 1 290 8 400
bottle 0.0623 1 285 7 397
car 0.0665 0 -14 372 463
cat 0.0536 1 290 8 400
chair 0.1380 0 113 371 491
chair 0.1189 0 155 38 277
chair 0.0980 0 162 37 426
chair 0.0520 10 125 144 237
cow 0.0491 189 131 269 184
diningtable 0.1961 0 76 371 497
dog 0.6492 101 284 235 460
dog 0.0802 189 131 269 184
dog 0.0702 1 290 8 400
dog 0.0509 6 176 365 522
horse 0.0504 0 292 8 405
person 0.1069 1 285 7 397
person 0.0759 0 116 372 542
person 0.0739 0 162 37 426
person 0.0529 0 283 9 493
sheep 0.0573 189 136 269 186
sheep 0.0560 0 292 8 405
sofa 0.1868 0 113 371 491
sofa 0.0620 61 272 310 473
tvmonitor 0.0622 6 5 54 123
