bottle 0.0672 377 0 485 39
bottle 0.0468 419 1 497 53
chair 0.0626 196 1 494 329
chair 0.0409 90 166 530 331
diningtable 0.0561 1 1 494 330
person 0.4127 330 30 493 331
person 0.3734 226 121 457 324
person 0.3726 -1 57 98 330
person 0.3314 161 177 279 331
person 0.2829 45 77 262 331
person 0.0891 196 1 494 329
person 0.0723 372 0 467 38
person 0.0671 362 0 414 39
person 0.0507 376 0 493 165
person 0.0468 464 1 499 329
person 0.0438 23 121 182 334
person 0.0406 54 99 480 330
person 0.0384 412 1 504 329
person 0.0383 480 30 499 342
pottedplant 0.0459 145 1 482 330
pottedplant 0.0444 317 12 451 167
pottedplant 0.0391 232 10 489 154
sofa 0.0626 136 123 484 327
