bicycle 0.0260 16 0 372 182
bird 0.1595 15 35 121 143
bird 0.0530 14 17 214 124
bird 0.0403 205 40 336 121
bird 0.0351 16 0 372 182
bird 0.0254 208 53 223 74
boat 0.0412 16 0 372 182
bottle 0.0258 16 0 372 182
cat 0.0662 207 42 340 128
cat 0.0393 16 35 120 140
cat 0.0319 16 0 372 182
chair 0.0465 16 0 372 182
cow 0.0896 207 42 340 128
cow 0.0461 15 35 121 143
cow 0.0361 310 29 391 152
diningtable 0.0378 16 0 372 182
dog 0.1313 207 42 340 128
dog 0.0653 15 35 121 143
dog 0.0248 173 42 374 174
horse 0.0630 15 35 121 143
horse 0.0500 205 41 335 124
horse 0.0259 310 29 391 152
person 0.0321 16 0 372 182
pottedplant 0.0507 16 0 372 182
sheep 0.1639 205 40 336 121
sheep 0.0765 15 35 121 143
sheep 0.0301 310 29 391 152
sheep 0.0261 17 25 205 128
sofa 0.0297 16 0 372 182
tvmonitor 0.0301 16 0 372 182
