bottle 0.0629 427 172 474 205
bottle 0.0380 452 150 481 170
bottle 0.0377 471 150 492 170
car 0.0503 0 0 496 331
cat 0.1008 384 257 494 318
cat 0.0373 160 169 406 333
chair 0.0694 0 0 496 331
cow 0.0814 0 0 496 331
cow 0.0398 161 170 412 333
dog 0.6086 161 170 412 333
dog 0.3935 -1 3 349 244
dog 0.1495 384 257 494 318
dog 0.0532 330 241 500 324
dog 0.0478 235 246 454 329
horse 0.0950 0 0 496 331
motorbike 0.0450 0 0 496 331
person 0.0747 0 0 496 331
person 0.0368 383 261 494 324
sheep 0.0400 391 259 494 321
sofa 0.0836 0 0 496 331
sofa 0.0436 38 154 457 344
sofa 0.0374 0 4 340 243
train 0.0390 0 0 496 331
tvmonitor 0.4779 304 -4 402 126
tvmonitor 0.1072 230 0 375 128
