aeroplane 0.0349 115 40 183 62
aeroplane 0.0234 16 2 73 7
aeroplane 0.0204 100 38 144 58
aeroplane 0.0202 105 46 139 62
bottle 0.0525 60 194 107 290
bus 0.0608 111 37 180 60
bus 0.0420 249 35 277 49
bus 0.0408 164 38 198 58
bus 0.0367 234 35 261 49
bus 0.0355 102 42 150 60
bus 0.0345 221 35 243 49
bus 0.0266 203 34 229 50
bus 0.0221 183 37 209 53
car 0.8998 59 50 460 396
car 0.4047 115 40 183 62
car 0.1398 164 38 198 58
car 0.1080 251 38 275 51
car 0.0531 201 38 224 52
car 0.0371 0 63 11 83
car 0.0367 21 58 67 76
car 0.0349 101 69 120 83
car 0.0299 60 65 107 81
car 0.0262 2 57 39 76
car 0.0260 285 36 304 48
car 0.0250 16 2 73 7
car 0.0218 491 46 495 81
car 0.0212 439 18 478 52
car 0.0211 490 40 496 75
motorbike 0.0216 100 46 129 62
person 0.0561 281 81 324 133
person 0.0262 164 38 198 58
person 0.0261 102 46 135 62
person 0.0240 234 42 253 54
person 0.0238 227 41 244 54
person 0.0230 249 42 269 54
person 0.0229 184 40 209 56
person 0.0228 241 42 261 53
person 0.0226 257 42 276 53
train 0.0223 115 36 184 60
train 0.0210 249 35 277 49
