car 0.0564 0 1 495 370
cat 0.0521 249 31 316 100
chair 0.1423 397 171 496 293
chair 0.0977 0 1 495 370
chair 0.0500 189 64 493 354
chair 0.0492 320 76 385 166
diningtable 0.0580 -3 293 500 371
dog 0.0732 249 31 316 100
person 0.5823 187 78 487 363
person 0.2097 -11 57 311 372
person 0.1015 397 169 496 290
person 0.0942 1 110 49 325
person 0.0906 7 12 222 312
person 0.0612 482 30 498 341
person 0.0608 194 50 409 274
person 0.0605 5 2 490 316
person 0.0575 464 16 499 355
person 0.0529 425 9 499 362
person 0.0501 0 168 496 367
sofa 0.1473 0 1 495 370
sofa 0.1177 397 171 496 293
