bird 0.0205 493 110 493 192
boat 0.0326 41 194 70 208
boat 0.0247 20 157 444 289
boat 0.0219 428 22 496 108
boat 0.0212 493 110 493 192
boat 0.0202 493 107 493 184
bottle 0.0252 493 110 493 192
bottle 0.0235 494 81 493 177
bus 0.0242 21 160 443 291
car 0.7567 20 157 444 289
car 0.0736 180 154 205 165
car 0.0450 41 194 70 208
car 0.0348 77 182 113 197
car 0.0254 205 155 235 164
car 0.0225 493 110 493 192
car 0.0215 493 107 493 184
car 0.0207 446 211 486 241
chair 0.0245 493 109 493 188
chair 0.0226 446 211 486 241
chair 0.0224 493 95 493 179
chair 0.0207 427 26 497 203
person 0.0328 493 110 493 192
person 0.0308 493 107 493 184
person 0.0211 491 199 495 237
person 0.0203 493 39 493 185
pottedplant 0.0653 427 26 497 203
pottedplant 0.0520 412 112 443 190
pottedplant 0.0444 493 95 493 179
pottedplant 0.0429 493 109 493 188
pottedplant 0.0266 477 32 494 197
sheep 0.0245 41 194 70 208
sheep 0.0221 35 197 62 210
tvmonitor 0.0307 434 18 498 156
