bicycle 0.0281 259 250 344 418
chair 0.7906 259 259 345 422
chair 0.7891 45 256 132 418
chair 0.7838 133 275 249 468
chair 0.2528 169 242 207 268
chair 0.2037 266 244 291 289
chair 0.1975 254 239 297 365
chair 0.1781 83 241 123 347
chair 0.1569 87 244 114 282
chair 0.1379 99 246 155 366
chair 0.0990 140 257 241 355
chair 0.0773 226 245 249 265
chair 0.0766 159 248 222 317
chair 0.0735 129 235 153 252
chair 0.0575 142 243 163 260
chair 0.0532 53 249 88 323
chair 0.0506 154 243 175 259
chair 0.0498 112 241 135 262
chair 0.0458 59 252 82 289
chair 0.0415 75 247 259 365
chair 0.0371 48 253 71 319
chair 0.0366 318 261 339 343
chair 0.0329 133 252 313 399
chair 0.0306 311 264 334 356
diningtable 0.2746 136 269 256 461
diningtable 0.2046 56 249 261 425
diningtable 0.0889 166 250 303 416
diningtable 0.0664 259 250 344 418
diningtable 0.0592 95 252 345 462
diningtable 0.0589 207 252 279 376
diningtable 0.0484 135 258 259 370
diningtable 0.0456 45 256 132 418
diningtable 0.0380 268 243 294 290
diningtable 0.0358 172 241 209 268
diningtable 0.0335 240 238 288 359
diningtable 0.0298 257 239 294 342
diningtable 0.0288 82 241 130 371
sofa 0.0457 259 259 345 422
sofa 0.0382 45 256 132 418
sofa 0.0379 170 238 206 265
sofa 0.0285 56 249 261 425
tvmonitor 0.0430 170 238 206 265
