bicycle 0.0317 0 0 112 395
bird 0.0389 1 45 126 387
bottle 0.3836 345 267 391 327
bottle 0.0292 1 0 127 395
cat 0.7877 103 85 400 322
cat 0.0284 345 267 391 327
chair 0.0514 1 0 118 396
chair 0.0477 100 75 395 320
chair 0.0297 354 3 492 392
chair 0.0278 18 10 477 335
diningtable 0.0321 50 30 445 327
dog 0.0249 106 89 404 324
horse 0.0262 0 0 112 395
motorbike 0.0327 1 0 127 395
motorbike 0.0267 345 267 391 327
person 0.0692 1 0 127 395
person 0.0385 420 1 496 394
person 0.0375 345 267 391 327
person 0.0333 479 8 500 387
person 0.0290 51 39 381 356
pottedplant 0.0440 0 0 112 395
sheep 0.0292 346 264 391 325
sofa 0.0334 36 16 459 335
sofa 0.0248 0 0 105 395
tvmonitor 0.0305 101 85 394 322
