bicycle 0.0312 0 137 168 368
bird 0.0295 1 137 173 369
bottle 0.0427 0 134 173 366
bottle 0.0402 0 225 10 327
chair 0.0432 0 134 168 366
cow 0.1786 163 14 487 356
diningtable 0.0520 0 134 168 366
dog 0.1845 159 14 484 357
horse 0.1151 163 14 487 356
person 0.0330 0 200 11 312
person 0.0329 86 11 480 360
pottedplant 0.4432 0 134 173 366
pottedplant 0.1167 2 333 86 372
pottedplant 0.1038 242 94 269 166
pottedplant 0.0491 0 326 18 373
pottedplant 0.0434 109 110 158 196
pottedplant 0.0399 2 92 157 279
pottedplant 0.0399 94 82 174 295
pottedplant 0.0343 85 124 152 276
pottedplant 0.0343 195 115 229 168
pottedplant 0.0321 211 116 245 167
pottedplant 0.0305 0 220 11 327
pottedplant 0.0305 18 357 141 372
pottedplant 0.0298 191 131 217 163
sheep 0.0411 159 14 484 357
sheep 0.0301 94 -1 237 139
train 0.0317 169 13 497 357
tvmonitor 0.0325 0 135 160 365
