bottle 0.0208 98 10 147 45
car 0.0224 102 9 159 46
car 0.0219 492 207 494 240
cow 0.0386 12 198 45 269
cow 0.0239 -11 291 217 335
dog 0.0316 0 287 237 334
horse 0.0399 9 200 41 273
person 0.0520 11 199 39 268
person 0.0404 303 87 324 115
person 0.0385 312 96 331 128
person 0.0359 311 88 333 115
person 0.0353 320 88 339 114
person 0.0283 271 65 294 95
person 0.0261 286 82 310 111
person 0.0243 278 79 302 113
person 0.0222 268 76 297 116
person 0.0215 -5 295 189 337
sheep 0.0247 11 198 39 264
sheep 0.0226 1 295 236 337
train 0.8561 5 7 451 318
