aeroplane 0.0486 31 0 527 371
bicycle 0.0631 -1 0 497 371
bird 0.0443 440 361 492 373
boat 0.0508 31 0 527 371
bottle 0.0583 440 361 492 373
car 0.1265 -1 0 497 371
car 0.0592 444 361 495 373
cat 0.0534 444 361 495 373
cat 0.0521 116 117 308 306
chair 0.1630 -1 0 497 371
chair 0.0481 444 361 495 373
cow 0.0510 -1 0 497 371
diningtable 0.0988 -1 0 497 371
dog 0.5413 116 117 308 306
dog 0.0737 -1 0 497 371
dog 0.0597 73 112 438 318
dog 0.0479 440 361 492 373
horse 0.0729 -1 0 497 371
motorbike 0.0645 -1 0 497 371
person 0.1383 -1 0 497 371
person 0.0822 229 -1 274 27
person 0.0771 9 0 48 20
person 0.0690 440 361 492 373
person 0.0591 29 0 59 14
person 0.0586 422 0 478 61
person 0.0578 120 117 311 306
person 0.0535 403 2 443 52
pottedplant 0.0563 287 0 356 37
pottedplant 0.0496 440 361 492 373
sheep 0.0454 440 361 492 373
sofa 0.1938 -1 0 497 371
sofa 0.0469 42 116 452 325
train 0.0769 31 0 527 371
tvmonitor 0.0475 31 0 527 371
