aeroplane 0.1238 400 300 414 311
bicycle 0.0282 400 300 414 311
bird 0.0894 100 261 138 326
bird 0.0862 275 267 321 327
bird 0.0743 400 300 414 311
bird 0.0478 280 198 339 331
bird 0.0286 58 165 123 330
bird 0.0274 311 153 371 329
boat 0.0338 400 300 414 311
bottle 0.0599 100 261 138 326
bottle 0.0262 80 160 103 188
car 0.0261 258 147 284 277
car 0.0260 242 151 268 268
car 0.0257 251 149 275 269
cat 0.1022 105 262 138 326
cat 0.0856 275 267 321 327
cat 0.0283 61 254 136 328
chair 0.0424 61 254 136 328
chair 0.0374 100 261 138 326
cow 0.0779 275 267 321 327
cow 0.0619 100 261 138 326
cow 0.0285 283 187 345 330
dog 0.3852 275 267 321 327
dog 0.2108 100 258 138 324
dog 0.0560 280 198 339 331
dog 0.0359 307 209 359 332
dog 0.0266 58 165 123 330
horse 0.0652 100 258 138 324
horse 0.0591 275 267 321 327
horse 0.0451 285 178 342 328
horse 0.0317 58 165 123 330
horse 0.0296 314 120 375 322
horse 0.0259 61 254 136 328
person 0.6606 59 168 123 331
person 0.6407 215 151 256 277
person 0.5137 261 149 289 280
person 0.3111 311 149 371 328
person 0.2330 284 151 313 284
person 0.1592 285 178 342 328
person 0.1385 82 161 107 192
person 0.1166 66 160 116 246
person 0.0967 100 261 138 326
person 0.0767 262 158 280 236
person 0.0725 90 178 116 257
person 0.0586 275 267 321 327
person 0.0521 226 164 253 231
person 0.0421 236 168 258 209
person 0.0407 222 157 250 207
person 0.0403 294 29 396 342
person 0.0300 91 223 130 318
person 0.0297 106 238 131 303
person 0.0257 291 128 336 249
pottedplant 0.0413 400 300 414 311
pottedplant 0.0305 462 64 493 172
pottedplant 0.0285 434 63 490 173
sheep 0.1139 275 267 321 327
sheep 0.0911 100 261 138 326
sheep 0.0419 108 248 136 311
sheep 0.0350 276 226 335 332
sheep 0.0289 59 255 131 327
