aeroplane 0.0482 10 219 30 234
aeroplane 0.0454 475 228 496 278
aeroplane 0.0276 287 214 370 261
aeroplane 0.0271 62 214 104 233
aeroplane 0.0256 261 219 296 240
bicycle 0.0477 143 231 165 261
boat 0.0649 8 218 26 234
boat 0.0387 185 217 248 264
boat 0.0345 287 214 370 261
boat 0.0269 62 214 104 233
boat 0.0255 475 228 496 278
bottle 0.0525 142 223 166 260
bottle 0.0343 8 221 25 237
bus 0.0744 256 219 293 240
bus 0.0631 10 219 30 234
bus 0.0579 231 202 263 227
bus 0.0573 67 212 107 230
bus 0.0495 239 218 263 235
bus 0.0466 475 228 496 278
bus 0.0426 488 178 498 269
bus 0.0412 275 219 304 241
bus 0.0341 185 214 248 263
bus 0.0339 286 212 371 259
bus 0.0339 489 157 497 243
bus 0.0336 487 229 498 277
bus 0.0328 206 207 234 222
bus 0.0272 7 199 35 231
bus 0.0263 352 214 369 228
bus 0.0255 46 213 82 228
car 0.7491 185 217 248 264
car 0.7313 287 214 370 261
car 0.3997 261 219 296 240
car 0.3737 475 228 496 278
car 0.3020 62 214 104 233
car 0.1674 142 223 166 260
car 0.1556 245 220 266 238
car 0.1307 8 218 26 234
car 0.1104 352 214 370 233
car 0.0949 146 219 161 235
car 0.0657 173 218 188 229
car 0.0601 199 210 234 231
car 0.0472 127 216 141 231
car 0.0416 117 215 136 232
car 0.0410 107 216 129 231
car 0.0380 490 157 497 249
cat 0.0384 0 6 495 159
diningtable 0.0253 0 6 495 159
motorbike 0.1594 142 223 166 260
motorbike 0.0654 476 233 496 278
motorbike 0.0449 287 214 370 261
motorbike 0.0332 11 221 30 237
motorbike 0.0287 280 220 307 244
motorbike 0.0260 185 217 248 264
motorbike 0.0258 262 221 295 242
person 0.1232 142 223 166 260
person 0.0923 8 221 25 237
person 0.0456 288 220 316 245
person 0.0408 487 233 498 278
person 0.0407 235 218 253 235
person 0.0393 352 214 369 228
person 0.0393 226 213 245 228
person 0.0393 476 233 496 278
person 0.0372 245 220 266 238
person 0.0367 488 190 498 274
person 0.0366 328 213 361 229
person 0.0349 340 215 365 244
person 0.0341 206 207 234 222
person 0.0339 248 220 279 238
person 0.0334 233 212 255 229
person 0.0323 261 219 296 240
person 0.0265 72 214 109 232
person 0.0261 491 230 495 310
pottedplant 0.0476 142 223 166 260
pottedplant 0.0440 8 221 25 237
sheep 0.0330 185 217 248 264
sheep 0.0254 476 233 496 278
train 0.0366 8 218 26 234
train 0.0311 261 219 296 240
train 0.0284 475 228 496 278
train 0.0242 488 178 498 269
tvmonitor 0.0538 0 8 496 169
