aeroplane 0.0299 139 53 301 275
aeroplane 0.0256 168 72 327 215
aeroplane 0.0227 206 70 289 258
aeroplane 0.0220 167 71 257 258
bicycle 0.0237 189 89 306 291
bicycle 0.0234 167 71 257 258
bicycle 0.0220 177 92 232 236
boat 0.0674 345 0 462 58
boat 0.0473 0 1 174 125
boat 0.0341 168 72 327 215
boat 0.0288 206 70 289 258
boat 0.0257 99 46 397 221
boat 0.0227 136 57 296 271
bottle 0.0230 345 0 462 58
bus 0.0303 168 72 327 215
bus 0.0248 206 70 289 258
bus 0.0232 99 46 397 221
car 0.0374 168 72 327 215
car 0.0325 206 70 289 258
car 0.0299 0 1 182 125
cow 0.0379 268 121 390 285
cow 0.0282 176 100 381 286
cow 0.0237 177 95 247 280
dog 0.0250 275 124 391 287
horse 0.4367 175 109 390 286
horse 0.0637 174 97 250 283
horse 0.0357 184 117 224 196
motorbike 0.0258 202 82 308 287
person 0.2469 211 76 299 283
person 0.1518 227 85 284 232
person 0.0473 184 117 224 196
person 0.0467 167 71 257 258
person 0.0340 174 122 352 289
person 0.0313 89 40 406 221
person 0.0288 179 100 230 244
person 0.0250 263 123 388 287
person 0.0246 216 165 333 283
person 0.0227 169 91 239 191
person 0.0215 133 54 362 155
sheep 0.0339 0 1 174 125
train 0.0387 99 46 397 221
train 0.0374 168 72 327 215
train 0.0259 206 70 289 258
train 0.0257 133 52 362 152
train 0.0249 136 57 296 271
