aeroplane 0.0821 207 96 241 105
aeroplane 0.0594 223 96 255 104
aeroplane 0.0566 225 127 269 150
aeroplane 0.0391 2 104 24 114
aeroplane 0.0295 90 95 240 112
aeroplane 0.0286 178 97 238 103
aeroplane 0.0254 -1 103 497 368
aeroplane 0.0226 336 94 353 101
aeroplane 0.0215 303 97 332 104
aeroplane 0.0213 81 99 117 108
aeroplane 0.0205 11 101 61 112
bicycle 0.0229 -1 103 497 368
bird 0.0915 -1 103 497 368
bird 0.0411 225 127 269 150
bird 0.0369 211 96 244 105
bird 0.0334 234 97 261 104
bird 0.0268 235 114 261 134
bird 0.0223 265 135 276 147
bird 0.0208 255 117 270 131
bird 0.0205 235 107 260 117
boat 0.3993 225 127 269 150
boat 0.2049 214 96 249 104
boat 0.1402 234 97 261 104
boat 0.1392 98 95 241 112
boat 0.1234 244 97 266 103
boat 0.1112 303 97 332 104
boat 0.0938 331 94 351 102
boat 0.0830 289 97 315 103
boat 0.0796 150 97 251 104
boat 0.0781 282 98 307 103
boat 0.0715 245 106 265 118
boat 0.0673 2 104 24 114
boat 0.0514 260 98 298 103
boat 0.0429 7 104 50 114
boat 0.0367 -1 103 497 368
boat 0.0358 76 103 138 110
boat 0.0343 81 99 117 108
boat 0.0327 11 101 61 112
boat 0.0308 55 100 205 113
boat 0.0269 55 101 96 111
bottle 0.0336 -1 103 497 368
bottle 0.0201 225 127 269 150
bus 0.0515 225 127 269 150
car 0.0384 225 127 269 150
car 0.0232 248 130 277 146
car 0.0201 207 96 241 105
cat 0.0484 -1 107 497 369
diningtable 0.0306 -1 103 497 368
dog 0.0213 -1 107 497 369
person 0.0384 231 120 272 146
person 0.0289 -1 107 497 369
pottedplant 0.1077 -1 103 497 368
sheep 0.0283 225 127 269 150
sheep 0.0233 -1 107 497 369
sheep 0.0204 338 97 352 104
train 0.0385 225 127 269 150
