aeroplane 0.0304 13 124 107 143
aeroplane 0.0276 276 140 304 152
aeroplane 0.0259 296 142 316 151
aeroplane 0.0250 73 131 171 146
aeroplane 0.0249 106 135 178 147
aeroplane 0.0237 249 155 387 201
bird 0.0276 142 326 181 330
bird 0.0265 124 327 183 329
bird 0.0221 89 327 125 330
bird 0.0207 109 327 167 330
boat 0.0463 13 124 107 143
boat 0.0291 4 240 429 323
boat 0.0259 106 135 178 147
boat 0.0249 276 140 304 152
boat 0.0247 249 155 387 201
boat 0.0240 69 133 160 145
boat 0.0239 84 323 137 329
boat 0.0222 296 142 316 151
bottle 0.0232 148 326 199 330
bus 0.0618 267 140 298 153
bus 0.0497 296 142 316 151
bus 0.0482 285 141 310 152
bus 0.0259 249 156 387 203
bus 0.0234 321 146 338 152
car 0.8290 249 155 387 201
car 0.1560 270 140 302 153
car 0.1418 297 145 315 153
car 0.0361 280 153 355 177
car 0.0264 249 159 340 191
car 0.0260 306 156 353 174
car 0.0243 113 135 179 148
car 0.0238 1 110 3 141
car 0.0234 286 157 318 173
car 0.0234 16 127 111 145
car 0.0220 266 158 323 182
car 0.0220 142 326 181 330
chair 0.0255 297 145 315 153
chair 0.0248 277 144 303 154
chair 0.0239 306 145 321 152
chair 0.0204 313 146 330 152
cow 0.0207 302 145 318 153
motorbike 0.0406 249 155 387 201
motorbike 0.0342 302 145 318 153
motorbike 0.0280 272 143 300 154
person 0.0754 302 145 318 153
person 0.0505 277 144 303 154
person 0.0407 338 156 352 168
person 0.0327 335 152 347 161
person 0.0228 327 158 363 186
person 0.0200 134 326 182 330
pottedplant 0.0523 148 326 199 330
pottedplant 0.0517 140 323 190 329
pottedplant 0.0476 134 326 182 330
pottedplant 0.0248 302 145 318 153
pottedplant 0.0230 153 327 256 329
pottedplant 0.0215 87 323 127 329
train 0.0319 16 127 111 145
train 0.0314 265 137 300 151
train 0.0217 290 141 314 152
