bicycle 0.0707 475 218 497 270
bicycle 0.0348 258 179 331 292
bottle 0.2332 32 206 48 240
bottle 0.1000 156 134 176 178
bottle 0.0567 349 152 365 183
bottle 0.0528 315 149 344 180
bottle 0.0505 0 201 18 246
bottle 0.0433 350 168 364 191
bottle 0.0427 1 190 10 233
bottle 0.0419 484 156 495 262
bottle 0.0376 266 182 330 294
bottle 0.0315 494 103 492 216
cat 0.0320 156 134 176 178
chair 0.7756 328 215 487 372
chair 0.5835 84 203 154 350
chair 0.4687 11 236 85 363
chair 0.3699 260 182 328 294
chair 0.2866 243 176 291 277
chair 0.1230 -2 272 29 374
chair 0.1065 -2 208 29 357
chair 0.1035 298 186 346 290
chair 0.0753 445 215 495 372
chair 0.0556 474 224 497 275
chair 0.0531 0 207 25 269
chair 0.0449 0 203 18 249
chair 0.0448 315 152 344 182
chair 0.0424 475 216 496 378
chair 0.0364 240 168 293 197
chair 0.0363 492 217 495 377
chair 0.0360 32 208 48 243
diningtable 0.3240 266 182 330 294
diningtable 0.1310 17 229 94 353
diningtable 0.0649 323 209 478 367
diningtable 0.0522 243 176 291 277
diningtable 0.0424 66 204 141 348
diningtable 0.0404 4 220 61 333
diningtable 0.0326 -1 214 35 361
motorbike 0.0441 475 218 497 270
person 0.0760 -1 210 28 308
person 0.0517 32 206 48 240
person 0.0478 17 229 94 353
person 0.0430 156 134 176 178
person 0.0375 0 199 11 243
person 0.0370 490 192 496 273
person 0.0366 481 222 497 272
person 0.0364 271 181 332 290
person 0.0357 315 149 344 180
person 0.0317 54 203 129 338
pottedplant 0.1343 156 134 176 178
pottedplant 0.0822 475 218 497 270
pottedplant 0.0774 477 177 495 270
pottedplant 0.0348 32 206 48 240
pottedplant 0.0322 494 103 492 216
pottedplant 0.0320 0 201 18 246
sofa 0.0857 324 212 483 371
sofa 0.0729 12 231 85 357
sofa 0.0429 260 182 328 294
sofa 0.0419 445 215 495 372
sofa 0.0405 84 203 154 350
tvmonitor 0.1891 315 149 344 180
tvmonitor 0.0770 349 146 365 179
tvmonitor 0.0375 491 158 495 260
tvmonitor 0.0360 156 134 176 178
tvmonitor 0.0341 494 98 492 226
