bicycle 0.0555 113 236 276 391
bicycle 0.0277 167 231 274 349
bird 0.0299 191 60 297 185
boat 0.0327 271 140 327 206
boat 0.0308 303 24 321 48
bottle 0.1534 67 274 92 322
bottle 0.0560 19 274 107 354
bottle 0.0372 217 250 250 300
bottle 0.0265 227 283 276 344
bus 0.0891 301 14 323 44
bus 0.0312 317 15 328 43
bus 0.0290 285 22 302 44
bus 0.0286 318 25 327 48
bus 0.0268 325 23 331 51
car 0.1004 299 20 320 45
car 0.0794 279 22 298 44
car 0.0563 291 27 307 46
car 0.0545 252 20 293 45
car 0.0376 325 23 331 51
car 0.0353 329 34 331 63
car 0.0320 231 57 273 101
car 0.0299 271 140 327 206
car 0.0262 242 33 293 72
chair 0.0287 76 11 193 101
chair 0.0268 90 21 168 138
dog 0.0291 14 281 92 354
motorbike 0.4313 113 236 276 391
motorbike 0.0435 195 245 262 327
motorbike 0.0317 208 262 280 350
person 0.3469 99 187 232 339
person 0.0468 300 24 319 48
person 0.0392 204 245 253 312
person 0.0375 285 26 302 46
person 0.0371 296 26 313 47
person 0.0355 291 27 307 46
person 0.0351 314 20 326 45
person 0.0329 63 273 91 323
person 0.0305 231 57 273 101
pottedplant 0.0279 271 140 327 206
train 0.0360 302 19 322 46
