bottle 0.0451 178 229 208 323
bottle 0.0381 167 322 211 365
bottle 0.0339 286 256 303 308
bottle 0.0332 138 357 169 371
cat 0.0328 50 226 172 327
cat 0.0264 307 230 470 370
chair 0.4902 308 231 469 373
chair 0.1038 446 256 494 373
chair 0.0328 491 255 495 368
chair 0.0323 178 229 208 323
chair 0.0249 476 286 495 377
chair 0.0235 412 307 489 374
chair 0.0221 446 338 494 373
diningtable 0.0222 305 227 471 367
person 0.0236 181 229 211 323
person 0.0216 306 228 464 367
pottedplant 0.0346 286 256 303 308
sofa 0.3026 308 231 469 373
sofa 0.0324 446 256 494 373
sofa 0.0285 50 226 172 327
tvmonitor 0.7898 50 226 172 338
tvmonitor 0.0640 178 229 208 323
tvmonitor 0.0240 454 259 493 375
tvmonitor 0.0236 181 229 205 277
tvmonitor 0.0223 57 315 173 372
tvmonitor 0.0206 -7 -6 316 62
