aeroplane 0.0224 0 170 11 184
boat 0.0546 0 167 17 182
boat 0.0338 1 144 17 185
boat 0.0241 460 141 495 167
bus 0.0724 0 167 17 182
bus 0.0368 456 144 492 184
bus 0.0313 3 144 23 185
bus 0.0307 0 145 10 183
bus 0.0259 435 135 498 246
bus 0.0242 19 167 38 182
bus 0.0219 8 146 33 183
bus 0.0216 27 166 45 183
bus 0.0207 454 148 493 211
car 0.0796 1 171 16 183
car 0.0379 216 103 247 117
car 0.0235 460 144 495 174
car 0.0203 271 97 317 127
person 0.0898 269 98 319 131
person 0.0270 1 173 16 185
person 0.0226 0 170 5 189
person 0.0216 1 170 3 200
person 0.0207 243 103 275 116
train 0.6982 22 90 457 289
train 0.0740 0 167 17 182
train 0.0482 336 117 447 268
train 0.0398 455 143 493 180
train 0.0370 441 137 499 248
train 0.0323 1 144 17 185
train 0.0284 22 166 43 183
train 0.0255 177 113 450 267
train 0.0222 26 157 55 182
train 0.0217 17 146 48 182
tvmonitor 0.0220 0 170 11 184
tvmonitor 0.0211 -1 2 35 56
