boat 0.0500 348 351 374 401
boat 0.0428 0 0 371 323
boat 0.0404 7 80 76 290
bottle 0.6144 154 224 223 450
bottle 0.2724 227 279 244 317
bottle 0.0572 93 429 201 495
bottle 0.0395 169 220 196 251
bottle 0.0381 90 477 135 494
bottle 0.0325 83 461 165 494
bottle 0.0319 303 34 373 320
bottle 0.0293 -1 274 232 486
bottle 0.0290 306 333 352 364
car 0.0375 348 351 374 401
chair 0.0363 348 351 374 401
chair 0.0293 3 287 163 489
diningtable 0.1041 1 271 370 497
diningtable 0.0515 8 388 363 506
diningtable 0.0319 155 228 227 476
diningtable 0.0301 3 288 168 488
motorbike 0.0364 154 225 223 457
person 0.0769 227 273 244 315
person 0.0431 224 254 240 304
pottedplant 0.0976 306 333 352 364
pottedplant 0.0587 117 1 201 57
pottedplant 0.0538 227 273 244 315
pottedplant 0.0467 348 312 369 378
pottedplant 0.0328 155 224 227 450
sheep 0.0298 154 224 223 450
tvmonitor 0.4141 303 36 372 333
tvmonitor 0.0632 3 288 168 488
tvmonitor 0.0340 247 130 317 334
