bird 0.0342 43 1 248 319
boat 0.0632 402 211 499 310
boat 0.0362 -1 65 44 255
boat 0.0309 395 262 498 319
car 0.0350 463 177 493 228
cat 0.0396 34 1 234 319
cow 0.2220 336 102 440 313
cow 0.2199 42 0 241 319
cow 0.0822 463 177 493 228
cow 0.0487 395 121 506 314
cow 0.0299 434 150 466 194
dog 0.4232 34 1 234 319
dog 0.0338 337 102 439 318
horse 0.5852 336 102 440 313
horse 0.1830 38 1 238 319
horse 0.0553 395 121 506 314
horse 0.0482 462 178 493 232
person 0.0640 42 0 241 319
person 0.0296 463 177 493 228
person 0.0254 492 170 495 286
sheep 0.0776 34 1 234 319
train 0.0536 462 176 493 225
train 0.0393 410 201 499 310
train 0.0296 337 102 439 318
