bicycle 0.0319 157 380 495 498
bottle 0.0348 2 238 9 444
bottle 0.0327 64 130 102 193
chair 0.0943 400 323 477 477
chair 0.0594 3 208 8 436
chair 0.0584 135 178 417 489
chair 0.0554 1 311 10 489
chair 0.0501 157 216 287 489
chair 0.0417 0 392 12 501
chair 0.0371 166 333 502 498
chair 0.0364 68 131 104 192
person 0.5448 154 174 421 493
person 0.2860 158 208 293 482
person 0.0364 3 208 8 436
sofa 0.0718 130 160 422 484
sofa 0.0336 157 216 287 489
tvmonitor 0.1233 68 131 104 192
tvmonitor 0.0978 117 179 319 323
tvmonitor 0.0810 133 188 303 424
tvmonitor 0.0711 2 257 9 433
tvmonitor 0.0428 102 165 388 447
tvmonitor 0.0383 3 170 8 426
tvmonitor 0.0350 3 50 8 233
