bicycle 0.6171 84 226 192 425
bicycle 0.5756 157 361 331 492
bicycle 0.0735 204 420 272 489
bicycle 0.0528 4 338 367 500
bird 0.0760 340 28 371 131
bird 0.0635 345 24 371 79
bird 0.0531 328 80 371 297
bird 0.0445 334 2 371 493
bird 0.0366 20 16 52 112
boat 0.0354 345 26 372 86
bottle 0.0579 20 19 52 115
bottle 0.0550 229 447 264 492
bottle 0.0410 332 73 372 281
bottle 0.0354 83 224 193 420
bottle 0.0347 218 420 287 489
bottle 0.0311 181 406 301 487
cat 0.0475 332 79 372 291
cow 0.0529 327 75 372 294
cow 0.0405 344 27 372 93
cow 0.0359 340 29 371 138
dog 0.1119 332 73 372 281
dog 0.0532 340 33 371 157
dog 0.0457 20 16 52 112
dog 0.0383 334 2 371 493
dog 0.0359 345 24 371 79
horse 0.0611 327 74 372 288
horse 0.0380 340 32 371 151
horse 0.0336 329 2 370 493
person 0.8347 153 201 340 496
person 0.8325 77 91 199 358
person 0.7495 192 28 261 210
person 0.4126 333 27 371 257
person 0.1609 20 16 52 112
person 0.1198 340 32 371 151
person 0.0722 329 2 370 493
person 0.0575 369 36 371 248
person 0.0543 370 33 370 236
person 0.0524 370 43 370 257
person 0.0455 349 0 373 495
person 0.0449 345 26 372 86
person 0.0350 370 65 370 266
person 0.0337 228 448 260 491
person 0.0330 368 39 371 152
person 0.0311 277 1 369 494
sheep 0.0578 345 24 371 79
sheep 0.0521 327 74 372 288
sheep 0.0357 340 27 371 124
