aeroplane 0.0329 39 0 519 330
bicycle 0.0648 39 0 519 330
bicycle 0.0302 263 72 332 142
bird 0.0334 39 0 519 330
boat 0.0382 39 0 519 330
bottle 0.0523 263 72 332 142
bottle 0.0308 326 93 450 158
bottle 0.0277 260 17 336 150
car 0.0448 263 72 332 142
car 0.0343 439 0 493 12
car 0.0328 21 0 474 330
chair 0.0601 21 0 474 330
cow 0.0281 39 0 519 330
diningtable 0.0274 0 133 496 331
dog 0.0376 46 0 316 329
horse 0.0575 39 0 519 330
motorbike 0.0819 263 72 332 142
motorbike 0.0577 39 0 519 330
person 0.7256 51 0 327 330
person 0.0929 239 0 327 147
person 0.0872 259 72 329 142
person 0.0402 65 3 344 118
person 0.0301 442 0 490 7
person 0.0273 0 129 496 330
pottedplant 0.0289 39 0 519 330
sheep 0.0389 248 88 489 329
sofa 0.0429 21 0 474 330
train 0.0317 39 0 519 330
