bicycle 0.0420 173 227 203 331
bicycle 0.0258 178 218 204 276
bird 0.0623 7 328 35 377
bird 0.0248 184 220 204 259
bird 0.0216 168 216 203 311
bottle 0.2163 174 230 203 334
bottle 0.0958 178 218 204 276
bottle 0.0646 120 197 210 344
bottle 0.0241 8 334 34 379
bottle 0.0215 110 156 208 465
car 0.0241 113 192 205 349
car 0.0221 169 231 202 333
cat 0.0429 7 328 35 377
cat 0.0377 184 220 204 259
cat 0.0293 177 226 205 324
chair 0.0266 120 197 210 344
chair 0.0257 153 227 200 338
chair 0.0248 174 216 203 279
chair 0.0237 184 220 204 259
chair 0.0212 157 204 202 291
cow 0.0334 5 328 32 378
cow 0.0258 175 218 202 269
cow 0.0236 173 225 203 325
dog 0.0595 173 222 203 320
dog 0.0590 7 328 35 377
dog 0.0487 184 220 204 259
dog 0.0297 153 227 200 338
dog 0.0295 118 192 211 342
horse 0.0226 5 328 32 378
motorbike 0.0492 173 225 203 325
person 0.7650 111 165 207 494
person 0.0710 169 226 203 331
person 0.0665 120 197 210 344
person 0.0547 180 219 203 261
person 0.0402 8 334 34 379
person 0.0230 112 222 171 343
person 0.0203 122 223 161 311
pottedplant 0.0291 177 226 205 324
pottedplant 0.0256 180 219 203 261
pottedplant 0.0223 171 242 200 346
pottedplant 0.0209 169 213 203 282
sheep 0.0563 5 328 32 378
sheep 0.0388 173 225 203 325
sheep 0.0280 183 221 205 265
