bird 0.0363 183 207 241 292
bird 0.0329 0 198 12 238
bird 0.0280 270 137 303 276
bird 0.0267 316 155 350 280
bottle 0.0423 325 162 348 202
bottle 0.0344 325 155 365 304
bottle 0.0311 315 153 351 276
bottle 0.0281 325 92 420 332
bottle 0.0250 272 138 301 245
bus 0.0273 328 96 418 368
car 0.0331 223 130 272 242
car 0.0306 277 150 297 180
car 0.0295 319 131 387 293
car 0.0270 258 128 300 267
car 0.0267 200 132 295 228
car 0.0260 315 153 351 276
car 0.0253 319 161 348 204
car 0.0237 325 92 420 332
chair 0.0299 183 209 241 296
chair 0.0239 319 140 379 301
chair 0.0238 149 194 237 294
chair 0.0236 320 180 346 284
cow 0.0238 -1 199 19 242
dog 0.0325 183 207 241 292
dog 0.0274 316 155 350 280
dog 0.0235 317 160 350 222
horse 0.0267 183 207 241 292
person 0.7133 225 127 285 285
person 0.6854 331 96 421 369
person 0.6845 137 133 194 307
person 0.5089 316 155 350 280
person 0.4218 183 209 241 296
person 0.3415 268 140 304 278
person 0.1063 188 138 236 274
person 0.0828 317 160 350 222
person 0.0785 325 162 348 202
person 0.0486 276 148 298 205
person 0.0481 187 144 222 233
person 0.0406 144 141 187 223
person 0.0406 326 142 380 247
person 0.0399 169 156 209 221
person 0.0370 337 156 368 209
person 0.0256 161 115 334 226
person 0.0242 326 198 364 331
pottedplant 0.0306 6 239 137 366
pottedplant 0.0255 320 160 347 200
pottedplant 0.0244 272 138 301 245
sheep 0.0371 -1 199 19 242
sofa 0.0242 -2 122 224 307
train 0.0254 20 20 475 246
