bottle 0.1352 154 71 193 135
chair 0.3544 180 66 261 123
chair 0.3054 338 116 373 207
chair 0.2580 23 99 72 184
chair 0.1144 0 149 32 284
chair 0.0808 283 119 374 353
chair 0.0633 0 132 372 503
chair 0.0538 339 116 372 339
chair 0.0487 333 17 372 205
diningtable 0.7627 0 113 371 491
diningtable 0.0569 -1 261 302 491
diningtable 0.0535 0 107 371 295
diningtable 0.0504 180 66 261 123
diningtable 0.0486 343 119 373 211
pottedplant 0.1391 341 1 364 25
sofa 0.0539 0 132 372 503
sofa 0.0461 0 312 371 495
tvmonitor 0.0548 71 3 165 101
