aeroplane 0.0343 446 111 494 139
aeroplane 0.0315 0 111 50 186
aeroplane 0.0303 444 88 496 141
boat 0.0287 0 111 50 186
bus 0.0564 0 111 50 186
car 0.7359 0 111 50 186
car 0.0381 9 110 47 157
car 0.0332 3 117 8 175
car 0.0296 7 112 35 144
car 0.0292 454 116 493 139
car 0.0264 -8 102 11 175
car 0.0251 6 113 21 142
car 0.0248 491 119 496 142
car 0.0238 1 106 9 150
car 0.0210 493 121 494 151
horse 0.8316 50 53 436 332
motorbike 0.0339 0 111 50 186
person 0.0264 -10 93 14 173
person 0.0262 -3 102 7 185
person 0.0254 7 108 42 153
person 0.0217 0 111 50 186
pottedplant 0.0234 0 111 50 186
sheep 0.0218 0 113 51 188
train 0.0202 0 111 50 186
