bird 0.0997 148 280 223 347
bottle 0.0445 363 67 372 100
car 0.0814 367 71 372 103
chair 0.1804 163 228 214 282
chair 0.0532 174 337 367 494
chair 0.0515 254 268 369 499
diningtable 0.0791 39 272 332 480
diningtable 0.0644 136 385 235 423
diningtable 0.0638 114 367 257 425
person 0.6500 6 278 136 499
person 0.6001 166 335 305 495
person 0.4809 188 116 277 339
person 0.4691 -1 155 108 348
person 0.3629 252 257 370 433
person 0.1819 247 128 340 281
person 0.1130 160 269 240 343
person 0.0778 180 248 372 489
person 0.0543 183 141 358 408
person 0.0522 363 154 371 247
person 0.0498 204 261 278 336
person 0.0454 357 283 372 406
person 0.0438 1 247 24 396
person 0.0428 369 273 371 464
pottedplant 0.0831 149 285 222 350
pottedplant 0.0467 0 191 13 225
pottedplant 0.0466 3 187 22 221
sofa 0.0836 160 237 363 414
sofa 0.0628 174 344 366 494
sofa 0.0621 163 230 219 287
tvmonitor 0.3472 169 12 290 107
tvmonitor 0.0868 287 14 371 105
tvmonitor 0.0531 163 228 214 282
