bottle 0.5289 133 289 173 448
bottle 0.1147 88 290 171 463
bottle 0.0468 -2 415 374 494
car 0.0587 124 2 164 8
car 0.0456 350 186 372 263
car 0.0421 322 149 372 275
chair 0.0464 1 30 275 496
chair 0.0383 348 341 369 482
chair 0.0371 358 320 371 471
diningtable 0.2813 -1 391 373 494
diningtable 0.0961 25 300 393 500
diningtable 0.0492 19 427 287 497
motorbike 0.0468 130 290 171 448
person 0.6308 3 35 274 444
person 0.5211 253 100 364 419
person 0.0469 130 289 171 455
person 0.0408 2 137 181 491
pottedplant 0.1213 357 66 371 108
pottedplant 0.0895 277 1 299 25
pottedplant 0.0544 124 2 164 8
sofa 0.0502 0 38 277 496
sofa 0.0374 -2 415 374 494
tvmonitor 0.0921 102 10 234 211
tvmonitor 0.0830 326 117 373 206
tvmonitor 0.0578 -1 119 27 165
tvmonitor 0.0383 124 2 164 8
