bird 0.0881 183 282 234 368
bird 0.0597 235 268 292 321
bird 0.0458 5 265 82 331
bird 0.0376 205 259 227 273
bird 0.0354 257 261 277 273
bird 0.0351 12 256 45 277
bird 0.0298 107 251 122 267
bird 0.0294 47 259 73 275
bird 0.0276 228 280 251 309
bird 0.0268 133 258 167 284
bird 0.0260 363 262 374 272
boat 0.0373 182 278 235 366
car 0.0288 205 253 227 266
cat 0.0636 182 278 235 366
cat 0.0420 235 268 292 321
cat 0.0365 5 265 82 331
cat 0.0293 202 257 223 269
cat 0.0278 209 256 230 269
cat 0.0264 4 252 30 274
cow 0.2410 137 257 178 284
cow 0.1218 205 256 227 270
cow 0.1189 107 251 122 267
cow 0.1189 183 282 234 368
cow 0.1099 235 268 292 321
cow 0.0972 3 265 78 331
cow 0.0767 4 252 30 274
cow 0.0681 310 261 326 272
cow 0.0651 295 263 309 271
cow 0.0626 317 261 334 272
cow 0.0599 258 258 276 269
cow 0.0598 303 262 317 271
cow 0.0596 325 262 342 272
cow 0.0541 51 261 76 280
cow 0.0511 52 256 76 271
cow 0.0498 20 255 61 272
cow 0.0497 60 256 83 271
cow 0.0483 251 258 268 269
cow 0.0464 334 262 348 271
cow 0.0440 15 259 65 283
cow 0.0431 343 262 355 272
cow 0.0428 224 257 247 269
cow 0.0413 125 255 143 271
cow 0.0398 351 262 363 272
cow 0.0373 230 280 256 316
cow 0.0371 358 262 371 272
cow 0.0320 6 258 59 299
cow 0.0273 188 257 205 269
dog 0.0785 183 282 234 368
dog 0.0691 235 268 292 321
dog 0.0564 3 265 78 331
dog 0.0340 133 258 167 284
dog 0.0292 12 253 45 274
dog 0.0292 4 256 29 277
dog 0.0279 257 261 277 273
dog 0.0276 147 259 183 282
horse 0.0578 137 257 178 284
horse 0.0381 183 282 234 368
horse 0.0346 202 257 223 269
horse 0.0316 107 251 122 267
horse 0.0299 235 268 292 321
horse 0.0260 9 253 40 273
sheep 0.6365 183 282 234 368
sheep 0.6128 239 269 294 320
sheep 0.5968 3 265 78 331
sheep 0.3080 133 258 167 284
sheep 0.2995 209 256 230 269
sheep 0.2759 147 259 183 282
sheep 0.2751 104 252 118 266
sheep 0.2290 9 253 40 273
sheep 0.2033 56 259 79 275
sheep 0.1923 257 261 277 273
sheep 0.1506 299 262 313 271
sheep 0.1493 291 262 305 271
sheep 0.1433 310 261 326 272
sheep 0.1309 236 261 251 272
sheep 0.1298 226 261 245 273
sheep 0.1268 228 280 251 309
sheep 0.0995 224 274 247 291
sheep 0.0765 2 270 32 327
sheep 0.0576 351 262 363 272
sheep 0.0574 201 272 239 293
sheep 0.0551 270 276 302 313
sheep 0.0461 6 291 35 336
sheep 0.0423 9 217 64 254
sheep 0.0420 199 284 256 359
sheep 0.0330 2 289 55 354
sheep 0.0280 0 279 34 380
