aeroplane 0.0663 1 131 447 357
aeroplane 0.0650 269 82 319 102
bicycle 0.0647 283 278 328 350
bicycle 0.0601 94 339 166 371
bird 0.0672 252 241 283 318
boat 0.1965 6 135 489 353
boat 0.0795 269 87 319 102
boat 0.0622 403 197 498 279
boat 0.0575 143 184 399 328
boat 0.0573 239 231 302 293
boat 0.0559 230 181 460 277
boat 0.0542 252 240 283 295
boat 0.0490 265 252 324 307
boat 0.0486 287 257 333 290
bottle 0.0561 283 272 328 345
car 0.0564 269 87 319 102
car 0.0551 94 351 166 372
car 0.0549 81 362 164 371
cat 0.0544 283 274 328 349
chair 0.3564 283 278 328 350
chair 0.3361 322 264 361 329
chair 0.3327 378 248 414 304
chair 0.3084 185 140 278 201
chair 0.1987 354 251 375 296
chair 0.1733 219 309 267 371
chair 0.1591 476 195 495 275
chair 0.1451 323 251 367 307
chair 0.1034 409 243 430 297
chair 0.0875 209 338 239 366
chair 0.0843 294 255 349 292
chair 0.0795 159 336 210 368
chair 0.0763 111 351 172 371
chair 0.0722 252 268 281 354
chair 0.0680 195 324 222 368
chair 0.0672 415 193 501 277
chair 0.0642 283 259 329 323
chair 0.0608 110 320 181 372
chair 0.0576 133 337 190 368
chair 0.0555 289 257 323 289
chair 0.0542 256 256 317 343
chair 0.0522 25 358 134 371
diningtable 0.0959 284 281 327 352
diningtable 0.0721 382 251 416 306
diningtable 0.0479 292 277 351 346
dog 0.0730 283 272 328 345
person 0.4898 96 301 157 374
person 0.3678 251 242 283 334
person 0.2916 413 233 441 290
person 0.2500 383 236 416 299
person 0.2364 207 301 241 368
person 0.1680 283 274 328 349
person 0.1126 183 295 202 333
person 0.0821 363 246 382 289
person 0.0808 476 195 495 275
person 0.0774 280 259 324 323
person 0.0693 370 242 390 270
person 0.0644 482 166 497 246
person 0.0568 153 303 217 372
person 0.0548 491 136 496 252
person 0.0488 485 229 494 277
pottedplant 0.0546 291 256 321 285
sofa 0.1210 283 274 328 349
sofa 0.0698 379 244 413 302
