bicycle 0.0248 294 186 327 273
bottle 0.4683 293 187 328 277
bottle 0.1639 197 197 228 274
bottle 0.0482 150 358 180 370
bottle 0.0279 439 169 493 203
bottle 0.0274 471 165 493 206
bus 0.0394 0 0 496 131
chair 0.0597 467 189 496 264
chair 0.0439 434 222 459 254
chair 0.0399 383 267 494 374
chair 0.0258 412 310 495 371
chair 0.0252 266 263 502 371
chair 0.0248 491 188 496 312
chair 0.0245 52 39 278 373
chair 0.0239 492 228 495 366
chair 0.0230 3 198 78 366
chair 0.0228 175 45 445 349
chair 0.0226 494 169 493 238
diningtable 0.0328 294 189 327 281
diningtable 0.0259 42 111 515 377
diningtable 0.0255 375 267 495 373
diningtable 0.0236 235 111 416 330
motorbike 0.0432 294 186 327 273
motorbike 0.0253 198 195 234 275
person 0.7536 55 17 283 372
person 0.6242 261 51 437 373
person 0.0648 294 186 327 273
person 0.0537 475 186 496 261
person 0.0473 197 204 228 290
person 0.0350 135 16 485 331
person 0.0303 201 185 231 256
person 0.0246 198 199 242 330
person 0.0230 304 198 338 296
person 0.0228 494 159 493 212
pottedplant 0.0332 293 187 328 277
pottedplant 0.0271 198 195 234 275
sofa 0.0253 54 29 284 371
sofa 0.0241 130 20 490 351
train 0.0262 0 1 496 135
tvmonitor 0.0301 386 274 492 372
tvmonitor 0.0284 470 174 493 232
tvmonitor 0.0252 438 173 494 210
tvmonitor 0.0226 471 165 493 206
