aeroplane 0.0476 40 324 56 339
aeroplane 0.0354 361 225 423 250
aeroplane 0.0263 0 332 17 372
aeroplane 0.0224 409 222 430 248
aeroplane 0.0211 133 230 151 246
aeroplane 0.0201 135 229 164 247
bicycle 0.0473 40 324 56 339
bicycle 0.0425 0 336 17 373
bicycle 0.0208 409 226 430 249
bird 0.1705 40 324 56 339
bird 0.1483 0 332 17 372
bird 0.0358 176 119 210 152
bird 0.0284 414 222 431 248
bird 0.0233 135 232 156 250
boat 0.3207 127 220 438 262
boat 0.1029 134 229 157 247
boat 0.0871 361 225 423 250
boat 0.0705 40 324 56 339
boat 0.0671 141 234 182 254
boat 0.0472 145 128 459 267
boat 0.0376 0 332 13 372
boat 0.0354 160 236 201 253
boat 0.0331 409 226 430 249
boat 0.0260 1 325 10 363
boat 0.0225 133 178 401 252
boat 0.0208 2 287 8 365
boat 0.0200 235 212 432 253
bottle 0.0501 40 324 56 339
bottle 0.0320 0 329 12 370
bus 0.0226 361 225 423 250
car 0.0394 361 225 423 250
car 0.0357 40 324 56 339
car 0.0312 0 325 6 369
car 0.0304 0 332 17 372
car 0.0253 -1 341 6 375
car 0.0219 409 222 430 248
cat 0.0377 0 327 12 367
cat 0.0370 40 324 56 339
chair 0.0371 409 226 430 249
chair 0.0361 361 225 423 250
chair 0.0287 0 336 12 373
chair 0.0268 386 228 429 248
cow 0.0559 40 324 56 339
cow 0.0551 0 329 17 370
dog 0.0791 0 329 17 370
dog 0.0644 40 324 56 339
horse 0.0956 0 332 17 372
horse 0.0497 40 327 57 342
motorbike 0.0342 40 324 56 339
motorbike 0.0310 0 332 17 372
person 0.1749 0 332 17 372
person 0.0851 43 325 59 340
person 0.0735 409 222 430 248
person 0.0303 361 225 423 250
person 0.0264 155 235 191 252
person 0.0243 135 233 164 254
person 0.0238 0 358 4 381
person 0.0224 133 230 151 246
person 0.0215 134 235 151 253
pottedplant 0.0640 40 324 56 339
pottedplant 0.0519 371 127 491 244
pottedplant 0.0351 0 329 12 370
pottedplant 0.0293 414 222 431 248
pottedplant 0.0220 473 140 499 219
pottedplant 0.0215 367 226 424 250
sheep 0.0889 40 324 56 339
sheep 0.0677 0 329 12 370
train 0.0223 361 225 423 250
