boat 0.0346 33 16 399 229
boat 0.0340 83 0 348 496
bottle 0.0536 350 213 374 265
bottle 0.0478 28 0 342 495
bottle 0.0471 48 280 69 338
bottle 0.0382 12 287 24 340
bottle 0.0289 293 246 309 272
bus 0.0764 5 256 79 356
car 0.0337 5 256 79 356
cat 0.0578 8 256 82 356
cat 0.0508 46 276 71 335
cat 0.0450 330 252 429 454
cat 0.0392 59 286 72 325
cat 0.0379 12 287 24 340
cat 0.0303 15 278 35 334
chair 0.2461 330 255 428 458
chair 0.0550 8 257 82 361
chair 0.0356 8 0 321 496
chair 0.0303 350 216 374 269
diningtable 0.0492 4 256 80 361
diningtable 0.0391 16 0 326 496
dog 0.0333 326 250 426 449
person 0.2198 5 256 79 356
person 0.0500 14 286 28 342
person 0.0420 326 250 426 449
pottedplant 0.1859 193 333 258 451
pottedplant 0.1756 28 0 342 495
pottedplant 0.1409 44 213 122 258
pottedplant 0.1393 350 213 374 265
pottedplant 0.0776 123 63 322 455
pottedplant 0.0594 128 355 160 397
pottedplant 0.0462 97 282 136 330
pottedplant 0.0428 261 346 286 384
pottedplant 0.0399 224 331 241 390
pottedplant 0.0377 98 282 149 385
pottedplant 0.0308 81 216 166 256
sofa 0.3806 330 252 429 454
sofa 0.0907 5 256 79 356
tvmonitor 0.6700 5 256 79 356
tvmonitor 0.0532 14 280 36 340
tvmonitor 0.0418 23 0 334 496
