aeroplane 0.0668 -1 0 497 371
bicycle 0.0453 -1 0 497 371
bird 0.0342 -1 0 497 371
boat 0.0382 -1 0 497 371
boat 0.0278 -3 182 147 271
bottle 0.0324 -1 0 497 371
bottle 0.0277 78 358 205 370
bus 0.0633 -1 0 497 371
bus 0.0325 0 182 151 270
car 0.4870 -3 182 147 271
car 0.1083 -1 0 497 371
car 0.0695 -1 169 20 273
car 0.0284 2 120 8 251
car 0.0265 427 53 497 212
chair 0.0960 -1 0 497 371
chair 0.0806 84 277 255 370
chair 0.0264 78 358 205 370
cow 0.0372 -1 0 497 371
diningtable 0.0439 -1 0 497 371
dog 0.0472 -1 0 497 371
horse 0.0561 -1 0 497 371
motorbike 0.0881 -1 0 497 371
person 0.5308 140 29 495 371
person 0.0309 -5 0 383 372
person 0.0296 2 184 493 369
person 0.0278 0 172 19 275
person 0.0275 0 155 4 263
person 0.0271 396 7 497 364
person 0.0271 487 67 499 351
person 0.0267 456 38 499 333
pottedplant 0.0438 -1 0 497 371
pottedplant 0.0266 78 358 205 370
sofa 0.1029 -1 0 497 371
train 0.0510 -1 0 497 371
tvmonitor 0.0487 -1 0 497 371
