bottle 0.0739 408 335 454 366
bottle 0.0594 233 156 270 213
bottle 0.0574 457 341 491 372
bottle 0.0513 453 318 495 371
bottle 0.0441 412 1 497 70
bottle 0.0434 211 228 245 310
car 0.0475 406 0 495 66
chair 0.7034 65 -2 220 132
chair 0.3380 3 1 117 117
chair 0.1460 189 -3 251 122
chair 0.1043 150 150 431 346
chair 0.0828 412 1 497 70
chair 0.0750 155 1 449 333
chair 0.0610 413 3 496 203
chair 0.0562 -1 1 106 368
chair 0.0523 128 -6 258 125
chair 0.0465 2 259 79 372
diningtable 0.2016 61 -2 216 127
diningtable 0.0413 412 1 497 70
diningtable 0.0381 150 150 431 346
person 0.5233 3 114 93 371
person 0.5066 155 1 449 333
person 0.2150 153 147 428 320
person 0.0546 238 160 272 209
person 0.0392 464 346 491 372
pottedplant 0.0472 464 346 491 372
pottedplant 0.0447 446 310 495 368
pottedplant 0.0446 184 317 248 366
pottedplant 0.0445 -1 1 106 368
sofa 0.1139 155 1 449 333
tvmonitor 0.0603 412 1 497 70
