bird 0.0235 0 88 11 125
boat 0.0203 1 81 10 119
car 0.0243 186 165 270 204
car 0.0218 0 84 4 128
car 0.0202 351 177 409 216
cow 0.3553 351 177 409 216
cow 0.3024 185 168 270 206
cow 0.2223 437 181 480 218
cow 0.2126 343 176 371 216
cow 0.1197 399 181 471 218
cow 0.0415 485 185 494 215
cow 0.0379 232 175 279 199
dog 0.0410 186 165 270 204
dog 0.0254 340 176 366 216
dog 0.0247 351 175 409 212
dog 0.0227 442 184 482 220
horse 0.1068 185 168 270 206
horse 0.0642 351 177 409 216
horse 0.0528 343 176 371 216
horse 0.0448 442 184 482 220
horse 0.0236 395 179 467 214
horse 0.0231 465 188 491 217
person 0.0433 186 165 270 204
person 0.0216 214 157 258 180
person 0.0201 343 176 371 216
sheep 0.0515 183 169 265 205
sheep 0.0514 442 184 482 220
sheep 0.0511 351 177 409 216
sheep 0.0461 343 176 371 216
sheep 0.0312 465 188 491 217
sheep 0.0274 477 188 494 216
sheep 0.0255 395 179 467 214
sheep 0.0240 0 88 11 125
sheep 0.0236 491 187 496 218
train 0.0515 186 165 270 204
train 0.0293 353 177 414 215
