bicycle 0.0351 294 306 419 332
boat 0.0352 400 189 493 329
bottle 0.2424 417 37 428 68
bottle 0.1884 446 35 455 59
bottle 0.1505 431 36 438 59
bottle 0.0987 463 195 477 223
bottle 0.0787 305 155 324 175
bottle 0.0736 285 185 303 213
bottle 0.0638 327 185 347 208
bottle 0.0628 341 164 349 176
bottle 0.0547 224 217 256 254
bottle 0.0489 154 147 206 319
bottle 0.0365 137 168 177 293
bottle 0.0358 324 162 334 174
bottle 0.0357 147 182 167 247
bottle 0.0354 138 183 161 262
bus 0.0391 -4 1 78 330
car 0.0439 493 105 493 225
car 0.0435 492 125 494 216
car 0.0401 491 143 495 219
car 0.0348 305 155 324 175
chair 0.2793 134 187 158 279
chair 0.1440 0 268 26 334
chair 0.1088 140 161 199 320
chair 0.0988 289 307 416 331
chair 0.0627 314 190 345 213
chair 0.0566 308 159 326 176
chair 0.0532 287 186 308 216
chair 0.0523 325 312 458 331
chair 0.0523 261 311 382 332
chair 0.0489 337 165 346 176
chair 0.0470 406 215 495 334
chair 0.0422 326 178 348 205
chair 0.0372 209 318 372 331
diningtable 0.0479 137 183 162 283
diningtable 0.0440 143 167 204 325
diningtable 0.0389 292 311 414 332
diningtable 0.0363 314 190 345 213
dog 0.0359 151 150 203 320
person 0.6286 357 124 418 321
person 0.5914 150 147 203 319
person 0.1934 417 36 428 65
person 0.1570 449 33 460 57
person 0.1128 459 193 473 221
person 0.1119 490 140 496 216
person 0.0780 308 155 326 175
person 0.0677 160 152 194 235
person 0.0664 470 45 493 71
person 0.0487 357 139 403 254
person 0.0429 492 50 495 239
person 0.0414 341 164 349 176
person 0.0393 401 188 414 210
person 0.0377 409 188 422 210
person 0.0369 369 133 414 213
person 0.0358 415 193 431 215
person 0.0350 388 168 412 220
pottedplant 0.2147 305 155 324 175
pottedplant 0.1106 337 165 346 176
pottedplant 0.0592 414 37 426 69
pottedplant 0.0452 446 35 455 59
pottedplant 0.0443 452 35 464 60
pottedplant 0.0425 459 196 473 222
pottedplant 0.0404 327 185 347 208
pottedplant 0.0403 439 36 447 59
pottedplant 0.0357 317 185 342 208
pottedplant 0.0346 297 307 424 331
sofa 0.0583 143 158 204 323
sofa 0.0493 137 175 169 286
sofa 0.0444 1 263 32 329
train 0.0710 -8 2 105 329
tvmonitor 0.0673 305 155 324 175
tvmonitor 0.0395 0 264 26 333
