bicycle 0.2530 304 75 371 155
bird 0.0798 108 186 348 372
bird 0.0656 1 5 25 43
bird 0.0562 99 54 388 375
bird 0.0473 3 -2 101 139
boat 0.0836 416 150 485 197
boat 0.0803 0 204 11 260
boat 0.0579 2 3 24 40
boat 0.0494 0 138 18 262
bottle 0.0664 217 96 238 157
bottle 0.0646 2 3 24 40
car 0.1657 271 8 357 75
car 0.1201 2 3 24 40
car 0.0927 314 24 392 83
car 0.0925 303 9 418 75
car 0.0763 0 204 11 260
car 0.0640 214 2 304 70
cat 0.0695 1 5 25 43
chair 0.5393 387 72 451 147
chair 0.0649 304 77 370 158
chair 0.0648 460 175 496 348
chair 0.0577 2 3 24 40
chair 0.0480 328 46 378 126
chair 0.0469 3 -5 101 131
cow 0.0551 2 3 24 40
cow 0.0502 13 -4 114 135
dog 0.0781 1 5 25 43
horse 0.0704 13 -4 114 135
horse 0.0566 1 5 25 43
motorbike 0.0573 308 25 382 83
motorbike 0.0559 301 75 367 150
person 0.3895 84 52 254 372
person 0.3787 190 50 212 92
person 0.1215 88 0 399 372
person 0.1003 217 99 238 161
person 0.0742 1 5 25 43
person 0.0671 217 10 271 191
person 0.0650 0 3 42 280
person 0.0620 139 60 192 106
person 0.0563 185 87 208 137
person 0.0527 190 83 219 142
person 0.0493 13 -4 114 135
person 0.0476 182 90 227 170
person 0.0469 110 192 346 372
pottedplant 0.0824 134 292 212 366
pottedplant 0.0577 319 34 386 91
pottedplant 0.0562 2 3 24 40
sheep 0.1279 2 3 24 40
sofa 0.0866 387 72 451 147
