aeroplane 0.0577 349 341 388 369
aeroplane 0.0522 424 131 492 351
aeroplane 0.0472 11 356 100 372
aeroplane 0.0444 337 341 462 370
aeroplane 0.0417 330 344 352 372
bicycle 0.0736 154 342 175 373
bicycle 0.0637 330 349 351 373
bicycle 0.0527 187 345 206 375
bicycle 0.0437 353 347 391 370
bicycle 0.0429 154 246 168 294
bicycle 0.0428 113 363 132 371
bicycle 0.0424 344 350 369 372
bicycle 0.0404 123 360 136 369
bird 0.0715 400 65 430 101
bird 0.0624 149 332 174 372
bird 0.0622 330 344 352 372
bird 0.0497 187 343 207 373
bird 0.0428 340 345 365 371
boat 0.1227 107 210 146 249
boat 0.0776 10 351 102 372
boat 0.0751 424 130 492 346
boat 0.0645 0 118 18 188
boat 0.0525 58 364 116 370
boat 0.0453 187 343 207 373
boat 0.0449 330 344 352 372
boat 0.0439 32 362 111 371
boat 0.0431 324 204 491 367
boat 0.0409 427 349 497 373
bottle 0.1369 0 118 18 188
bottle 0.1361 186 339 207 371
bottle 0.0618 155 347 174 374
bottle 0.0542 166 346 179 370
bottle 0.0425 118 363 134 371
bottle 0.0412 149 332 174 372
bus 0.0606 10 351 102 372
bus 0.0529 431 128 493 343
bus 0.0498 422 350 495 372
car 0.3571 427 349 497 373
car 0.2887 6 356 98 372
car 0.1189 -1 362 59 372
car 0.0995 45 363 114 371
car 0.0595 424 127 492 343
car 0.0555 114 367 131 372
car 0.0536 100 368 130 371
car 0.0525 327 349 347 372
car 0.0488 187 343 207 373
car 0.0482 481 128 497 208
chair 0.1081 482 128 496 219
chair 0.0580 1 247 48 364
chair 0.0530 187 343 207 373
chair 0.0477 469 119 495 294
chair 0.0462 1 238 25 297
chair 0.0448 154 342 175 373
chair 0.0442 58 364 116 370
dog 0.0664 186 339 207 371
dog 0.0516 149 332 174 372
dog 0.0426 155 347 174 374
horse 0.0672 327 345 348 372
horse 0.0548 154 342 175 373
horse 0.0530 340 345 365 371
horse 0.0491 350 346 386 370
motorbike 0.0641 327 349 347 372
motorbike 0.0571 150 341 173 374
person 0.5315 149 332 174 372
person 0.4376 186 339 207 371
person 0.3331 330 344 352 372
person 0.3156 154 234 168 289
person 0.2278 252 213 274 258
person 0.2181 322 215 338 255
person 0.1530 347 341 383 370
person 0.1205 118 363 134 371
person 0.0558 224 223 240 254
person 0.0441 159 364 171 375
person 0.0437 53 363 113 371
pottedplant 0.0574 3 179 140 368
pottedplant 0.0522 187 343 207 373
pottedplant 0.0478 113 363 132 371
pottedplant 0.0438 1 232 25 291
pottedplant 0.0419 321 210 486 365
sheep 0.0584 0 118 18 188
train 0.0491 431 125 492 339
train 0.0418 10 351 102 372
train 0.0408 481 129 497 213
