aeroplane 0.0575 10 0 148 48
aeroplane 0.0410 0 8 49 92
aeroplane 0.0386 1 8 32 71
aeroplane 0.0382 16 5 143 85
bicycle 0.0838 253 105 319 190
bicycle 0.0821 385 104 468 192
bicycle 0.0641 129 90 154 113
bicycle 0.0560 100 111 192 205
bicycle 0.0515 300 100 375 197
bicycle 0.0413 18 6 133 88
bicycle 0.0401 165 121 197 200
bird 0.0482 15 0 42 7
bird 0.0406 20 1 53 6
boat 0.0522 16 0 151 49
boat 0.0430 147 43 184 93
boat 0.0414 20 1 53 6
boat 0.0397 15 0 42 7
bottle 0.0730 147 40 184 85
bus 0.5231 261 5 483 105
car 0.0707 15 0 42 7
car 0.0666 491 51 495 90
car 0.0615 146 42 184 88
car 0.0557 474 49 490 87
car 0.0541 448 43 475 88
car 0.0495 470 0 493 11
car 0.0487 415 43 447 98
car 0.0425 10 0 148 48
car 0.0401 491 61 495 111
car 0.0392 123 92 145 111
car 0.0385 18 0 117 17
car 0.0382 387 62 412 95
horse 0.0681 1 20 56 100
horse 0.0419 446 46 470 120
motorbike 0.5948 385 104 468 192
motorbike 0.4077 100 107 191 205
motorbike 0.3916 298 104 376 197
motorbike 0.3915 255 97 318 189
motorbike 0.1315 126 91 150 112
motorbike 0.0869 162 113 200 203
motorbike 0.0444 113 81 172 179
motorbike 0.0412 445 44 472 112
person 0.5961 393 58 461 176
person 0.3800 262 68 326 166
person 0.3638 445 42 472 99
person 0.3540 324 69 381 170
person 0.3248 137 73 201 203
person 0.2054 415 43 447 103
person 0.1371 485 52 494 94
person 0.1106 263 72 326 121
person 0.0841 15 0 42 7
person 0.0821 129 88 154 110
person 0.0769 285 70 358 180
person 0.0758 445 65 464 133
person 0.0752 146 42 184 88
person 0.0735 258 88 276 109
person 0.0654 39 0 127 17
person 0.0585 0 18 19 86
person 0.0557 141 76 189 142
person 0.0552 1 20 56 100
person 0.0493 135 77 180 121
person 0.0469 14 1 98 11
person 0.0447 0 8 18 56
person 0.0436 2 9 32 65
person 0.0421 312 83 347 125
person 0.0392 91 1 138 10
person 0.0392 392 68 407 99
pottedplant 0.0552 15 0 42 7
train 0.0562 261 5 483 105
train 0.0439 7 -1 144 55
