aeroplane 0.6277 41 69 470 245
aeroplane 0.2493 413 195 489 231
aeroplane 0.1849 320 199 370 213
aeroplane 0.0760 405 152 496 237
aeroplane 0.0525 -1 190 20 208
aeroplane 0.0475 -1 199 19 218
aeroplane 0.0446 -2 191 44 221
aeroplane 0.0428 366 171 441 199
aeroplane 0.0415 0 184 42 209
aeroplane 0.0333 -3 185 76 237
aeroplane 0.0322 37 227 59 237
aeroplane 0.0313 25 219 71 235
aeroplane 0.0283 326 166 427 209
aeroplane 0.0281 1 175 71 219
aeroplane 0.0260 491 190 495 227
aeroplane 0.0258 3 230 15 243
aeroplane 0.0256 493 179 493 228
aeroplane 0.0254 290 157 416 223
aeroplane 0.0245 493 172 494 226
aeroplane 0.0240 30 227 51 237
aeroplane 0.0234 262 195 381 218
aeroplane 0.0220 4 235 13 247
bicycle 0.0277 413 195 489 231
boat 0.0749 413 195 489 231
boat 0.0380 323 199 374 213
boat 0.0235 491 201 495 230
boat 0.0230 -3 59 452 246
boat 0.0209 4 233 13 245
boat 0.0201 492 188 494 225
bus 0.0478 413 195 489 231
bus 0.0246 491 201 495 230
bus 0.0227 320 199 370 213
car 0.3964 413 195 489 231
car 0.0627 323 199 374 213
car 0.0613 491 201 495 230
car 0.0435 492 188 494 225
car 0.0327 493 177 493 226
car 0.0309 4 233 13 245
car 0.0285 88 234 101 244
car 0.0234 40 230 57 238
car 0.0209 405 152 496 237
car 0.0204 465 207 483 224
car 0.0202 400 192 454 225
chair 0.0209 413 195 489 231
horse 0.0339 413 195 489 231
motorbike 0.0987 413 195 489 231
person 0.0397 491 201 495 230
person 0.0379 88 234 101 244
person 0.0277 42 229 62 239
person 0.0228 412 191 490 231
person 0.0218 321 203 369 214
person 0.0209 492 129 494 237
pottedplant 0.0309 413 195 489 231
pottedplant 0.0233 321 203 369 214
pottedplant 0.0222 88 234 101 244
pottedplant 0.0213 491 201 495 230
sheep 0.0264 413 195 489 231
train 0.0415 413 195 489 231
