bicycle 0.0280 245 129 375 251
bicycle 0.0269 74 127 125 233
bird 0.0256 285 104 311 136
bird 0.0250 231 211 264 273
bottle 0.0301 284 104 312 141
car 0.0391 362 174 415 216
car 0.0220 348 174 389 216
cow 0.3898 368 175 415 216
cow 0.0359 77 134 128 236
cow 0.0334 279 137 371 243
cow 0.0295 396 165 411 185
dog 0.0569 368 175 415 216
dog 0.0278 348 174 389 216
dog 0.0248 77 132 127 233
horse 0.6028 77 134 128 236
horse 0.4141 151 124 305 272
horse 0.2093 260 131 375 249
horse 0.1797 362 174 415 216
horse 0.0744 344 163 393 217
horse 0.0690 345 176 376 214
horse 0.0652 326 150 379 219
horse 0.0258 187 179 292 264
horse 0.0225 228 203 266 270
motorbike 0.0255 272 137 371 248
motorbike 0.0223 362 174 415 216
person 0.6049 77 113 128 200
person 0.5121 210 72 253 204
person 0.3130 280 105 317 187
person 0.1955 285 105 312 145
person 0.0783 218 81 246 144
person 0.0508 347 182 374 213
person 0.0439 283 144 367 246
person 0.0425 87 118 119 153
person 0.0423 343 164 385 216
person 0.0387 231 207 264 271
person 0.0336 362 174 415 216
person 0.0325 208 129 364 266
person 0.0276 358 151 387 193
sheep 0.0861 368 175 415 216
sheep 0.0303 348 174 389 216
train 0.0415 362 174 415 216
