bicycle 0.0756 450 104 482 225
bicycle 0.0618 251 287 306 318
bicycle 0.0543 236 290 275 320
bird 0.0364 450 105 482 219
bird 0.0285 257 283 307 316
boat 0.0620 293 290 351 350
boat 0.0589 410 307 459 350
boat 0.0559 151 159 492 364
boat 0.0294 251 287 306 318
boat 0.0286 169 256 239 366
boat 0.0261 403 277 467 353
bottle 0.2051 220 156 237 197
bottle 0.1072 450 105 482 219
bottle 0.0728 93 102 119 140
bottle 0.0594 169 256 239 366
bottle 0.0411 126 363 213 371
bottle 0.0355 -1 316 75 371
bottle 0.0352 100 358 208 370
bottle 0.0294 225 0 270 19
bottle 0.0279 58 117 85 142
bottle 0.0273 259 287 306 318
bus 0.0488 410 305 459 347
bus 0.0402 277 76 405 177
bus 0.0279 293 289 357 351
bus 0.0248 225 0 270 19
car 0.2177 410 305 459 347
car 0.0497 0 317 59 370
car 0.0393 169 256 239 366
car 0.0311 293 290 351 350
car 0.0289 476 188 495 247
car 0.0288 483 351 496 372
car 0.0267 225 0 270 19
car 0.0260 492 190 494 246
cat 0.0589 33 138 141 233
cat 0.0487 93 101 119 135
chair 0.0449 89 102 117 139
chair 0.0380 450 105 482 219
chair 0.0359 -2 316 82 371
chair 0.0281 120 364 227 370
chair 0.0273 410 307 459 350
chair 0.0266 -9 308 153 373
diningtable 0.0313 33 138 141 233
diningtable 0.0290 450 104 482 225
diningtable 0.0275 89 102 117 139
dog 0.0313 450 105 482 219
motorbike 0.0395 251 287 306 318
motorbike 0.0363 450 104 482 225
motorbike 0.0321 236 290 275 320
person 0.1017 450 105 482 219
person 0.0406 257 283 307 316
person 0.0328 31 138 138 233
person 0.0319 121 358 225 370
person 0.0301 236 290 282 321
person 0.0278 90 101 117 135
person 0.0273 230 0 272 15
person 0.0271 293 290 351 350
person 0.0253 489 347 497 369
person 0.0248 410 309 453 349
pottedplant 0.0843 450 104 482 225
pottedplant 0.0748 257 283 307 316
pottedplant 0.0469 234 284 299 321
pottedplant 0.0423 90 101 117 135
sofa 0.0450 33 138 141 233
sofa 0.0256 277 76 405 177
train 0.0281 410 305 459 347
tvmonitor 0.7666 277 76 405 177
tvmonitor 0.7561 33 138 141 233
tvmonitor 0.1197 93 101 119 135
tvmonitor 0.1081 225 0 270 19
tvmonitor 0.0804 -1 316 75 371
tvmonitor 0.0445 169 259 239 369
tvmonitor 0.0417 425 0 484 20
tvmonitor 0.0366 476 188 495 247
tvmonitor 0.0260 410 307 459 350
