bicycle 0.5065 222 249 288 374
bicycle 0.0820 396 197 450 332
boat 0.0202 402 301 499 374
bottle 0.0456 228 261 289 373
car 0.0319 3 234 55 371
car 0.0211 3 232 47 309
chair 0.1471 3 231 55 362
chair 0.0892 3 232 47 309
chair 0.0736 395 188 443 306
chair 0.0460 57 106 195 312
chair 0.0458 337 267 424 368
chair 0.0443 357 192 458 372
chair 0.0396 212 222 291 371
chair 0.0294 -2 147 52 347
chair 0.0291 342 287 481 370
chair 0.0236 395 302 498 374
chair 0.0212 3 239 7 373
diningtable 0.0221 2 242 55 374
dog 0.0235 3 231 55 362
horse 0.0349 3 233 55 367
horse 0.0202 3 232 47 309
motorbike 0.0467 228 261 289 373
person 0.6170 207 147 303 329
person 0.0409 419 173 459 286
person 0.0326 427 171 451 241
person 0.0308 492 137 495 375
person 0.0267 490 143 496 351
person 0.0262 404 180 450 302
person 0.0260 3 237 55 373
person 0.0217 487 113 500 352
sheep 0.0249 3 230 47 305
sofa 0.1520 3 231 55 362
sofa 0.0624 3 232 47 309
tvmonitor 0.0213 435 40 497 143
