bird 0.0319 470 0 493 13
bird 0.0237 35 176 107 212
bird 0.0222 440 1 492 12
car 0.0267 477 0 494 8
car 0.0227 488 0 498 8
cat 0.0263 37 174 106 208
cat 0.0203 15 85 480 338
chair 0.0333 -1 10 497 362
cow 0.0341 477 2 494 16
cow 0.0301 477 0 494 8
cow 0.0269 464 2 492 16
cow 0.0264 37 174 106 208
cow 0.0253 489 2 497 17
cow 0.0234 488 0 498 8
cow 0.0232 465 1 491 8
cow 0.0227 13 83 465 335
dog 0.6793 8 90 463 339
dog 0.0346 35 176 107 212
dog 0.0231 477 1 494 12
horse 0.0326 -13 87 462 336
person 0.0431 -1 10 497 362
sheep 0.0487 35 176 107 212
sheep 0.0456 477 2 494 16
sheep 0.0432 464 2 492 16
sheep 0.0404 440 1 492 12
sheep 0.0210 417 1 491 7
sofa 0.0787 -1 10 497 362
