aeroplane 0.0377 332 255 373 373
aeroplane 0.0282 352 160 365 177
bird 0.0747 352 158 365 173
bird 0.0252 2 372 29 443
boat 0.0552 352 158 365 173
boat 0.0538 332 259 372 376
boat 0.0321 348 103 368 134
boat 0.0279 77 248 93 278
boat 0.0277 344 93 367 129
boat 0.0270 317 252 365 306
boat 0.0263 -1 78 38 480
bus 0.7625 95 133 299 393
bus 0.0798 77 248 93 278
bus 0.0689 299 245 318 297
bus 0.0633 327 249 372 324
bus 0.0606 300 249 329 308
bus 0.0551 313 254 362 304
bus 0.0449 302 244 315 267
bus 0.0406 301 265 352 308
bus 0.0333 234 196 348 346
bus 0.0248 253 226 294 284
car 0.3052 332 259 372 376
car 0.0770 75 249 91 277
car 0.0373 369 280 371 378
car 0.0323 370 318 370 380
car 0.0294 94 139 300 395
car 0.0284 300 245 322 297
car 0.0271 303 244 319 267
car 0.0268 298 244 313 266
car 0.0266 370 242 370 338
car 0.0251 297 245 314 281
chair 0.0318 328 260 371 375
cow 0.0320 332 277 372 380
person 0.1201 240 222 260 258
person 0.0769 249 220 274 260
person 0.0570 263 223 284 257
person 0.0501 77 248 93 278
person 0.0461 370 314 370 376
person 0.0445 298 246 313 273
person 0.0444 299 245 318 297
person 0.0442 369 325 370 381
person 0.0399 369 298 370 377
person 0.0398 369 280 371 378
person 0.0394 369 330 370 391
person 0.0339 357 274 371 385
person 0.0325 343 276 372 381
person 0.0317 95 133 299 393
person 0.0307 370 246 370 366
person 0.0302 370 218 370 300
person 0.0292 370 242 370 338
person 0.0280 370 227 370 307
person 0.0280 369 244 370 321
person 0.0249 327 309 343 365
person 0.0248 355 243 373 338
sheep 0.0735 352 158 365 173
train 0.0662 75 249 91 277
train 0.0637 332 259 372 376
train 0.0578 95 133 299 393
tvmonitor 0.0263 75 249 91 277
