bottle 0.0781 367 160 386 189
bottle 0.0508 338 143 367 186
bottle 0.0416 343 151 378 194
bottle 0.0374 124 115 176 276
bottle 0.0356 330 143 375 206
bottle 0.0334 433 171 460 215
bus 0.0430 1 103 40 227
bus 0.0390 5 204 37 271
chair 0.5601 301 187 396 298
chair 0.1352 400 215 462 301
chair 0.0819 349 211 451 306
chair 0.0756 290 140 455 298
chair 0.0590 434 199 467 286
chair 0.0498 422 173 463 276
chair 0.0472 366 146 464 292
chair 0.0430 365 161 388 193
chair 0.0430 328 144 440 232
chair 0.0391 358 156 410 209
chair 0.0334 396 151 466 251
chair 0.0327 5 204 37 271
diningtable 0.0623 304 187 464 304
diningtable 0.0356 382 194 464 297
dog 0.0361 130 115 177 272
person 0.6186 79 108 142 274
person 0.4209 130 116 177 276
person 0.2216 363 144 444 269
person 0.2209 371 161 389 190
person 0.2158 296 123 332 180
person 0.1985 290 130 455 288
person 0.1980 332 144 373 200
person 0.1839 375 146 440 220
person 0.0562 134 129 166 216
pottedplant 0.0346 367 160 386 189
sofa 0.0891 292 139 461 294
sofa 0.0581 400 215 462 301
sofa 0.0357 326 186 473 305
sofa 0.0319 301 187 396 298
train 0.0429 5 204 37 271
train 0.0370 2 138 47 212
tvmonitor 0.1420 292 6 429 157
tvmonitor 0.1047 5 204 37 271
tvmonitor 0.0764 477 89 495 183
tvmonitor 0.0506 3 140 47 215
tvmonitor 0.0391 484 83 496 230
tvmonitor 0.0340 463 215 493 328
tvmonitor 0.0334 427 221 473 310
tvmonitor 0.0331 475 226 496 326
