aeroplane 0.0621 413 1 456 7
aeroplane 0.0488 417 2 483 6
aeroplane 0.0407 347 3 445 5
aeroplane 0.0343 455 1 492 7
bird 0.0373 413 1 456 7
bird 0.0343 308 2 374 5
bird 0.0328 466 273 496 350
boat 0.0459 413 1 456 7
boat 0.0368 320 2 377 5
boat 0.0366 245 3 391 5
boat 0.0365 333 2 427 5
boat 0.0351 295 3 372 5
boat 0.0340 218 2 402 6
car 0.0597 407 1 447 6
car 0.0581 333 2 427 5
car 0.0567 310 2 380 5
car 0.0485 415 2 470 6
car 0.0415 362 3 461 5
car 0.0397 245 3 391 5
cat 0.0476 191 130 499 294
cat 0.0333 3 101 234 229
cat 0.0326 404 200 497 294
cow 0.0589 308 2 374 5
cow 0.0504 333 2 396 6
cow 0.0464 411 194 497 294
cow 0.0341 245 3 391 5
dog 0.7678 2 106 235 236
dog 0.4323 190 134 500 301
dog 0.0349 303 3 371 5
dog 0.0344 411 191 498 292
horse 0.0478 320 2 377 5
horse 0.0441 295 3 372 5
horse 0.0344 332 2 413 6
motorbike 0.0342 320 2 377 5
motorbike 0.0320 295 3 372 5
person 0.0587 320 2 377 5
person 0.0513 295 3 372 5
person 0.0369 332 2 413 6
person 0.0366 413 1 456 7
pottedplant 0.0593 468 270 495 341
sheep 0.1361 411 194 497 294
sheep 0.0432 308 2 374 5
sheep 0.0427 291 140 493 295
sheep 0.0375 330 2 407 5
sheep 0.0364 1 153 80 217
sheep 0.0328 410 1 452 7
train 0.0341 218 2 402 6
train 0.0341 182 0 415 13
