bicycle 0.0297 348 0 498 371
bird 0.0343 257 208 409 373
boat 0.0410 339 0 500 372
bottle 0.0486 -1 0 168 371
bottle 0.0478 355 0 499 371
bottle 0.0276 279 1 333 12
car 0.0288 339 0 500 372
cat 0.0974 254 203 405 373
cat 0.0456 363 297 499 373
cat 0.0438 167 128 336 284
cat 0.0294 278 278 505 368
chair 0.0589 348 0 498 371
chair 0.0334 147 36 387 335
cow 0.0337 165 127 337 280
cow 0.0314 257 208 409 373
diningtable 0.0333 355 0 499 371
dog 0.7027 167 128 336 284
dog 0.3579 257 208 409 373
dog 0.0491 149 117 369 365
dog 0.0486 363 297 499 373
dog 0.0387 260 289 492 369
person 0.0357 142 0 470 372
person 0.0347 371 2 428 88
person 0.0331 258 208 415 373
person 0.0305 373 304 496 372
pottedplant 0.0824 355 0 499 371
pottedplant 0.0392 323 0 382 26
sheep 0.0568 256 204 410 372
sofa 0.0335 152 120 351 362
tvmonitor 0.0498 339 0 500 372
tvmonitor 0.0440 -2 0 185 372
