bicycle 0.0472 152 30 172 54
bicycle 0.0417 3 122 320 372
bird 0.5431 67 111 318 213
bird 0.5128 387 255 428 303
bird 0.3417 39 300 73 352
bird 0.0658 3 127 320 373
bird 0.0565 0 294 65 364
bird 0.0485 3 296 31 362
bird 0.0410 2 315 24 366
bird 0.0391 85 129 293 277
bottle 0.0559 313 -1 345 27
bottle 0.0533 152 30 172 54
bottle 0.0369 208 198 248 237
bottle 0.0321 39 300 73 352
bottle 0.0321 365 -1 435 139
bottle 0.0310 49 114 336 374
cat 0.0590 39 300 73 352
chair 0.0629 0 -1 80 79
chair 0.0460 11 -2 203 63
chair 0.0396 12 -1 209 127
chair 0.0335 313 -1 345 27
chair 0.0315 -3 -2 147 98
chair 0.0293 11 127 328 372
cow 0.0378 39 300 73 352
diningtable 0.0450 0 151 495 372
dog 0.1210 39 300 73 352
dog 0.0454 16 115 330 373
dog 0.0427 387 255 428 303
horse 0.0466 3 127 320 373
motorbike 0.0317 3 115 321 372
person 0.2709 366 -1 448 139
person 0.0835 6 121 325 372
person 0.0777 313 -1 345 27
person 0.0684 39 300 73 352
person 0.0656 152 30 172 54
person 0.0480 389 255 432 303
person 0.0294 480 2 499 369
pottedplant 0.0395 152 30 172 54
sheep 0.0901 39 300 73 352
sheep 0.0349 387 255 428 303
