bird 0.0660 260 260 304 315
bird 0.0372 344 126 408 199
bird 0.0339 347 131 452 216
bird 0.0335 314 263 345 300
bird 0.0321 385 143 445 210
boat 0.0476 0 207 495 363
boat 0.0379 256 259 302 312
bottle 0.0648 255 256 303 309
bottle 0.0500 317 263 349 300
bottle 0.0313 335 253 385 293
cat 0.0464 259 259 305 311
chair 0.0908 230 153 288 223
chair 0.0533 255 262 303 319
chair 0.0508 234 131 347 222
chair 0.0387 0 217 496 370
chair 0.0307 0 184 33 257
chair 0.0291 334 134 442 236
chair 0.0288 317 270 349 306
chair 0.0284 0 175 18 243
diningtable 0.2975 0 207 495 363
diningtable 0.0490 153 203 467 321
diningtable 0.0389 256 259 302 312
diningtable 0.0366 229 144 320 221
diningtable 0.0329 229 261 391 315
diningtable 0.0303 245 218 422 299
diningtable 0.0272 310 248 372 299
dog 0.0329 336 125 416 222
person 0.6746 26 113 163 258
person 0.6706 137 109 240 238
person 0.4999 277 125 351 222
person 0.4148 336 126 409 221
person 0.1273 260 260 304 315
person 0.0770 232 146 301 219
person 0.0447 314 267 345 303
person 0.0305 0 188 27 259
pottedplant 0.3130 314 263 345 300
pottedplant 0.2773 259 259 305 311
pottedplant 0.2385 336 250 385 291
pottedplant 0.0528 257 260 371 310
pottedplant 0.0513 385 143 445 210
pottedplant 0.0406 229 146 290 219
pottedplant 0.0403 244 149 289 181
pottedplant 0.0340 192 229 405 318
pottedplant 0.0325 237 145 312 191
pottedplant 0.0317 242 203 432 297
pottedplant 0.0287 347 128 452 214
sheep 0.0498 247 2 349 94
sofa 0.0517 0 217 496 370
sofa 0.0301 229 144 320 221
tvmonitor 0.0378 256 260 302 315
tvmonitor 0.0286 0 221 495 372
tvmonitor 0.0269 335 253 385 293
