aeroplane 0.0437 1 -4 494 270
aeroplane 0.0359 2 81 494 383
aeroplane 0.0333 68 1 372 153
boat 0.0545 68 3 371 157
boat 0.0517 1 -4 494 270
boat 0.0412 227 247 463 371
boat 0.0348 -1 198 497 372
bus 0.0432 2 81 494 383
car 0.0494 6 0 426 265
car 0.0470 2 81 494 383
car 0.0350 248 258 474 371
car 0.0342 68 3 371 157
chair 0.0333 -1 241 497 370
chair 0.0333 267 0 423 213
diningtable 0.1008 -1 241 497 370
person 0.2848 102 127 283 372
person 0.2830 0 40 184 372
person 0.2768 283 185 383 273
person 0.0883 -6 0 338 371
person 0.0846 48 123 438 371
person 0.0324 -1 4 98 321
pottedplant 0.0493 0 246 496 371
pottedplant 0.0456 462 8 493 82
sofa 0.0331 20 131 475 374
train 0.0543 20 34 475 337
tvmonitor 0.0807 243 258 470 371
tvmonitor 0.0367 356 0 498 372
