bird 0.0571 -1 0 114 149
boat 0.0474 33 0 462 371
cat 0.0452 3 0 375 372
cat 0.0448 74 287 491 371
cat 0.0404 3 0 187 371
cat 0.0398 -1 0 114 149
chair 0.0404 1 0 158 371
cow 0.1104 321 1 494 276
cow 0.0510 -3 -2 179 209
cow 0.0471 -2 0 115 160
cow 0.0424 33 0 462 371
dog 0.0538 -1 0 115 155
dog 0.0538 336 1 494 276
dog 0.0395 -2 -1 177 215
horse 0.1013 336 1 494 276
pottedplant 0.0537 2 0 173 371
sheep 0.4880 125 7 393 270
sheep 0.2352 -1 0 115 155
sheep 0.1933 321 0 494 185
sheep 0.1770 33 0 462 371
sheep 0.0486 348 30 498 341
