bottle 0.0542 351 -1 380 129
cat 0.0812 -1 -1 381 497
chair 0.1160 -1 -1 381 497
chair 0.0494 358 27 380 469
chair 0.0390 369 36 380 459
cow 0.0710 -1 -1 381 497
dog 0.7310 -2 55 328 494
horse 0.0678 -1 -1 381 497
person 0.1887 -1 -1 381 497
person 0.0958 334 7 380 379
person 0.0838 351 -1 380 129
person 0.0528 353 27 378 468
person 0.0479 375 0 380 129
person 0.0478 368 17 382 392
person 0.0444 330 9 378 197
person 0.0419 377 9 379 228
person 0.0367 377 19 378 187
person 0.0348 378 19 378 171
person 0.0346 63 6 220 239
sheep 0.0345 -1 -1 381 497
sofa 0.2088 -1 -1 381 497
