aeroplane 0.0698 401 128 492 148
aeroplane 0.0504 47 133 135 153
aeroplane 0.0491 54 137 89 150
aeroplane 0.0448 266 104 330 161
aeroplane 0.0345 209 133 231 142
aeroplane 0.0306 38 0 73 12
aeroplane 0.0305 480 132 492 144
aeroplane 0.0295 7 0 73 17
aeroplane 0.0293 -55 55 129 320
aeroplane 0.0287 218 172 378 188
aeroplane 0.0283 467 133 489 144
aeroplane 0.0279 270 100 319 140
aeroplane 0.0264 2 1 63 46
aeroplane 0.0258 387 87 498 158
bird 0.0746 258 103 330 168
bird 0.0704 307 66 360 87
bird 0.0657 44 0 75 11
bird 0.0633 13 0 74 17
bird 0.0497 270 100 319 140
bird 0.0484 263 171 302 183
bird 0.0441 243 171 338 183
bird 0.0359 337 154 354 179
bird 0.0335 253 170 280 184
bird 0.0311 214 133 234 143
boat 0.3211 198 178 398 191
boat 0.2955 248 102 348 174
boat 0.1933 401 131 492 150
boat 0.1090 209 131 231 140
boat 0.0890 369 74 500 161
boat 0.0761 389 104 496 152
boat 0.0592 247 94 427 166
boat 0.0565 204 72 447 189
boat 0.0549 47 133 135 153
boat 0.0519 303 112 410 149
boat 0.0476 54 137 96 150
boat 0.0442 474 136 490 151
boat 0.0409 318 100 458 155
boat 0.0382 291 181 352 188
boat 0.0355 205 110 313 151
boat 0.0349 192 132 217 140
boat 0.0335 211 118 292 143
boat 0.0335 257 174 293 185
boat 0.0306 145 84 248 146
boat 0.0306 237 180 312 188
boat 0.0280 137 135 163 146
boat 0.0263 391 140 408 157
boat 0.0258 367 126 440 150
boat 0.0255 491 144 495 169
bottle 0.0349 218 172 378 188
bottle 0.0283 240 100 363 181
bottle 0.0270 261 104 335 167
bus 0.0483 401 133 492 153
bus 0.0374 205 175 391 190
car 0.0560 401 133 492 153
car 0.0378 491 133 496 149
car 0.0351 490 139 496 163
car 0.0336 479 134 492 147
car 0.0296 209 131 231 140
chair 0.0363 397 133 488 153
person 0.3876 340 154 357 179
person 0.1377 263 171 302 183
person 0.1249 236 169 352 185
person 0.0545 302 169 325 180
person 0.0533 387 147 397 165
person 0.0488 248 102 348 174
person 0.0447 233 170 269 184
person 0.0417 490 136 496 156
person 0.0373 491 144 495 169
person 0.0310 359 175 378 189
pottedplant 0.0274 209 131 231 140
sheep 0.0296 261 104 335 167
train 0.0468 401 133 492 153
train 0.0409 205 175 391 190
train 0.0330 238 100 358 181
