aeroplane 0.0315 5 0 51 8
aeroplane 0.0240 1 -2 494 309
bird 0.0348 71 0 111 8
bird 0.0216 5 0 51 8
boat 0.0494 5 0 51 8
boat 0.0215 1 -2 494 309
bottle 0.0253 44 0 490 301
bottle 0.0235 433 4 483 86
bus 0.0618 1 -2 494 309
car 0.6099 56 2 494 299
car 0.0588 5 0 51 8
car 0.0244 71 0 111 8
car 0.0208 0 0 11 8
chair 0.0247 1 1 64 7
chair 0.0204 1 1 494 370
cow 0.0206 1 0 48 8
motorbike 0.0446 95 0 501 372
person 0.0293 71 0 111 8
person 0.0261 117 357 143 371
person 0.0220 136 0 506 301
pottedplant 0.0336 70 1 120 7
pottedplant 0.0259 5 0 51 8
sheep 0.0396 1 0 48 8
train 0.0284 1 -2 494 309
tvmonitor 0.0269 0 -3 495 299
tvmonitor 0.0237 433 4 483 86
tvmonitor 0.0217 0 165 26 300
tvmonitor 0.0215 0 178 18 363
