bicycle 0.8086 60 15 489 321
bicycle 0.0279 72 70 367 272
bicycle 0.0220 6 1 168 370
bottle 0.1815 1 115 103 350
bottle 0.0285 67 27 475 314
bottle 0.0282 316 -2 397 93
bottle 0.0268 377 3 400 28
bottle 0.0206 3 53 156 365
cat 0.0374 -1 1 98 370
chair 0.0360 -1 1 98 370
diningtable 0.0281 0 1 105 370
person 0.0713 0 1 105 370
person 0.0275 314 6 345 90
person 0.0202 315 -2 391 92
pottedplant 0.0408 315 -2 391 92
pottedplant 0.0375 0 0 128 371
pottedplant 0.0223 0 1 65 371
pottedplant 0.0217 377 3 400 28
tvmonitor 0.0501 316 -2 397 93
tvmonitor 0.0342 -1 1 98 370
tvmonitor 0.0209 371 5 405 79
