aeroplane 0.0443 8 12 104 65
aeroplane 0.0373 0 138 34 238
aeroplane 0.0284 140 0 206 19
aeroplane 0.0276 22 1 89 42
aeroplane 0.0260 234 1 277 8
aeroplane 0.0204 -1 7 35 59
boat 0.0459 14 1 98 54
boat 0.0459 233 0 285 13
boat 0.0416 0 138 33 233
boat 0.0321 136 0 210 25
boat 0.0305 350 0 496 43
boat 0.0250 27 136 491 306
boat 0.0212 56 0 87 25
boat 0.0206 289 0 330 8
bottle 0.0257 127 141 141 177
bus 0.0756 0 138 34 238
bus 0.0374 3 117 22 171
bus 0.0225 21 137 473 304
car 0.7449 10 136 462 305
car 0.4577 0 138 33 233
car 0.0731 0 138 74 233
car 0.0357 234 1 277 8
car 0.0245 469 2 494 18
car 0.0244 129 0 209 26
car 0.0235 289 0 330 8
car 0.0219 489 0 497 13
car 0.0214 5 21 99 69
chair 0.0256 0 138 34 238
motorbike 0.0281 0 138 33 233
person 0.1713 127 141 141 177
person 0.0475 249 150 293 191
person 0.0449 3 117 22 171
person 0.0362 1 128 25 190
person 0.0317 0 139 29 237
person 0.0308 176 147 225 183
person 0.0287 -2 122 6 226
person 0.0262 0 124 4 212
person 0.0230 156 146 198 184
pottedplant 0.0705 206 110 234 138
pottedplant 0.0502 0 0 33 43
pottedplant 0.0422 3 0 31 25
pottedplant 0.0327 40 0 79 25
pottedplant 0.0281 129 0 209 26
pottedplant 0.0200 234 1 277 8
sheep 0.0217 0 138 33 233
sheep 0.0217 236 0 282 8
train 0.0354 0 136 34 229
train 0.0308 350 12 496 113
tvmonitor 0.0206 0 136 29 229
