aeroplane 0.2119 422 19 486 45
aeroplane 0.0651 468 16 487 33
aeroplane 0.0540 478 15 493 34
aeroplane 0.0284 52 37 161 84
boat 0.0608 422 19 486 45
boat 0.0403 53 38 167 84
boat 0.0307 450 38 497 99
boat 0.0278 490 17 496 36
bus 0.0816 421 21 487 48
bus 0.0695 264 3 309 36
bus 0.0383 52 37 161 84
bus 0.0337 418 33 459 51
bus 0.0302 420 35 442 50
bus 0.0285 363 21 382 38
bus 0.0281 444 35 495 92
bus 0.0272 462 20 485 39
car 0.8936 119 48 493 325
car 0.7687 139 31 301 101
car 0.7521 52 37 161 84
car 0.4113 444 36 496 95
car 0.2639 418 24 483 50
car 0.1061 460 58 495 136
car 0.0722 368 25 384 39
car 0.0671 359 26 378 38
car 0.0621 349 27 372 37
car 0.0583 451 26 489 48
car 0.0580 334 27 356 37
car 0.0541 461 23 486 41
car 0.0537 341 27 364 37
car 0.0527 474 24 490 40
car 0.0509 431 44 493 182
car 0.0491 179 42 237 59
car 0.0486 492 30 494 76
car 0.0483 492 54 495 125
car 0.0449 491 22 496 42
car 0.0433 490 17 496 36
car 0.0395 460 35 495 212
car 0.0394 190 38 219 52
car 0.0362 123 40 145 50
car 0.0353 176 38 202 52
car 0.0332 73 41 210 75
car 0.0318 1 22 16 42
car 0.0277 384 31 494 206
motorbike 0.0422 420 35 442 50
motorbike 0.0375 418 27 482 52
motorbike 0.0332 445 39 495 129
motorbike 0.0292 52 37 161 84
motorbike 0.0278 460 60 496 140
person 0.0625 420 35 442 50
person 0.0396 468 18 487 36
person 0.0381 264 3 309 36
person 0.0381 490 40 496 107
person 0.0366 490 17 496 36
person 0.0365 474 24 490 40
person 0.0359 368 28 384 40
person 0.0346 460 41 495 127
person 0.0341 474 13 490 30
person 0.0325 491 22 496 42
person 0.0323 472 38 498 110
person 0.0310 464 32 492 63
person 0.0310 187 41 222 55
person 0.0305 492 47 494 121
person 0.0305 492 30 494 76
person 0.0297 2 1 24 37
person 0.0293 476 32 494 73
person 0.0293 431 28 492 57
pottedplant 0.0364 3 4 30 39
pottedplant 0.0348 0 4 18 39
train 0.0459 421 21 487 48
tvmonitor 0.0274 260 3 305 35
