aeroplane 0.0693 5 149 38 190
aeroplane 0.0333 18 228 57 322
aeroplane 0.0325 0 121 12 218
aeroplane 0.0285 0 129 23 210
bicycle 0.0328 0 201 27 489
bird 0.1639 284 154 335 215
boat 0.0932 5 153 38 193
boat 0.0504 0 121 12 218
boat 0.0465 -1 121 24 249
boat 0.0400 -1 73 24 344
bottle 0.0457 255 239 269 264
bottle 0.0361 0 207 23 491
bottle 0.0280 86 256 103 277
bottle 0.0271 1 184 6 373
bottle 0.0267 0 192 12 451
bus 0.0342 118 199 249 304
car 0.1291 86 252 104 274
car 0.1173 73 261 85 281
car 0.0392 255 239 269 264
car 0.0343 277 241 295 262
car 0.0273 1 204 6 385
cat 0.0491 289 155 334 214
chair 0.0308 18 233 57 339
chair 0.0289 1 194 11 402
chair 0.0281 2 213 5 407
dog 0.0350 289 155 334 214
motorbike 0.0425 73 261 85 281
motorbike 0.0345 84 256 101 277
motorbike 0.0273 0 197 23 493
person 0.0383 289 155 334 214
person 0.0358 73 261 85 281
person 0.0354 0 194 18 489
person 0.0327 0 117 7 206
person 0.0321 1 197 11 430
person 0.0319 86 256 103 277
person 0.0303 258 239 271 263
person 0.0297 1 144 6 351
person 0.0297 0 92 3 216
person 0.0292 0 106 12 358
pottedplant 0.0907 18 229 57 328
pottedplant 0.0397 289 155 334 214
pottedplant 0.0391 0 132 17 364
pottedplant 0.0377 0 197 23 493
pottedplant 0.0322 70 260 83 282
pottedplant 0.0322 6 155 27 402
pottedplant 0.0317 1 170 11 388
pottedplant 0.0309 86 256 103 277
pottedplant 0.0275 0 125 12 222
pottedplant 0.0274 0 217 44 488
pottedplant 0.0270 0 117 7 206
pottedplant 0.0268 254 243 266 267
pottedplant 0.0267 1 202 6 371
pottedplant 0.0266 2 149 36 197
sheep 0.0270 284 154 335 215
train 0.7277 116 199 246 303
train 0.0359 217 230 245 264
train 0.0319 185 228 256 267
train 0.0299 218 222 255 258
train 0.0265 224 232 258 262
tvmonitor 0.0462 1 170 11 388
tvmonitor 0.0373 0 132 17 364
tvmonitor 0.0296 18 229 57 328
tvmonitor 0.0278 1 204 6 385
