aeroplane 0.0258 460 356 495 373
bicycle 0.0280 3 231 7 304
bird 0.0386 232 182 277 323
bird 0.0377 188 181 227 324
bird 0.0346 12 189 55 347
bird 0.0291 384 332 470 373
bird 0.0258 387 350 459 373
boat 0.0325 460 356 495 373
boat 0.0242 111 77 384 294
bottle 0.0318 0 346 12 371
bottle 0.0301 3 236 7 305
car 0.0464 3 229 7 300
car 0.0336 467 361 496 373
car 0.0305 0 201 4 281
car 0.0277 3 256 7 308
car 0.0275 212 180 251 320
car 0.0274 187 177 228 324
car 0.0261 231 178 278 322
cat 0.0247 0 346 12 371
chair 0.0332 462 360 494 373
chair 0.0253 3 231 7 304
chair 0.0253 7 218 19 329
dog 0.0333 0 346 18 371
dog 0.0274 188 181 227 324
dog 0.0266 232 182 277 323
horse 0.0295 15 192 57 347
horse 0.0266 232 182 277 323
horse 0.0245 3 231 7 304
motorbike 0.0393 3 229 7 300
motorbike 0.0291 3 249 7 304
motorbike 0.0256 2 214 8 280
person 0.7373 100 180 145 348
person 0.7357 229 180 274 324
person 0.7208 15 189 57 346
person 0.7148 185 179 225 326
person 0.0860 3 231 7 304
person 0.0803 3 223 7 288
person 0.0600 2 192 9 273
person 0.0600 143 220 156 309
person 0.0351 236 197 267 262
person 0.0333 234 234 269 319
person 0.0330 5 178 45 281
person 0.0267 387 332 474 373
person 0.0266 197 185 243 292
person 0.0254 98 184 154 275
person 0.0251 238 185 265 215
person 0.0243 428 367 481 372
pottedplant 0.0621 461 307 494 374
pottedplant 0.0478 466 350 497 373
pottedplant 0.0364 3 224 7 293
pottedplant 0.0306 2 200 8 271
pottedplant 0.0305 433 266 491 374
pottedplant 0.0294 492 297 495 379
pottedplant 0.0286 387 332 474 373
pottedplant 0.0264 461 217 494 377
pottedplant 0.0259 423 358 478 371
pottedplant 0.0252 280 243 331 321
sheep 0.0351 0 349 12 373
sheep 0.0339 215 1 491 371
tvmonitor 0.0245 460 350 495 373
