bird 0.0360 -2 173 99 332
bird 0.0204 366 268 496 329
bottle 0.0272 379 274 499 329
cat 0.7284 -3 39 499 325
cat 0.0230 305 0 510 329
chair 0.0343 -2 42 498 327
cow 0.0206 397 269 496 329
diningtable 0.0233 -6 22 502 307
dog 0.0363 397 269 496 329
dog 0.0271 -2 169 99 331
dog 0.0235 -1 45 497 329
horse 0.0247 397 269 496 329
horse 0.0234 0 179 96 330
person 0.0652 -2 169 99 331
person 0.0357 375 269 495 329
person 0.0262 -2 42 498 327
person 0.0241 -2 295 99 329
sheep 0.0236 397 269 496 329
sofa 0.0239 -2 42 498 327
tvmonitor 0.0427 -2 42 498 327
