bird 0.0318 24 123 73 271
bottle 0.0638 453 0 487 14
bottle 0.0467 432 0 477 12
bottle 0.0402 477 0 494 14
bottle 0.0332 408 0 477 8
bottle 0.0303 155 165 207 276
bottle 0.0277 1 125 10 223
bottle 0.0270 0 181 11 284
bottle 0.0262 -2 143 7 286
bottle 0.0257 0 112 5 259
bottle 0.0257 0 155 18 280
bus 0.8157 138 0 489 279
car 0.0355 19 138 38 233
car 0.0334 145 -2 498 268
car 0.0292 8 132 33 239
car 0.0277 14 124 43 259
chair 0.1254 130 181 170 254
chair 0.0372 0 192 11 290
chair 0.0351 448 0 485 18
chair 0.0346 0 155 18 280
chair 0.0300 19 138 38 233
chair 0.0296 11 125 46 270
chair 0.0283 421 0 473 8
diningtable 0.0356 130 185 169 256
horse 0.0275 0 189 11 288
person 0.7022 223 165 279 369
person 0.6791 24 123 73 271
person 0.5148 3 123 22 276
person 0.4708 156 178 222 375
person 0.1433 156 162 205 261
person 0.1189 453 0 487 14
person 0.1111 245 43 296 116
person 0.0936 165 153 204 218
person 0.0890 131 0 489 278
person 0.0842 1 125 17 217
person 0.0636 19 138 38 233
person 0.0632 0 181 11 284
person 0.0538 29 123 67 177
person 0.0486 202 72 238 129
person 0.0466 221 178 273 287
person 0.0381 167 69 328 167
person 0.0352 129 177 170 247
person 0.0319 20 164 45 259
person 0.0305 385 0 469 7
person 0.0302 255 90 310 134
person 0.0264 1 110 3 167
pottedplant 0.0371 452 0 488 18
pottedplant 0.0356 460 0 487 10
pottedplant 0.0306 442 0 474 9
pottedplant 0.0290 408 0 477 8
pottedplant 0.0285 1 115 10 144
pottedplant 0.0256 427 1 482 17
train 0.0289 15 -4 480 282
tvmonitor 0.0468 353 0 494 113
tvmonitor 0.0330 378 1 468 7
tvmonitor 0.0267 190 2 313 6
