bird 0.7357 132 234 246 361
bird 0.2192 126 0 252 51
bird 0.0817 196 1 270 41
bird 0.0541 75 3 214 55
bird 0.0396 3 415 65 494
bird 0.0383 10 -1 251 44
bird 0.0297 9 428 155 496
bird 0.0284 233 295 470 496
bird 0.0268 156 2 355 48
bird 0.0243 65 447 173 493
boat 0.0237 242 259 468 493
bottle 0.0268 0 466 11 498
bottle 0.0265 233 289 470 494
bottle 0.0248 51 362 69 390
cat 0.0509 127 -1 251 44
cat 0.0486 130 234 242 355
cat 0.0442 242 289 468 494
cat 0.0319 196 1 270 41
chair 0.0313 242 289 468 494
cow 0.0464 305 297 464 495
diningtable 0.0305 15 3 452 492
dog 0.0446 273 290 466 494
dog 0.0283 132 0 253 43
dog 0.0254 196 1 270 41
horse 0.0300 305 297 464 495
person 0.0285 120 0 250 51
person 0.0242 124 232 241 357
pottedplant 0.1789 1 428 149 497
pottedplant 0.0882 271 138 417 224
pottedplant 0.0818 65 447 173 493
pottedplant 0.0545 126 0 252 51
pottedplant 0.0533 3 415 65 494
pottedplant 0.0532 240 429 301 495
pottedplant 0.0499 0 452 17 496
pottedplant 0.0416 333 -7 466 127
pottedplant 0.0405 132 234 246 361
pottedplant 0.0383 -1 418 18 499
pottedplant 0.0368 114 478 198 494
pottedplant 0.0333 291 125 448 253
pottedplant 0.0306 149 485 222 495
pottedplant 0.0299 107 8 456 487
pottedplant 0.0290 51 362 69 390
pottedplant 0.0274 143 491 214 496
sheep 0.0964 273 290 466 494
sheep 0.0237 132 0 253 43
