aeroplane 0.0587 36 2 108 5
aeroplane 0.0373 99 3 161 5
aeroplane 0.0330 4 2 45 6
aeroplane 0.0285 44 3 154 5
aeroplane 0.0264 3 3 78 5
aeroplane 0.0226 103 3 188 5
bird 0.8596 170 147 324 236
bird 0.0397 42 2 109 6
bird 0.0300 89 3 155 5
bird 0.0247 37 3 145 5
bird 0.0222 5 1 36 7
bird 0.0221 60 3 154 5
bird 0.0204 6 3 82 5
boat 0.1050 36 2 108 5
boat 0.0713 89 3 164 5
boat 0.0508 3 1 31 7
boat 0.0448 5 3 92 5
boat 0.0404 -1 2 67 6
boat 0.0240 104 3 203 5
car 0.0514 35 3 100 5
car 0.0463 5 1 36 7
car 0.0406 99 3 161 5
car 0.0317 4 3 69 5
car 0.0299 44 3 154 5
car 0.0213 103 3 188 5
chair 0.0210 42 2 109 6
pottedplant 0.0399 35 3 100 5
pottedplant 0.0305 5 1 36 7
pottedplant 0.0266 89 3 155 5
pottedplant 0.0210 4 3 69 5
pottedplant 0.0200 44 3 154 5
sheep 0.0326 36 2 108 5
sheep 0.0309 89 3 164 5
sheep 0.0286 3 1 31 7
sheep 0.0226 3 3 78 5
sheep 0.0208 51 3 154 5
