bus 0.7854 -1 134 143 348
bus 0.6489 201 132 285 250
bus 0.1375 233 136 324 246
bus 0.1243 149 196 174 210
bus 0.0839 322 1 501 370
bus 0.0619 170 197 200 209
bus 0.0618 198 167 234 228
bus 0.0551 200 192 216 214
bus 0.0537 191 195 210 212
bus 0.0515 178 195 207 211
bus 0.0483 286 181 303 226
bus 0.0473 296 185 308 221
bus 0.0409 211 187 237 237
bus 0.0406 483 180 495 238
bus 0.0381 304 183 316 223
bus 0.0373 244 196 267 233
bus 0.0346 226 209 261 244
bus 0.0325 321 196 331 222
bus 0.0298 145 212 184 281
bus 0.0289 174 208 226 268
bus 0.0289 481 143 497 233
bus 0.0288 129 197 147 209
bus 0.0288 265 199 277 230
car 0.5282 169 208 224 268
car 0.3968 146 210 185 278
car 0.1367 149 199 173 213
car 0.1110 150 202 173 221
car 0.1063 225 211 254 248
car 0.0987 153 206 177 241
car 0.0907 213 210 235 255
car 0.0667 477 193 495 242
car 0.0647 317 208 327 233
car 0.0631 309 205 318 231
car 0.0487 475 137 496 211
car 0.0434 482 155 497 239
car 0.0313 201 132 285 250
car 0.0312 491 124 495 171
car 0.0309 225 224 277 340
car 0.0294 206 190 226 234
chair 0.0312 221 226 275 344
motorbike 0.0366 321 208 330 233
motorbike 0.0336 146 210 185 278
motorbike 0.0321 309 208 318 232
person 0.1092 321 208 330 233
person 0.0954 306 208 314 233
person 0.0484 201 132 285 250
person 0.0462 -3 134 133 348
person 0.0459 153 201 177 216
person 0.0349 202 189 223 228
person 0.0340 38 186 50 203
person 0.0330 109 262 120 302
person 0.0324 299 147 313 171
person 0.0313 261 195 272 228
person 0.0310 207 198 233 243
person 0.0296 37 190 51 222
person 0.0290 153 206 177 241
person 0.0289 250 197 268 232
person 0.0287 88 192 102 208
pottedplant 0.0310 321 208 330 233
train 0.1385 316 1 499 371
train 0.0363 149 199 173 213
train 0.0320 -1 134 143 348
