bottle 0.1011 468 1 495 53
bottle 0.0472 463 1 493 371
car 0.0384 -1 35 498 383
chair 0.0425 85 2 535 369
chair 0.0409 463 1 493 371
chair 0.0396 3 97 312 357
chair 0.0312 476 15 495 209
dog 0.0361 271 41 497 370
horse 0.0421 249 41 496 371
person 0.7052 7 104 316 366
person 0.4513 277 41 499 370
person 0.4462 11 110 100 290
person 0.1305 467 0 496 371
person 0.1016 462 12 494 60
person 0.0800 468 15 495 151
person 0.0498 196 70 337 213
person 0.0475 -1 35 498 383
person 0.0471 401 40 500 372
person 0.0435 375 -3 479 70
person 0.0365 29 117 83 201
person 0.0363 470 288 494 353
sofa 0.0444 -1 35 498 383
sofa 0.0345 9 101 314 358
train 0.0331 -1 35 498 383
tvmonitor 0.0355 0 7 495 365
