aeroplane 0.0454 20 47 302 371
aeroplane 0.0255 491 282 495 324
bicycle 0.0383 20 47 302 371
bicycle 0.0214 491 284 495 333
bird 0.0246 20 47 302 371
bird 0.0231 491 286 495 342
boat 0.0306 491 282 495 324
bus 0.0210 491 282 495 324
car 0.0492 491 282 495 324
chair 0.0235 491 282 495 324
cow 0.0543 485 286 494 343
cow 0.0512 491 284 495 333
cow 0.0241 491 292 496 372
dog 0.0227 491 284 495 333
horse 0.7301 17 42 298 370
horse 0.0500 485 286 494 343
horse 0.0233 484 301 495 374
motorbike 0.0220 491 284 495 333
person 0.0583 491 283 495 328
sheep 0.0430 491 286 495 342
sheep 0.0271 491 275 495 318
sheep 0.0226 491 292 496 372
sheep 0.0209 492 299 495 377
train 0.0240 491 282 495 324
