bird 0.0309 226 252 299 422
bird 0.0221 141 158 198 329
car 0.0548 305 242 329 269
car 0.0470 127 148 201 316
car 0.0248 157 156 212 309
cat 0.0204 1 -17 328 216
chair 0.0212 133 145 206 303
cow 0.1082 111 147 165 246
cow 0.0750 113 143 178 298
cow 0.0434 221 235 299 416
cow 0.0227 168 152 192 187
dog 0.0359 221 246 299 420
dog 0.0296 111 147 165 246
horse 0.5794 72 198 292 414
horse 0.1838 54 213 201 438
horse 0.1069 221 235 299 416
horse 0.0795 115 154 198 325
horse 0.0441 111 147 165 246
horse 0.0376 167 249 291 410
horse 0.0243 157 159 207 320
horse 0.0212 178 201 275 278
horse 0.0202 127 169 253 341
motorbike 0.0382 123 152 200 327
person 0.4705 145 159 199 328
person 0.4274 193 120 238 273
person 0.0489 226 246 299 420
person 0.0442 170 154 194 192
person 0.0346 143 147 252 309
person 0.0314 143 150 211 259
person 0.0206 171 265 287 409
sheep 0.0528 111 147 165 246
train 0.0227 120 144 208 304
train 0.0219 298 242 326 269
