bottle 0.0379 0 183 11 258
bus 0.0624 -4 38 125 204
bus 0.0613 65 6 500 177
bus 0.0360 360 39 501 139
car 0.8158 26 88 484 348
car 0.2621 352 39 502 162
car 0.2498 -3 89 131 206
car 0.0543 0 124 34 259
car 0.0528 0 157 12 261
car 0.0514 462 73 494 169
car 0.0490 76 9 505 175
car 0.0471 428 73 496 192
car 0.0468 -1 63 59 132
car 0.0446 474 41 497 154
car 0.0439 3 127 62 256
car 0.0434 -6 92 236 220
car 0.0394 0 136 174 270
car 0.0390 490 43 496 152
car 0.0366 456 43 499 129
car 0.0361 0 200 11 288
motorbike 0.0384 0 169 18 260
person 0.2835 338 47 375 89
person 0.1972 305 42 354 89
person 0.0962 261 108 312 163
person 0.0960 260 35 328 90
person 0.0750 0 178 12 257
person 0.0549 1 47 17 78
person 0.0507 -3 68 53 133
person 0.0400 0 207 11 287
person 0.0373 -1 36 51 118
person 0.0348 88 11 492 161
train 0.0391 -4 34 125 202
