aeroplane 0.0358 319 118 340 164
bicycle 0.0491 257 133 300 180
bicycle 0.0479 309 126 342 174
bicycle 0.0307 317 151 397 242
bird 0.0610 322 118 338 148
bird 0.0588 257 133 300 180
bird 0.0522 309 126 342 174
bird 0.0367 366 122 388 161
bird 0.0335 351 125 371 158
bird 0.0331 272 123 291 154
bottle 0.0305 151 123 188 154
cow 0.0873 257 133 300 180
cow 0.0677 309 126 342 174
cow 0.0595 317 151 397 242
cow 0.0399 60 147 130 253
cow 0.0396 284 137 327 175
cow 0.0364 325 117 340 148
cow 0.0323 339 126 375 174
dog 0.0749 257 133 300 180
dog 0.0538 309 126 342 174
dog 0.0437 317 151 397 242
dog 0.0340 325 117 340 148
dog 0.0339 284 137 327 175
horse 0.7479 121 140 279 272
horse 0.7333 371 152 499 260
horse 0.5177 260 134 305 178
horse 0.4568 60 147 130 253
horse 0.4510 316 148 397 240
horse 0.4085 303 132 340 175
horse 0.1328 102 136 189 258
horse 0.0827 339 126 375 174
horse 0.0703 359 121 394 209
horse 0.0453 373 122 394 172
horse 0.0310 132 118 198 200
motorbike 0.0358 319 118 340 164
motorbike 0.0339 257 133 300 180
motorbike 0.0332 309 126 342 174
motorbike 0.0309 139 123 184 172
person 0.5058 426 116 459 213
person 0.3563 87 128 126 201
person 0.3287 369 122 391 167
person 0.3148 154 116 208 225
person 0.3005 325 117 340 148
person 0.2702 270 122 288 155
person 0.1061 95 128 118 161
person 0.0783 257 133 300 180
person 0.0735 336 123 353 159
person 0.0482 317 151 397 242
person 0.0470 298 126 314 157
person 0.0374 102 136 189 258
person 0.0367 490 155 496 257
person 0.0359 464 166 491 257
person 0.0351 332 128 412 231
person 0.0326 63 142 134 252
person 0.0314 429 118 449 141
sheep 0.0406 260 134 305 178
