bicycle 0.0351 71 0 119 21
bicycle 0.0266 265 121 315 179
bicycle 0.0256 90 0 131 20
bird 0.0729 265 121 315 179
bird 0.0387 339 131 366 181
bird 0.0342 228 127 290 185
boat 0.0282 493 112 493 172
bottle 0.0401 -1 308 13 373
bottle 0.0346 -2 330 20 375
bottle 0.0305 71 0 119 21
bottle 0.0260 265 121 315 179
bus 0.0289 493 112 493 172
car 0.0472 493 112 493 172
car 0.0266 -2 292 7 377
cat 0.0324 460 176 494 254
cat 0.0260 265 121 315 179
chair 0.4667 437 177 496 317
chair 0.0984 460 176 494 254
chair 0.0506 -2 319 20 374
chair 0.0427 339 137 366 186
chair 0.0388 494 180 493 308
chair 0.0352 494 188 493 312
chair 0.0316 0 325 50 374
chair 0.0308 254 126 311 186
chair 0.0297 494 179 493 274
chair 0.0275 276 121 319 167
chair 0.0262 -2 296 68 374
diningtable 0.0264 0 106 495 370
dog 0.0284 459 177 496 264
motorbike 0.0283 71 0 119 21
person 0.0616 340 129 366 177
person 0.0544 265 121 315 179
person 0.0491 -2 296 13 374
person 0.0388 493 114 494 175
person 0.0360 460 176 495 259
person 0.0303 0 258 12 365
person 0.0294 490 77 497 294
person 0.0288 494 179 493 303
person 0.0279 491 88 495 265
person 0.0266 67 -1 115 21
person 0.0263 494 186 493 308
person 0.0262 493 181 494 254
person 0.0260 459 94 496 295
pottedplant 0.1678 67 0 123 24
pottedplant 0.1444 266 124 314 182
pottedplant 0.1402 339 137 366 186
pottedplant 0.1207 234 126 300 186
pottedplant 0.0561 347 117 367 154
pottedplant 0.0473 306 130 337 164
pottedplant 0.0467 263 114 364 222
pottedplant 0.0464 11 145 38 191
pottedplant 0.0450 299 130 344 177
pottedplant 0.0447 346 94 367 142
pottedplant 0.0333 4 -2 123 28
pottedplant 0.0311 160 22 460 349
pottedplant 0.0302 308 121 335 150
pottedplant 0.0288 493 112 493 172
pottedplant 0.0281 326 110 349 149
pottedplant 0.0262 343 82 363 119
sofa 0.1336 443 178 496 316
sofa 0.0634 454 175 494 260
tvmonitor 0.0263 493 112 493 172
