aeroplane 0.0303 3 155 76 200
aeroplane 0.0284 108 174 158 202
aeroplane 0.0284 68 170 108 201
bird 0.0260 41 258 56 284
boat 0.1102 3 155 76 200
boat 0.0625 429 33 487 135
boat 0.0540 33 298 79 327
boat 0.0410 70 172 110 202
boat 0.0389 350 53 395 131
boat 0.0357 435 66 497 160
boat 0.0279 452 108 495 169
boat 0.0274 105 174 156 202
boat 0.0257 0 154 4 185
boat 0.0235 468 58 495 131
boat 0.0234 389 40 496 186
boat 0.0227 331 21 461 152
bottle 0.0429 44 259 59 288
bottle 0.0345 1 157 9 183
bottle 0.0286 30 302 74 328
bus 0.0774 1 149 73 202
bus 0.0582 68 170 108 201
bus 0.0378 108 174 158 202
bus 0.0374 1 161 9 189
bus 0.0311 6 157 19 183
bus 0.0284 187 121 456 233
bus 0.0266 2 149 8 180
bus 0.0252 27 125 77 173
bus 0.0246 2 155 39 195
bus 0.0237 9 120 80 189
car 0.6100 105 174 156 202
car 0.5572 68 170 108 201
car 0.0486 3 155 76 200
car 0.0472 0 157 4 188
car 0.0351 55 173 80 198
car 0.0264 30 302 74 328
car 0.0250 0 175 10 206
motorbike 0.0307 105 174 156 202
motorbike 0.0277 68 170 108 201
person 0.0848 44 259 59 288
person 0.0610 1 160 10 185
person 0.0255 95 175 126 201
pottedplant 0.0291 30 302 74 328
pottedplant 0.0246 41 258 56 284
pottedplant 0.0235 1 160 10 185
sheep 0.0244 68 172 108 203
sheep 0.0244 440 171 492 289
sheep 0.0240 372 -32 498 97
train 0.6593 189 120 455 230
train 0.0499 3 149 77 201
train 0.0445 431 107 494 170
train 0.0424 358 111 488 187
train 0.0321 68 170 108 201
train 0.0253 241 80 464 208
train 0.0251 105 174 156 202
train 0.0248 292 118 476 201
train 0.0248 20 123 77 175
train 0.0227 45 9 458 237
