bicycle 0.7805 330 166 446 340
bicycle 0.7372 95 120 204 286
bird 0.0205 459 24 497 95
boat 0.0200 1 88 126 213
bottle 0.0575 330 166 446 340
bottle 0.0448 95 120 204 286
bottle 0.0228 465 25 498 100
bottle 0.0204 338 78 438 164
bus 0.0206 -1 103 90 209
car 0.0224 2 0 25 8
car 0.0214 0 1 25 18
cat 0.0311 459 26 497 98
chair 0.0362 95 120 204 286
chair 0.0241 328 164 441 337
chair 0.0218 371 2 490 87
dog 0.0221 459 24 497 95
dog 0.0204 84 38 216 198
motorbike 0.0262 327 172 442 339
motorbike 0.0250 95 120 204 286
person 0.7432 332 78 444 316
person 0.6419 95 37 220 263
person 0.0362 91 39 216 144
person 0.0270 459 24 497 95
person 0.0221 376 0 494 83
person 0.0219 82 45 170 167
person 0.0201 489 20 497 99
sheep 0.0264 459 24 497 95
