bicycle 0.0223 79 127 95 149
bottle 0.0405 78 124 96 147
bus 0.0232 36 57 474 308
car 0.8344 43 56 475 303
car 0.0711 78 124 96 147
car 0.0531 73 108 164 157
car 0.0501 80 119 133 147
car 0.0262 33 124 56 141
car 0.0251 0 101 4 135
car 0.0222 7 102 26 123
motorbike 0.0567 79 127 95 149
person 0.1359 78 124 96 147
person 0.0268 0 96 4 134
person 0.0233 1 104 2 150
person 0.0226 2 103 16 127
person 0.0208 7 104 26 126
person 0.0202 2 108 2 157
pottedplant 0.0452 78 124 96 147
pottedplant 0.0241 28 70 68 120
pottedplant 0.0239 80 119 133 147
pottedplant 0.0238 33 85 63 116
pottedplant 0.0234 0 17 41 126
pottedplant 0.0233 0 63 17 109
pottedplant 0.0207 10 40 63 126
pottedplant 0.0201 5 79 28 110
