bird 0.0353 415 67 440 99
bottle 0.1032 1 2 26 129
bottle 0.0636 79 118 111 164
bottle 0.0627 323 164 344 201
bottle 0.0490 3 2 22 75
car 0.0515 45 283 302 375
chair 0.3786 45 283 302 375
chair 0.0938 53 206 309 369
chair 0.0783 0 226 43 373
chair 0.0563 225 297 301 372
chair 0.0514 -1 88 44 330
chair 0.0505 72 75 282 366
chair 0.0423 312 68 496 373
chair 0.0397 154 287 294 371
diningtable 0.0489 43 287 296 375
person 0.6367 312 63 496 372
person 0.5787 82 75 296 366
person 0.0649 3 129 39 359
person 0.0415 -4 52 46 343
person 0.0357 236 63 423 355
person 0.0344 490 6 496 124
person 0.0341 482 10 497 361
sofa 0.0993 45 283 302 375
sofa 0.0481 312 72 495 374
sofa 0.0473 77 77 293 370
sofa 0.0391 0 189 35 370
tvmonitor 0.7746 182 58 291 167
tvmonitor 0.0689 91 77 256 177
tvmonitor 0.0433 1 4 32 144
tvmonitor 0.0354 42 283 297 374
