aeroplane 0.0225 360 194 463 253
boat 0.0239 369 246 453 301
bottle 0.0615 426 286 444 319
bottle 0.0339 365 253 442 305
car 0.0290 367 247 448 300
car 0.0241 464 366 492 373
car 0.0236 487 366 500 373
cat 0.0336 3 238 140 373
chair 0.3643 5 243 138 373
chair 0.0918 221 200 251 253
chair 0.0737 128 246 390 371
chair 0.0471 367 247 448 300
chair 0.0436 360 194 463 253
chair 0.0406 362 206 468 294
chair 0.0401 4 247 264 375
chair 0.0356 474 297 497 372
chair 0.0315 453 199 494 366
chair 0.0289 458 322 497 371
chair 0.0275 419 308 497 373
chair 0.0255 465 362 498 372
chair 0.0246 491 219 495 374
chair 0.0243 474 215 497 378
chair 0.0221 420 357 496 371
diningtable 0.0419 5 243 138 373
diningtable 0.0250 369 246 453 301
person 0.0383 0 238 129 373
person 0.0226 491 260 496 375
person 0.0223 112 248 377 370
person 0.0206 367 249 448 303
person 0.0203 425 290 445 321
pottedplant 0.0270 361 192 462 243
pottedplant 0.0256 363 251 437 296
pottedplant 0.0232 427 288 450 322
pottedplant 0.0220 465 362 498 372
sofa 0.6464 124 248 387 374
sofa 0.1064 3 238 140 373
sofa 0.0379 361 211 469 301
sofa 0.0323 360 194 463 253
sofa 0.0311 367 247 448 300
sofa 0.0221 454 188 494 353
tvmonitor 0.1009 367 247 448 300
tvmonitor 0.0228 360 194 463 253
