bottle 0.6202 307 238 344 367
bottle 0.5127 392 223 422 359
bottle 0.4963 278 235 310 357
bottle 0.4867 355 225 389 368
bottle 0.4648 428 221 457 355
bottle 0.2991 345 184 367 251
bottle 0.1875 256 164 278 207
bottle 0.1772 461 271 495 340
bottle 0.1709 106 167 123 203
bottle 0.1439 391 219 416 257
bottle 0.0995 291 160 321 199
bottle 0.0650 346 172 367 222
bottle 0.0578 467 219 497 327
bottle 0.0575 136 323 202 370
bottle 0.0527 423 219 463 287
bottle 0.0526 219 365 338 369
bottle 0.0511 273 156 308 203
bottle 0.0497 344 219 370 304
bottle 0.0495 160 328 233 371
bottle 0.0488 236 365 305 370
bottle 0.0483 383 223 409 318
bottle 0.0476 374 211 394 253
bottle 0.0473 379 156 429 215
bottle 0.0465 367 213 385 257
bottle 0.0434 319 210 339 267
chair 0.0473 35 16 288 361
chair 0.0466 105 330 163 368
diningtable 0.2514 1 270 494 370
diningtable 0.1079 125 310 558 371
diningtable 0.0714 151 226 406 373
diningtable 0.0713 252 314 492 367
diningtable 0.0558 187 278 401 355
diningtable 0.0521 272 244 348 366
diningtable 0.0484 107 346 513 377
diningtable 0.0443 169 333 490 371
diningtable 0.0437 355 273 389 367
person 0.5730 68 16 262 302
person 0.1020 389 221 419 360
person 0.0957 355 222 389 366
person 0.0868 428 221 457 355
person 0.0765 307 238 344 367
person 0.0589 278 234 310 354
person 0.0523 461 268 495 338
person 0.0470 111 166 125 199
person 0.0444 115 148 137 217
pottedplant 0.0653 307 238 344 367
pottedplant 0.0602 104 326 164 367
pottedplant 0.0574 134 324 196 369
pottedplant 0.0507 461 271 495 340
pottedplant 0.0494 355 225 389 368
tvmonitor 0.1507 -2 173 36 262
tvmonitor 0.0801 474 209 497 285
