aeroplane 0.0695 -1 0 82 79
aeroplane 0.0430 38 -2 144 22
aeroplane 0.0299 10 -2 149 58
bicycle 0.8154 112 166 312 304
bicycle 0.0359 -1 60 20 123
bird 0.0320 409 2 429 11
boat 0.0816 296 6 354 83
boat 0.0430 307 3 407 5
boat 0.0410 0 0 96 79
boat 0.0405 301 60 350 77
boat 0.0383 429 5 495 79
bottle 0.0707 114 165 318 305
bottle 0.0573 412 88 442 119
bottle 0.0341 0 31 11 88
bottle 0.0340 409 4 429 15
bottle 0.0331 399 83 455 147
bus 0.0434 435 4 497 74
car 0.0527 -1 -1 82 74
car 0.0494 307 3 407 5
car 0.0437 0 4 10 74
car 0.0432 0 -1 19 62
car 0.0396 -1 21 6 87
car 0.0346 436 3 496 68
car 0.0325 470 25 493 76
car 0.0325 50 0 148 8
car 0.0324 493 29 494 79
car 0.0306 184 59 209 84
car 0.0300 409 2 429 11
chair 0.0457 460 60 495 175
chair 0.0341 393 83 468 159
motorbike 0.0536 -1 75 21 120
motorbike 0.0500 -1 28 20 120
motorbike 0.0388 0 27 17 86
motorbike 0.0360 0 22 58 109
person 0.8047 153 109 279 267
person 0.4579 458 50 497 162
person 0.1209 149 26 182 81
person 0.1093 0 24 11 83
person 0.0941 181 62 205 86
person 0.0859 90 45 131 91
person 0.0831 447 51 486 109
person 0.0826 414 1 432 12
person 0.0740 0 4 66 91
person 0.0714 470 51 493 109
person 0.0704 0 1 18 71
person 0.0498 479 30 493 89
person 0.0456 10 0 125 96
person 0.0452 421 2 488 93
person 0.0413 462 24 493 83
person 0.0410 493 29 494 79
person 0.0394 416 85 445 116
person 0.0362 406 81 456 143
person 0.0355 483 28 496 296
person 0.0340 492 70 495 237
person 0.0332 490 64 496 195
person 0.0320 269 57 303 80
person 0.0316 477 61 494 245
pottedplant 0.0318 0 4 10 74
pottedplant 0.0304 409 2 429 11
tvmonitor 0.0316 408 89 439 118
