aeroplane 0.0394 470 147 495 188
aeroplane 0.0300 41 198 87 251
aeroplane 0.0270 364 151 374 161
aeroplane 0.0251 363 156 374 166
bird 0.1167 44 205 84 252
bird 0.0402 364 154 374 163
bird 0.0348 330 156 344 169
bird 0.0333 363 157 373 169
bird 0.0298 332 153 342 164
bird 0.0277 282 121 306 165
bird 0.0266 82 146 116 171
bird 0.0258 38 143 97 210
boat 0.5441 282 121 306 165
boat 0.3757 326 118 348 164
boat 0.3671 49 88 110 172
boat 0.2979 353 118 376 163
boat 0.2081 28 148 92 222
boat 0.1444 82 146 116 171
boat 0.1434 364 151 374 161
boat 0.1404 476 145 495 185
boat 0.1394 17 93 103 224
boat 0.1029 331 155 343 166
boat 0.0956 41 118 126 199
boat 0.0925 6 105 67 194
boat 0.0693 67 114 115 176
boat 0.0679 5 108 45 226
boat 0.0644 416 151 478 179
boat 0.0605 444 146 488 184
boat 0.0540 348 149 358 160
boat 0.0526 304 123 324 160
boat 0.0460 41 198 87 251
boat 0.0373 415 153 447 168
boat 0.0345 45 96 184 186
boat 0.0328 93 129 175 179
boat 0.0309 126 140 166 164
boat 0.0308 407 79 494 199
boat 0.0293 82 111 195 172
boat 0.0281 118 126 174 160
boat 0.0257 380 136 419 163
boat 0.0255 379 107 421 176
bottle 0.0266 282 121 306 165
bus 0.0650 471 149 494 190
bus 0.0399 419 150 482 180
bus 0.0296 415 152 455 169
bus 0.0274 444 146 488 184
car 0.0815 476 148 495 190
car 0.0427 421 155 480 184
car 0.0296 367 152 377 161
person 0.0245 44 205 84 252
sheep 0.0433 367 152 377 161
sheep 0.0407 366 156 377 165
sheep 0.0389 282 121 306 165
sheep 0.0374 330 156 344 169
sheep 0.0315 41 198 87 251
sheep 0.0265 332 153 342 164
sheep 0.0247 54 88 112 171
train 0.0382 470 147 495 188
train 0.0315 416 151 478 179
