bicycle 0.0558 453 6 503 365
bottle 0.1171 46 2 106 70
bottle 0.0839 206 0 234 14
bottle 0.0701 1 1 56 64
bottle 0.0567 453 6 503 365
cat 0.4453 149 151 424 378
cat 0.2414 85 57 253 285
cat 0.1069 48 67 470 386
chair 0.1120 448 4 500 367
chair 0.1010 47 0 511 372
chair 0.0702 147 11 449 126
chair 0.0657 146 93 442 384
horse 0.0744 442 2 498 369
person 0.1213 442 2 498 369
person 0.1204 47 0 511 372
person 0.0591 138 87 442 384
person 0.0569 244 0 314 8
person 0.0567 378 0 499 372
person 0.0561 218 0 277 13
person 0.0556 209 0 239 14
sofa 0.0914 47 0 511 372
sofa 0.0640 146 10 450 120
sofa 0.0597 132 5 449 220
tvmonitor 0.0717 1 1 56 64
