chair 0.5334 320 293 402 370
chair 0.4053 208 277 264 340
chair 0.3475 358 254 410 286
chair 0.3279 120 224 156 258
chair 0.3097 275 249 322 275
chair 0.2987 227 277 299 346
chair 0.2944 59 263 100 307
chair 0.2876 217 246 262 271
chair 0.2752 2 322 71 371
chair 0.2752 104 223 141 259
chair 0.2559 85 264 129 312
chair 0.2482 6 236 35 298
chair 0.2452 54 219 88 257
chair 0.2404 240 247 278 270
chair 0.2340 84 222 107 255
chair 0.2194 324 254 358 281
chair 0.2176 124 271 176 322
chair 0.2153 25 239 63 302
chair 0.2083 158 272 212 327
chair 0.2058 359 249 424 356
chair 0.2029 156 237 190 263
chair 0.1948 7 310 113 371
chair 0.1686 83 265 138 352
chair 0.1559 187 246 214 266
chair 0.1434 47 237 88 304
chair 0.1310 343 255 386 285
chair 0.1273 34 308 163 373
chair 0.1226 54 263 105 354
chair 0.1182 402 255 429 292
chair 0.1105 200 252 272 317
chair 0.1069 112 236 172 311
chair 0.0933 66 273 280 367
chair 0.0932 12 266 30 298
chair 0.0922 115 230 161 287
chair 0.0819 136 240 211 312
chair 0.0793 208 271 388 346
chair 0.0747 146 270 278 335
chair 0.0746 83 227 114 290
diningtable 0.2791 6 302 364 374
diningtable 0.2650 194 267 426 349
diningtable 0.1226 142 267 204 326
diningtable 0.1212 59 330 499 375
diningtable 0.1208 126 270 182 323
diningtable 0.1153 320 293 402 370
diningtable 0.1077 170 271 223 323
diningtable 0.1044 208 277 264 340
diningtable 0.1017 130 259 302 329
diningtable 0.0986 158 339 438 372
diningtable 0.0859 21 235 60 300
diningtable 0.0850 9 237 40 298
diningtable 0.0804 68 270 153 371
diningtable 0.0742 152 294 468 375
diningtable 0.0716 88 224 110 258
diningtable 0.0712 97 265 139 316
sofa 0.1046 409 261 499 373
sofa 0.0788 7 296 347 373
sofa 0.0712 214 246 258 271
tvmonitor 0.5791 147 98 194 137
