bottle 0.0735 1 197 32 309
bottle 0.0616 3 235 210 370
bottle 0.0462 7 201 89 322
car 0.0431 444 310 496 371
chair 0.0767 165 28 502 266
diningtable 0.3277 1 228 206 371
diningtable 0.0575 8 199 487 371
person 0.3776 87 63 181 243
person 0.3030 382 -1 496 296
person 0.1245 1 0 49 166
person 0.1232 428 249 496 374
person 0.1069 0 126 18 227
person 0.1064 0 103 26 268
person 0.0979 -1 28 20 220
person 0.0979 22 3 113 169
person 0.0747 166 44 501 274
person 0.0676 429 121 495 373
person 0.0669 11 0 484 371
person 0.0668 11 167 77 227
person 0.0635 8 110 81 261
person 0.0565 59 17 311 355
person 0.0528 0 1 98 229
person 0.0440 493 254 493 369
person 0.0436 490 127 497 361
pottedplant 0.0634 1 187 33 295
sofa 0.1807 157 40 495 266
sofa 0.1008 70 2 503 369
