aeroplane 0.0236 492 186 494 267
bicycle 0.0979 45 237 106 291
bicycle 0.0257 17 0 133 372
bird 0.0238 46 230 105 287
boat 0.0330 492 193 494 266
boat 0.0318 18 0 133 324
boat 0.0316 491 222 495 284
boat 0.0314 13 0 412 373
bottle 0.2520 18 0 133 324
bottle 0.0248 491 199 495 272
bus 0.0458 491 181 495 266
bus 0.0351 491 222 495 284
bus 0.0326 14 0 419 373
bus 0.0259 442 140 490 290
car 0.0628 492 186 494 267
car 0.0572 491 222 495 284
car 0.0345 354 194 384 247
car 0.0314 337 210 353 225
car 0.0312 446 227 478 284
car 0.0267 399 201 440 287
car 0.0242 441 198 483 290
car 0.0239 391 206 416 294
car 0.0236 493 138 494 268
chair 0.0360 46 233 105 290
chair 0.0322 390 234 418 329
chair 0.0296 358 196 387 251
chair 0.0285 491 238 496 285
chair 0.0268 398 230 440 333
chair 0.0252 491 202 495 280
chair 0.0251 8 0 275 371
chair 0.0238 19 0 140 371
diningtable 0.0363 19 0 147 371
motorbike 0.0428 46 230 105 287
person 0.5392 396 199 442 335
person 0.0786 412 202 442 286
person 0.0766 491 197 495 267
person 0.0604 391 213 409 269
person 0.0400 46 230 105 287
person 0.0313 358 205 379 254
person 0.0290 363 202 389 257
person 0.0260 441 183 483 287
pottedplant 0.0412 45 237 106 291
pottedplant 0.0284 17 0 133 372
sheep 0.0353 15 0 129 372
train 0.0323 14 0 419 373
train 0.0243 492 193 494 266
tvmonitor 0.0695 165 158 197 189
tvmonitor 0.0574 14 0 419 373
tvmonitor 0.0488 62 30 292 341
