aeroplane 0.0330 9 6 47 22
aeroplane 0.0223 66 11 100 22
bicycle 0.7920 129 123 334 279
bird 0.0420 315 192 468 330
bird 0.0259 467 317 496 330
boat 0.0680 -2 -2 99 217
boat 0.0412 9 84 95 214
boat 0.0385 9 6 47 22
boat 0.0383 1 1 182 235
boat 0.0214 1 -7 49 223
bottle 0.0364 129 119 334 278
bottle 0.0241 468 321 495 330
bus 0.0404 9 6 47 22
bus 0.0225 149 22 283 266
bus 0.0209 35 8 69 19
car 0.1144 6 6 43 22
car 0.0629 66 11 100 22
car 0.0340 49 11 86 22
car 0.0255 78 12 151 26
cat 0.0457 316 189 467 328
chair 0.0243 129 108 326 273
chair 0.0220 5 82 91 216
chair 0.0216 312 190 465 327
cow 0.0586 315 192 468 330
dog 0.6269 315 192 468 330
horse 0.1208 315 192 468 330
motorbike 0.0306 129 119 334 278
person 0.7121 149 22 283 266
person 0.0287 215 302 256 328
person 0.0271 468 321 495 330
person 0.0214 489 325 498 332
pottedplant 0.0299 452 0 488 23
pottedplant 0.0248 467 317 496 330
sheep 0.0768 311 192 466 329
sofa 0.0210 316 186 467 326
train 0.0232 6 6 43 22
tvmonitor 0.0390 4 81 29 249
tvmonitor 0.0312 2 85 87 245
tvmonitor 0.0219 3 56 46 237
tvmonitor 0.0213 2 66 16 237
