aeroplane 0.1209 22 69 349 457
aeroplane 0.0510 21 161 136 372
aeroplane 0.0230 270 356 314 388
bicycle 0.0228 -9 63 302 494
bicycle 0.0213 17 163 135 378
bird 0.0442 117 70 311 448
boat 0.2314 21 161 136 372
boat 0.2004 116 72 312 454
boat 0.0237 4 39 283 487
boat 0.0215 298 215 317 288
boat 0.0201 277 354 322 391
bottle 0.0351 18 158 134 368
bus 0.0500 21 161 136 372
car 0.0321 21 161 136 372
car 0.0277 18 64 321 478
motorbike 0.0228 -9 58 303 491
person 0.0221 21 161 136 372
train 0.0989 21 161 136 372
train 0.0282 22 68 349 466
tvmonitor 0.0257 21 161 136 372
