boat 0.0449 -1 217 51 327
bottle 0.0605 270 121 303 170
bottle 0.0399 252 108 290 183
bottle 0.0305 224 108 271 152
bottle 0.0304 274 125 322 331
car 0.0555 0 284 51 327
car 0.0376 0 82 58 245
chair 0.1235 -2 78 68 327
chair 0.0767 1 81 56 199
chair 0.0483 383 242 431 328
chair 0.0456 41 50 328 328
chair 0.0425 376 252 486 329
chair 0.0402 461 253 494 333
chair 0.0398 431 253 493 328
chair 0.0377 491 235 495 330
chair 0.0320 484 211 495 322
chair 0.0317 8 68 135 326
person 0.3839 403 188 498 326
person 0.3790 34 45 313 329
person 0.2243 274 125 322 331
person 0.2041 380 208 435 320
person 0.0926 475 191 496 327
person 0.0858 392 215 431 267
person 0.0559 197 79 361 321
person 0.0556 441 187 491 259
person 0.0463 492 223 495 327
person 0.0417 -1 80 60 324
person 0.0364 492 187 495 301
person 0.0342 234 42 331 285
person 0.0318 491 249 495 332
person 0.0310 2 81 55 210
person 0.0309 281 108 316 235
sofa 0.0496 37 45 317 329
tvmonitor 0.0410 1 79 56 192
tvmonitor 0.0325 362 172 422 217
