bird 0.0737 -2 200 91 332
bird 0.0391 -1 198 27 261
bird 0.0377 347 15 374 49
bird 0.0355 241 50 316 97
boat 0.0649 241 19 449 195
cat 0.0461 -2 200 91 332
cat 0.0425 -1 198 27 261
chair 0.0460 186 217 496 330
cow 0.0719 -3 210 100 332
cow 0.0577 -1 200 20 259
cow 0.0360 0 187 51 282
dog 0.1341 -3 201 100 331
dog 0.0625 -1 195 21 259
horse 0.0808 -3 204 100 333
horse 0.0488 45 149 262 326
horse 0.0367 -1 201 20 263
person 0.5420 45 72 277 325
person 0.1158 -3 201 100 331
person 0.0693 347 15 374 49
person 0.0585 184 167 498 334
person 0.0450 -1 200 20 259
person 0.0386 128 83 468 324
pottedplant 0.0620 217 78 301 184
pottedplant 0.0500 164 254 197 330
pottedplant 0.0492 152 275 186 330
pottedplant 0.0446 157 317 188 329
pottedplant 0.0437 195 250 229 323
pottedplant 0.0432 269 16 421 111
pottedplant 0.0406 241 46 317 90
pottedplant 0.0384 194 286 238 329
sheep 0.0807 -1 200 20 259
sheep 0.0665 -3 210 93 333
sheep 0.0368 0 181 57 310
sofa 0.0357 185 202 498 330
