bicycle 0.0768 453 24 487 77
bicycle 0.0636 436 26 488 104
bicycle 0.0618 465 34 491 91
bird 0.1778 430 77 495 370
bird 0.0662 416 28 485 150
bird 0.0517 364 21 388 57
boat 0.0647 419 26 489 146
bottle 0.1194 281 -1 307 15
bottle 0.0762 266 0 291 14
bottle 0.0724 208 0 232 14
bottle 0.0621 428 38 496 380
bottle 0.0547 227 0 260 14
bottle 0.0522 445 15 471 57
cat 0.0863 429 74 496 368
cat 0.0745 9 0 321 347
chair 0.5407 7 1 324 370
chair 0.0710 364 102 403 116
diningtable 0.0829 5 0 318 371
dog 0.1039 429 74 496 368
horse 0.0761 429 20 495 369
person 0.1874 428 15 496 367
person 0.1535 416 31 485 158
person 0.0901 443 21 497 238
person 0.0796 364 21 388 57
person 0.0786 144 0 179 19
person 0.0563 167 0 202 14
person 0.0512 443 17 474 67
pottedplant 0.1324 320 37 354 112
pottedplant 0.1156 412 23 481 137
pottedplant 0.1015 436 18 474 78
pottedplant 0.0741 281 -1 307 15
pottedplant 0.0681 424 75 493 366
pottedplant 0.0614 465 28 490 73
pottedplant 0.0586 255 8 325 99
pottedplant 0.0555 362 101 398 117
pottedplant 0.0535 227 5 290 84
sheep 0.0712 430 77 495 370
sofa 0.1750 0 0 308 319
