bird 0.0306 337 -1 399 15
bottle 0.3130 99 265 153 369
chair 0.0424 49 57 321 373
diningtable 0.0302 36 253 279 370
motorbike 0.0318 87 230 158 370
person 0.6503 71 65 322 371
person 0.1838 216 93 263 190
person 0.1345 209 99 278 219
person 0.0609 224 121 287 250
person 0.0500 131 1 481 370
person 0.0340 176 87 358 324
person 0.0334 83 218 162 369
person 0.0332 21 16 247 355
person 0.0301 9 46 64 325
person 0.0287 427 57 489 173
pottedplant 0.0322 88 219 164 368
sofa 0.0403 85 64 331 371
train 0.0394 243 0 494 371
tvmonitor 0.0622 36 12 342 189
tvmonitor 0.0534 73 52 249 208
tvmonitor 0.0530 217 91 255 168
tvmonitor 0.0379 164 68 261 203
