bottle 0.1728 331 137 358 187
bottle 0.1500 45 240 91 307
bottle 0.0599 177 79 193 110
bottle 0.0565 312 137 331 181
bottle 0.0497 401 160 414 181
bottle 0.0463 357 141 380 183
bottle 0.0441 348 138 373 187
chair 0.1453 305 204 432 371
chair 0.0955 22 177 90 229
chair 0.0654 373 219 449 368
chair 0.0611 428 171 497 376
chair 0.0574 266 283 440 375
chair 0.0549 221 155 258 209
chair 0.0534 0 266 34 351
chair 0.0490 48 105 260 311
chair 0.0419 0 297 33 372
chair 0.0405 397 173 473 357
chair 0.0385 1 328 25 371
diningtable 0.4379 -2 275 310 371
diningtable 0.0530 45 288 473 369
person 0.8068 46 98 261 302
person 0.2678 301 194 428 370
person 0.0741 178 77 192 106
person 0.0500 226 156 260 209
pottedplant 0.1622 226 156 260 209
sofa 0.2712 21 177 83 234
sofa 0.0654 305 198 431 314
sofa 0.0543 -1 265 497 369
sofa 0.0456 44 105 263 317
tvmonitor 0.2480 263 98 310 156
tvmonitor 0.0481 442 164 498 354
