bird 0.0535 274 217 300 229
bird 0.0348 43 172 77 205
bird 0.0311 128 168 140 191
bird 0.0286 122 169 132 189
bird 0.0273 11 212 92 240
bird 0.0273 -1 168 91 232
bird 0.0245 76 176 90 201
boat 0.6387 1 -5 220 224
boat 0.3186 243 106 266 154
boat 0.2653 317 140 335 154
boat 0.2055 1 -3 103 199
boat 0.1174 169 22 208 208
boat 0.0961 288 145 308 155
boat 0.0916 11 212 92 240
boat 0.0855 2 0 47 208
boat 0.0543 -3 172 92 234
boat 0.0534 235 54 268 159
boat 0.0511 189 28 227 197
boat 0.0483 28 204 193 231
boat 0.0433 234 29 284 172
boat 0.0409 229 135 242 148
boat 0.0381 204 31 252 182
boat 0.0368 231 143 240 151
boat 0.0356 218 119 238 152
boat 0.0353 3 214 38 239
boat 0.0347 221 134 235 149
boat 0.0341 229 123 243 148
boat 0.0340 208 95 248 165
boat 0.0339 1 155 33 228
boat 0.0336 2 203 24 238
boat 0.0324 0 200 58 241
boat 0.0323 205 70 235 178
boat 0.0297 249 114 331 157
boat 0.0278 306 72 337 176
boat 0.0266 104 215 164 226
boat 0.0260 256 69 325 179
boat 0.0255 204 110 236 161
boat 0.0255 5 144 44 215
boat 0.0245 311 98 333 161
boat 0.0244 2 131 32 204
person 0.2285 125 169 136 190
person 0.1958 147 172 161 199
person 0.0743 62 175 81 202
person 0.0708 81 176 93 200
person 0.0700 72 175 87 201
person 0.0688 51 174 77 203
person 0.0663 82 174 92 191
person 0.0641 90 178 100 198
person 0.0606 34 169 78 207
person 0.0502 99 176 106 189
person 0.0423 -1 164 90 230
person 0.0410 2 149 32 216
person 0.0360 0 129 18 200
person 0.0336 193 176 208 201
person 0.0267 0 156 4 239
person 0.0265 0 203 18 238
person 0.0244 0 197 3 244
sheep 0.0262 274 217 300 229
