bicycle 0.0326 1 340 17 358
bird 0.0248 448 95 492 269
boat 0.0324 0 161 496 364
boat 0.0276 58 72 131 258
boat 0.0250 95 163 400 299
bottle 0.7492 212 64 297 277
bottle 0.7254 304 65 378 276
bottle 0.6803 122 61 201 269
bottle 0.6076 58 72 131 258
bottle 0.2396 372 64 435 277
bottle 0.0567 327 63 417 278
bottle 0.0547 140 206 189 261
bottle 0.0427 44 49 139 349
bottle 0.0412 379 192 420 264
bottle 0.0269 105 66 171 269
bottle 0.0257 122 52 467 277
bottle 0.0243 438 15 494 275
bus 0.0320 142 209 188 263
bus 0.0276 379 192 420 264
car 0.0618 -1 146 497 361
car 0.0433 95 163 400 299
car 0.0355 58 72 131 258
car 0.0294 142 209 188 263
car 0.0268 304 65 378 276
cat 0.0394 375 192 416 259
cat 0.0296 58 72 131 258
chair 0.0347 375 193 416 263
chair 0.0306 140 201 189 260
diningtable 0.0234 62 73 134 262
motorbike 0.0380 304 65 378 276
motorbike 0.0372 58 72 131 258
motorbike 0.0281 122 63 201 271
motorbike 0.0242 212 64 297 277
person 0.1792 375 193 416 263
person 0.1203 140 206 189 261
person 0.0730 302 66 374 275
person 0.0610 58 72 132 262
person 0.0584 211 65 292 276
person 0.0458 122 61 201 269
person 0.0293 3 340 22 358
person 0.0243 492 35 495 254
person 0.0239 489 7 497 265
pottedplant 0.0447 462 98 493 266
pottedplant 0.0393 304 65 378 276
pottedplant 0.0363 479 102 492 262
pottedplant 0.0353 52 70 131 259
pottedplant 0.0334 140 201 189 260
pottedplant 0.0305 122 61 201 269
pottedplant 0.0276 379 190 419 260
pottedplant 0.0247 212 64 297 277
pottedplant 0.0244 495 110 492 254
pottedplant 0.0239 3 343 22 360
sheep 0.0288 58 72 131 258
sofa 0.0266 31 98 527 370
sofa 0.0260 379 190 419 260
train 0.0260 0 161 496 364
tvmonitor 0.1244 379 190 419 260
tvmonitor 0.0818 140 206 189 261
tvmonitor 0.0324 72 158 423 309
tvmonitor 0.0304 369 139 485 294
tvmonitor 0.0261 52 70 131 259
