bicycle 0.1656 405 195 434 221
bicycle 0.0818 430 198 448 218
bicycle 0.0509 459 189 488 226
bird 0.0688 33 207 86 230
bird 0.0555 357 164 388 221
bird 0.0459 453 174 488 227
bird 0.0447 58 203 116 229
bird 0.0411 137 151 162 219
bird 0.0396 75 204 138 227
bird 0.0384 61 154 90 220
bird 0.0372 48 183 95 228
boat 0.0710 31 208 81 229
boat 0.0449 31 149 73 225
boat 0.0407 71 164 111 221
boat 0.0398 50 161 85 224
boat 0.0395 61 175 90 220
boat 0.0391 462 201 486 225
bottle 0.0691 410 196 436 220
bottle 0.0682 434 197 451 219
bottle 0.0651 421 198 440 218
bus 0.0370 277 97 437 200
car 0.0379 457 177 490 227
chair 0.0657 409 190 436 221
chair 0.0592 459 189 488 226
chair 0.0507 436 185 457 221
chair 0.0493 441 186 477 224
chair 0.0491 440 197 460 219
chair 0.0474 429 192 448 219
cow 0.0612 35 207 92 230
cow 0.0576 71 199 134 228
cow 0.0544 55 203 111 229
cow 0.0466 97 202 140 225
cow 0.0365 81 179 124 227
cow 0.0364 137 151 162 219
dog 0.0611 357 164 388 221
dog 0.0578 453 174 488 227
dog 0.0499 137 151 162 219
dog 0.0495 409 190 436 221
dog 0.0468 55 203 111 229
dog 0.0466 75 204 138 227
dog 0.0442 436 191 456 219
dog 0.0418 35 207 92 230
dog 0.0413 429 192 448 219
horse 0.6592 186 147 332 248
horse 0.3033 187 149 260 246
horse 0.0772 137 151 162 219
horse 0.0729 457 177 490 227
horse 0.0482 357 164 388 221
horse 0.0372 89 153 116 221
motorbike 0.0710 405 195 434 221
motorbike 0.0494 457 177 490 227
motorbike 0.0454 434 197 451 219
motorbike 0.0430 424 193 445 218
person 0.5536 357 164 388 221
person 0.5342 210 105 261 207
person 0.5040 453 170 487 226
person 0.4886 409 162 437 223
person 0.4826 90 150 115 219
person 0.4197 62 152 89 212
person 0.3502 137 151 162 219
person 0.1334 434 173 459 222
person 0.0783 224 112 254 164
person 0.0732 490 170 496 226
person 0.0591 325 161 364 224
person 0.0575 30 149 66 226
person 0.0556 281 124 292 142
person 0.0453 55 203 111 229
person 0.0445 33 203 86 229
person 0.0423 491 146 495 229
person 0.0370 490 204 497 223
pottedplant 0.0383 405 195 434 221
pottedplant 0.0381 434 197 451 219
sheep 0.1096 33 211 86 231
sheep 0.0939 70 204 136 228
sheep 0.0821 52 203 107 229
sheep 0.0385 62 182 112 229
sheep 0.0383 48 183 95 228
sofa 0.0366 453 178 488 227
