aeroplane 0.8142 1 119 494 346
aeroplane 0.0219 -9 163 255 320
aeroplane 0.0205 0 199 49 277
bicycle 0.0965 389 276 496 370
bicycle 0.0235 476 254 496 368
boat 0.0286 398 314 487 372
boat 0.0228 1 12 494 359
boat 0.0214 406 351 480 371
bottle 0.0252 485 226 494 368
bottle 0.0227 406 351 480 371
bottle 0.0223 491 254 496 369
bottle 0.0207 483 277 496 375
car 0.0302 491 254 496 369
car 0.0243 493 229 494 365
car 0.0240 386 259 498 370
car 0.0214 1 12 494 359
chair 0.0530 383 275 495 371
chair 0.0301 476 295 495 374
chair 0.0291 491 267 495 373
chair 0.0238 412 333 489 371
chair 0.0231 493 229 494 365
chair 0.0223 438 310 493 371
chair 0.0205 456 253 492 364
diningtable 0.0203 396 303 489 372
horse 0.0374 389 270 496 371
motorbike 0.0443 386 259 498 370
motorbike 0.0268 482 255 497 368
motorbike 0.0260 468 254 496 369
motorbike 0.0227 1 12 494 359
motorbike 0.0200 438 258 493 365
person 0.6235 386 202 499 373
person 0.0582 478 221 493 367
person 0.0437 483 258 496 371
person 0.0369 492 206 494 359
person 0.0318 451 251 489 360
person 0.0270 397 200 489 294
person 0.0253 491 292 495 378
person 0.0207 385 287 485 370
pottedplant 0.0225 398 314 487 372
pottedplant 0.0202 490 264 496 371
train 0.0229 1 12 494 359
