aeroplane 0.0311 447 160 493 246
aeroplane 0.0251 460 211 496 242
aeroplane 0.0238 447 217 493 247
boat 0.0955 449 158 491 237
boat 0.0482 447 209 493 244
boat 0.0433 460 218 495 246
boat 0.0286 -1 128 114 208
boat 0.0283 2 117 493 259
boat 0.0273 399 166 486 240
boat 0.0241 460 223 495 265
bus 0.0380 2 109 493 244
bus 0.0375 447 160 493 246
bus 0.0272 0 125 26 211
bus 0.0270 454 209 494 244
bus 0.0258 2 127 117 208
bus 0.0233 0 127 11 197
car 0.0464 0 213 66 240
car 0.0280 0 210 17 243
car 0.0265 0 159 10 235
car 0.0260 1 197 10 245
car 0.0255 462 158 493 236
car 0.0253 0 129 19 218
car 0.0243 454 217 494 247
person 0.0584 471 151 492 214
person 0.0550 474 149 489 180
person 0.0531 478 149 493 192
person 0.0395 491 164 495 225
person 0.0351 14 137 82 181
person 0.0314 460 218 495 246
person 0.0294 448 222 492 254
person 0.0287 458 226 490 274
person 0.0245 490 217 496 241
person 0.0233 0 119 4 205
train 0.6609 2 117 493 259
train 0.0457 2 127 125 209
train 0.0413 449 158 491 237
train 0.0302 195 142 550 253
train 0.0230 -3 131 312 240
tvmonitor 0.0294 0 -1 495 139
