boat 0.0443 8 2 487 327
bottle 0.2811 467 231 496 332
bottle 0.1130 475 191 496 321
bottle 0.0977 390 233 471 330
bottle 0.0835 105 162 124 193
bottle 0.0525 13 297 114 329
car 0.0486 8 2 487 327
chair 0.2145 11 150 77 190
chair 0.1378 241 0 496 330
chair 0.1308 0 166 112 319
chair 0.0468 1 129 24 195
chair 0.0458 29 52 310 313
chair 0.0456 346 285 406 330
chair 0.0438 107 155 129 185
chair 0.0437 97 149 125 181
diningtable 0.1953 -1 244 497 324
diningtable 0.0629 -2 272 311 332
diningtable 0.0528 0 157 496 328
horse 0.0537 233 -1 497 285
person 0.6531 85 47 300 308
person 0.0811 0 122 11 181
person 0.0576 -2 177 99 324
person 0.0531 54 46 503 309
person 0.0461 241 0 496 330
person 0.0456 467 231 496 332
person 0.0419 105 165 123 200
sofa 0.1344 0 159 112 316
sofa 0.0700 241 0 496 330
sofa 0.0593 11 150 77 190
sofa 0.0544 39 53 456 313
train 0.0518 8 2 487 327
tvmonitor 0.0800 -2 -1 83 35
tvmonitor 0.0455 390 233 471 330
