aeroplane 0.0296 50 66 321 430
bicycle 0.0234 50 66 321 430
boat 0.0398 50 66 321 430
bottle 0.1045 50 1 63 24
car 0.0219 50 0 63 19
cat 0.0257 186 151 331 297
chair 0.0806 255 96 298 156
chair 0.0356 74 339 103 390
chair 0.0308 194 97 300 163
chair 0.0271 72 353 105 408
chair 0.0258 50 66 321 430
diningtable 0.0225 50 66 321 430
diningtable 0.0203 188 98 294 162
person 0.0311 50 1 63 24
pottedplant 0.0497 188 98 294 162
pottedplant 0.0479 50 1 63 24
pottedplant 0.0394 50 66 321 430
pottedplant 0.0244 255 96 298 156
sofa 0.0283 186 151 331 297
tvmonitor 0.8221 186 151 331 297
tvmonitor 0.0382 187 105 295 171
tvmonitor 0.0210 50 66 321 430
