bicycle 0.0341 331 186 359 202
bird 0.0511 94 160 111 193
bottle 0.0864 58 264 85 294
bottle 0.0725 54 255 74 285
bottle 0.0472 331 186 359 202
bottle 0.0440 480 219 492 252
car 0.0518 255 278 326 332
car 0.0377 241 308 254 338
cat 0.0648 345 304 445 371
chair 0.3308 364 225 435 310
chair 0.1265 66 284 195 373
chair 0.1110 436 210 496 372
chair 0.0655 161 242 224 369
chair 0.0637 107 245 231 372
chair 0.0550 79 162 127 285
chair 0.0440 62 182 128 342
chair 0.0379 200 297 240 372
chair 0.0365 1 286 111 372
chair 0.0352 224 292 247 354
cow 0.0366 345 304 445 371
diningtable 0.1228 1 286 119 372
diningtable 0.0827 351 219 434 310
diningtable 0.0386 445 290 496 373
dog 0.6550 345 304 445 371
dog 0.0437 246 293 459 377
person 0.7927 92 167 231 373
person 0.0800 94 160 111 193
person 0.0630 91 157 114 220
person 0.0546 341 304 444 371
person 0.0495 85 155 120 257
person 0.0457 491 228 495 260
person 0.0440 491 215 495 250
person 0.0428 58 264 85 294
person 0.0386 358 220 434 310
pottedplant 0.2764 339 184 429 210
pottedplant 0.1491 330 185 391 204
pottedplant 0.1335 331 186 359 202
pottedplant 0.1279 407 189 432 205
pottedplant 0.1145 480 233 491 261
pottedplant 0.1028 480 219 492 252
pottedplant 0.1015 436 217 488 260
pottedplant 0.0983 430 220 463 250
pottedplant 0.0858 427 223 451 248
pottedplant 0.0856 450 228 489 266
pottedplant 0.0811 425 220 468 274
pottedplant 0.0719 57 267 86 297
pottedplant 0.0667 419 225 443 269
pottedplant 0.0528 347 190 452 234
pottedplant 0.0421 410 214 437 244
pottedplant 0.0409 314 183 438 252
pottedplant 0.0368 398 211 433 248
pottedplant 0.0355 412 195 450 228
pottedplant 0.0349 429 189 495 358
pottedplant 0.0347 390 194 440 241
pottedplant 0.0347 316 191 390 232
sofa 0.1559 444 238 496 373
sofa 0.0695 358 223 434 312
sofa 0.0372 340 300 445 370
train 0.0351 257 276 324 329
tvmonitor 0.0436 444 286 496 372
