boat 0.0312 42 1 86 20
boat 0.0299 448 1 484 5
boat 0.0295 434 1 466 6
bottle 0.2196 0 233 19 288
bottle 0.2014 464 80 483 124
bottle 0.1350 440 79 460 125
bottle 0.0304 187 117 214 155
bottle 0.0293 483 0 496 7
bus 0.0341 182 105 422 204
bus 0.0327 76 0 137 18
bus 0.0318 43 0 84 19
bus 0.0298 436 1 473 5
bus 0.0296 358 1 402 6
car 0.8415 182 105 422 204
car 0.1056 43 0 84 19
car 0.0959 441 1 476 5
car 0.0781 478 0 494 6
car 0.0714 76 0 137 18
car 0.0656 358 1 402 6
car 0.0647 222 0 273 12
car 0.0540 -1 -1 44 23
car 0.0509 329 0 392 11
car 0.0479 385 1 430 5
car 0.0434 164 0 229 17
car 0.0384 281 0 307 19
car 0.0305 317 0 357 23
chair 0.0806 76 0 137 18
chair 0.0640 42 1 86 20
chair 0.0613 0 0 49 23
chair 0.0559 164 0 229 17
chair 0.0399 112 1 187 16
chair 0.0371 215 0 272 16
chair 0.0298 436 1 473 5
cow 0.0383 164 0 229 17
cow 0.0336 478 0 494 6
cow 0.0295 211 0 268 16
horse 0.0300 448 1 484 5
horse 0.0296 168 0 232 17
motorbike 0.0318 441 1 476 5
person 0.5021 332 1 365 89
person 0.3835 284 119 312 142
person 0.2426 285 0 310 44
person 0.0742 323 0 352 53
person 0.0634 483 0 496 7
person 0.0624 76 0 137 18
person 0.0612 434 1 466 6
person 0.0590 448 1 484 5
person 0.0524 0 0 49 23
person 0.0501 317 0 357 23
person 0.0404 222 0 273 12
person 0.0400 379 1 413 6
person 0.0393 463 75 484 124
person 0.0362 391 2 431 5
person 0.0351 45 -1 89 19
person 0.0345 118 1 189 16
person 0.0336 162 0 224 17
person 0.0303 438 81 456 123
pottedplant 0.0364 434 1 466 6
pottedplant 0.0346 483 0 496 7
pottedplant 0.0319 472 1 492 6
pottedplant 0.0317 448 1 484 5
pottedplant 0.0301 420 1 450 6
sheep 0.0377 164 0 229 17
sheep 0.0326 483 0 496 7
sheep 0.0299 448 1 484 5
sofa 0.0457 76 0 137 18
sofa 0.0385 0 0 49 23
sofa 0.0306 164 0 229 17
sofa 0.0304 42 1 86 20
train 0.0295 4 -20 491 111
tvmonitor 0.0641 0 0 49 23
tvmonitor 0.0509 43 0 84 19
tvmonitor 0.0427 76 0 137 18
