bird 0.0523 407 85 469 139
bottle 0.1018 266 150 291 191
chair 0.4165 53 231 199 374
chair 0.3033 328 129 479 365
chair 0.1570 59 118 154 294
chair 0.0994 48 111 110 248
chair 0.0975 128 129 242 371
chair 0.0929 364 125 451 234
chair 0.0879 1 129 64 371
chair 0.0874 240 0 388 371
chair 0.0693 431 102 493 351
chair 0.0608 399 124 495 276
chair 0.0560 114 130 357 369
chair 0.0481 459 123 497 371
chair 0.0470 155 106 191 147
diningtable 0.1525 42 134 241 366
diningtable 0.0800 73 130 210 288
diningtable 0.0573 331 121 476 367
diningtable 0.0501 386 123 492 242
diningtable 0.0458 32 128 143 372
person 0.5686 267 0 392 372
person 0.3603 135 133 251 373
person 0.0505 244 7 399 212
person 0.0489 100 128 449 366
pottedplant 0.4910 407 85 469 139
pottedplant 0.1997 475 92 495 143
pottedplant 0.1186 436 84 488 141
sofa 0.0574 129 134 241 371
sofa 0.0505 231 0 389 371
