bicycle 0.3966 132 201 228 332
bicycle 0.0300 0 169 367 498
bird 0.0370 85 366 364 496
bottle 0.0469 235 141 253 197
bottle 0.0457 112 106 127 139
bottle 0.0307 128 190 221 328
bottle 0.0294 246 123 364 239
bottle 0.0266 -2 0 28 66
cat 0.0450 91 360 369 494
cat 0.0389 246 123 364 239
chair 0.0290 140 172 221 322
cow 0.0587 86 365 368 497
dog 0.1536 86 365 368 497
dog 0.0280 136 416 364 501
horse 0.0442 87 377 361 499
motorbike 0.0544 134 184 221 326
motorbike 0.0269 0 169 367 498
person 0.4404 141 152 220 287
person 0.0873 162 139 187 176
person 0.0695 232 140 251 198
person 0.0552 83 376 359 500
person 0.0378 -2 1 28 87
person 0.0309 325 1 366 56
person 0.0272 164 169 243 256
pottedplant 0.0508 115 106 130 138
pottedplant 0.0495 109 107 124 138
pottedplant 0.0384 3 104 68 211
pottedplant 0.0322 -1 0 55 73
pottedplant 0.0321 125 113 143 140
sheep 0.0915 249 125 367 253
sheep 0.0358 90 366 369 495
