aeroplane 0.0542 462 89 493 112
aeroplane 0.0231 424 63 484 127
aeroplane 0.0206 492 87 495 120
bird 0.0212 461 86 494 109
boat 0.0658 461 279 481 309
boat 0.0252 177 229 434 352
boat 0.0233 461 83 494 106
boat 0.0204 0 274 18 313
bottle 0.0665 465 274 482 307
bus 0.0357 3 253 22 270
bus 0.0331 110 259 159 293
bus 0.0280 77 249 106 262
bus 0.0280 -1 261 28 309
bus 0.0274 172 229 432 352
bus 0.0267 8 256 158 302
bus 0.0246 0 255 11 280
bus 0.0236 -2 258 52 307
bus 0.0234 0 246 5 313
bus 0.0227 465 274 482 307
bus 0.0220 81 247 116 265
bus 0.0219 68 236 114 264
bus 0.0209 76 227 137 285
bus 0.0208 16 255 41 268
car 0.8818 171 225 432 351
car 0.4475 4 256 155 303
car 0.3208 110 259 159 293
car 0.2707 -2 261 36 309
car 0.0803 1 256 24 279
car 0.0496 149 257 174 295
car 0.0359 461 279 481 309
car 0.0294 13 257 91 278
car 0.0213 489 1 498 12
chair 0.0281 0 274 18 313
motorbike 0.0333 0 274 25 312
motorbike 0.0224 4 256 155 303
motorbike 0.0209 464 278 483 309
person 0.0864 398 217 417 277
person 0.0701 461 275 480 307
person 0.0431 0 274 18 313
person 0.0365 0 246 5 313
person 0.0332 271 202 286 222
person 0.0316 1 253 17 270
person 0.0316 5 255 36 274
person 0.0284 253 210 273 225
person 0.0266 73 253 110 264
person 0.0265 245 210 265 225
person 0.0243 2 273 2 338
person 0.0206 0 273 3 350
person 0.0202 -2 260 92 303
pottedplant 0.0727 434 162 490 220
pottedplant 0.0375 461 279 481 309
pottedplant 0.0351 0 86 17 150
pottedplant 0.0324 422 37 456 70
pottedplant 0.0263 431 160 494 299
pottedplant 0.0251 456 86 491 109
pottedplant 0.0249 -3 43 21 158
pottedplant 0.0215 458 94 490 119
sheep 0.0226 0 274 18 313
train 0.0221 -17 44 380 327
train 0.0211 171 225 432 351
