aeroplane 0.0401 336 204 408 240
aeroplane 0.0288 28 101 264 263
bicycle 0.0630 336 204 408 240
bicycle 0.0273 329 216 353 238
bicycle 0.0241 383 209 408 235
boat 0.2764 28 101 264 263
bottle 0.1884 106 138 124 183
bottle 0.0625 31 106 261 263
bus 0.1049 36 113 263 266
car 0.1260 336 204 408 240
car 0.0686 34 105 265 264
car 0.0361 326 217 348 237
car 0.0346 333 212 364 237
car 0.0221 491 226 495 255
car 0.0210 457 233 491 253
car 0.0210 492 199 494 250
cat 0.0202 105 134 124 176
chair 0.2821 114 207 154 269
chair 0.0407 50 209 163 266
diningtable 0.0297 114 203 154 267
diningtable 0.0241 27 93 257 261
dog 0.0237 105 136 124 180
horse 0.0322 336 204 408 240
motorbike 0.5632 336 204 408 240
motorbike 0.0910 326 217 348 237
motorbike 0.0587 375 209 409 235
motorbike 0.0237 403 206 491 249
person 0.1365 337 201 407 238
person 0.0842 105 136 124 180
person 0.0460 327 213 347 236
person 0.0410 335 207 355 232
person 0.0394 383 209 408 235
person 0.0379 335 203 371 235
person 0.0342 388 205 403 228
person 0.0329 104 149 125 204
person 0.0328 338 205 352 223
pottedplant 0.0386 106 138 124 183
pottedplant 0.0208 336 204 408 240
sheep 0.0224 139 2 199 21
sheep 0.0222 34 98 265 261
sofa 0.0340 114 203 154 267
train 0.2171 34 105 265 264
tvmonitor 0.0853 30 110 255 264
