aeroplane 0.0396 397 84 496 146
bicycle 0.6866 32 6 526 323
bicycle 0.0593 327 112 488 321
bicycle 0.0466 2 83 32 303
bicycle 0.0421 0 10 19 319
bicycle 0.0373 -1 1 51 328
bottle 0.3125 173 269 197 310
bottle 0.0763 469 0 494 50
bottle 0.0488 394 0 484 53
bottle 0.0409 0 5 34 324
car 0.0357 392 86 493 150
car 0.0352 398 0 495 54
chair 0.0467 0 10 19 319
dog 0.0361 1 87 33 305
horse 0.0692 1 87 33 305
motorbike 0.0383 151 2 203 51
person 0.0833 0 10 19 319
person 0.0684 336 10 386 64
person 0.0449 2 195 10 285
person 0.0432 412 0 497 49
person 0.0431 462 0 493 49
person 0.0430 1 118 24 305
person 0.0383 153 1 208 52
person 0.0379 172 272 197 311
person 0.0350 392 86 493 150
person 0.0340 492 74 495 297
person 0.0321 492 161 495 273
pottedplant 0.0519 394 0 484 53
pottedplant 0.0415 187 2 269 51
pottedplant 0.0400 153 1 208 52
pottedplant 0.0344 0 10 19 319
pottedplant 0.0330 470 -1 493 41
tvmonitor 0.0401 393 1 485 57
tvmonitor 0.0335 469 0 494 58
