bicycle 0.0379 0 210 31 276
bicycle 0.0364 0 195 14 252
bird 0.0400 219 244 239 283
bird 0.0398 214 250 227 284
bottle 0.0723 238 157 261 212
bottle 0.0525 207 389 222 426
bottle 0.0512 207 249 217 284
bottle 0.0511 216 244 231 282
bottle 0.0479 212 250 224 283
bottle 0.0437 219 244 239 283
bottle 0.0419 40 444 179 495
car 0.0364 0 195 9 245
cat 0.6479 173 51 256 108
cat 0.0788 208 156 233 206
cat 0.0682 238 154 262 208
cat 0.0541 216 244 231 282
cat 0.0461 207 249 217 284
cat 0.0449 40 444 179 495
cat 0.0399 22 292 74 484
cat 0.0364 165 19 270 202
chair 0.2979 22 292 74 484
chair 0.2859 21 273 180 495
chair 0.1779 51 445 179 494
chair 0.1742 2 209 35 277
chair 0.0777 98 56 278 501
chair 0.0713 0 194 13 246
chair 0.0641 0 458 60 497
chair 0.0523 7 318 129 489
chair 0.0510 -1 451 98 497
chair 0.0502 158 148 243 393
chair 0.0492 -1 190 75 376
chair 0.0463 216 252 232 288
chair 0.0456 172 51 252 108
chair 0.0443 219 251 239 290
chair 0.0419 211 253 224 287
chair 0.0418 207 251 217 289
chair 0.0375 1 216 36 349
diningtable 0.1622 47 444 177 495
diningtable 0.0543 17 299 73 492
diningtable 0.0362 1 213 36 281
dog 0.0497 214 245 228 282
dog 0.0450 173 51 256 108
dog 0.0441 218 248 235 285
dog 0.0416 209 250 220 283
person 0.1118 238 157 261 212
person 0.1015 218 248 235 285
person 0.0566 172 51 252 108
person 0.0562 16 293 74 490
person 0.0492 35 445 178 494
person 0.0479 0 192 8 240
person 0.0475 204 147 255 214
person 0.0474 243 253 257 289
person 0.0408 0 458 60 497
pottedplant 0.0687 0 206 31 273
pottedplant 0.0613 0 194 13 246
pottedplant 0.0404 238 157 261 212
pottedplant 0.0394 216 249 231 284
pottedplant 0.0393 51 445 179 494
sofa 0.0732 21 295 74 489
sofa 0.0692 47 444 177 495
sofa 0.0512 173 51 256 108
sofa 0.0477 2 209 35 277
tvmonitor 0.0779 358 113 371 202
tvmonitor 0.0512 51 445 179 494
tvmonitor 0.0508 204 145 261 216
tvmonitor 0.0397 173 51 256 108
