bottle 0.0381 441 0 498 329
bottle 0.0215 82 1 358 328
chair 0.0563 62 0 433 329
dog 0.0215 17 0 353 329
person 0.4722 71 11 354 329
person 0.0439 441 0 498 329
person 0.0416 470 1 501 328
person 0.0383 139 0 489 330
person 0.0238 490 53 497 261
person 0.0228 486 63 501 308
person 0.0207 491 28 496 212
pottedplant 0.0248 461 0 502 330
pottedplant 0.0202 420 0 497 331
sofa 0.0462 62 0 433 329
sofa 0.0206 17 161 479 335
tvmonitor 0.0285 62 0 433 329
tvmonitor 0.0262 441 0 498 329
tvmonitor 0.0214 470 1 501 328
