boat 0.0315 10 0 485 372
bottle 0.0419 230 369 280 370
bottle 0.0247 7 0 316 371
bus 0.0297 10 0 485 372
car 0.0239 230 369 280 370
car 0.0235 10 0 485 372
car 0.0213 209 370 286 370
cat 0.0318 362 162 476 285
cat 0.0252 230 369 280 370
cat 0.0234 209 370 286 370
chair 0.0789 247 265 497 370
chair 0.0391 10 0 485 372
chair 0.0368 228 286 376 372
chair 0.0330 224 368 279 371
chair 0.0239 222 369 312 370
chair 0.0211 351 176 510 336
diningtable 0.0316 247 267 497 372
diningtable 0.0267 10 0 485 372
dog 0.7677 366 162 480 285
dog 0.0283 311 165 504 329
person 0.0382 366 162 480 285
person 0.0345 224 368 279 371
person 0.0291 10 0 485 372
person 0.0251 247 265 497 370
pottedplant 0.0684 342 63 379 120
pottedplant 0.0425 71 124 95 142
pottedplant 0.0315 316 35 374 96
pottedplant 0.0291 230 369 280 370
pottedplant 0.0221 291 38 352 104
sofa 0.4272 247 265 497 370
sofa 0.0304 10 0 485 372
sofa 0.0296 362 162 476 285
sofa 0.0294 251 160 501 380
sofa 0.0220 228 286 376 372
train 0.0645 10 0 485 372
tvmonitor 0.0490 10 0 485 372
tvmonitor 0.0409 32 110 150 349
tvmonitor 0.0258 233 286 387 372
tvmonitor 0.0217 230 369 280 370
