aeroplane 0.0509 182 353 281 370
aeroplane 0.0402 63 343 307 368
boat 0.0975 178 353 278 370
boat 0.0576 96 351 297 371
boat 0.0477 148 363 347 371
boat 0.0408 -1 362 43 372
bus 0.0596 174 353 273 370
bus 0.0538 76 347 302 369
bus 0.0440 0 336 159 369
bus 0.0397 379 335 498 370
bus 0.0356 9 338 290 367
car 0.5065 3 335 163 369
car 0.2508 365 340 497 370
car 0.1503 9 338 290 367
car 0.1355 67 347 303 369
car 0.0938 -1 362 43 372
car 0.0845 181 357 267 371
car 0.0792 9 359 80 369
car 0.0626 492 327 494 355
car 0.0541 3 0 430 314
car 0.0443 1 315 72 366
car 0.0376 491 288 495 352
car 0.0356 -8 355 246 385
chair 0.0419 190 357 273 371
motorbike 0.0366 63 343 307 368
person 0.0470 178 353 278 370
person 0.0469 492 321 494 354
person 0.0352 59 337 311 368
person 0.0337 423 347 500 370
person 0.0332 439 336 485 363
sofa 0.0716 57 309 501 372
sofa 0.0617 87 269 236 342
sofa 0.0523 19 264 429 371
sofa 0.0336 92 338 528 379
train 0.0410 174 353 273 370
train 0.0393 67 347 303 369
tvmonitor 0.0334 478 289 494 351
