bicycle 0.4596 172 189 346 375
bicycle 0.0457 245 335 320 370
bicycle 0.0391 423 155 454 210
bottle 0.0471 291 357 320 371
bottle 0.0404 0 44 65 133
bottle 0.0401 205 103 250 192
bottle 0.0386 233 80 364 233
chair 0.1126 2 217 188 370
chair 0.0733 157 -1 369 180
chair 0.0576 423 155 454 210
chair 0.0555 0 69 43 302
chair 0.0453 0 30 88 224
chair 0.0432 163 21 378 356
diningtable 0.0637 -1 207 207 369
motorbike 0.0730 146 107 387 363
person 0.6986 158 21 376 356
person 0.1411 2 30 94 224
person 0.1335 159 0 367 185
person 0.1145 265 115 362 344
person 0.0678 0 43 58 129
person 0.0569 151 3 234 180
person 0.0431 0 45 18 120
person 0.0425 0 39 10 109
person 0.0412 1 31 26 94
pottedplant 0.0517 433 1 467 48
sofa 0.0708 159 -2 374 174
sofa 0.0486 163 21 378 356
