aeroplane 0.0777 365 164 389 205
aeroplane 0.0369 277 117 300 136
aeroplane 0.0256 261 122 292 138
bird 0.0255 171 139 204 270
bird 0.0239 273 121 298 139
boat 0.1659 365 159 390 204
boat 0.0386 366 109 389 214
boat 0.0355 277 121 301 139
boat 0.0284 261 122 292 138
bottle 0.0300 363 159 388 204
bottle 0.0269 -1 110 5 151
bus 0.0846 365 159 390 204
car 0.3325 365 164 389 205
car 0.0956 0 118 9 151
car 0.0355 35 107 59 145
car 0.0345 8 108 30 144
car 0.0306 0 0 389 496
cat 0.0361 0 0 389 496
cat 0.0348 170 134 205 267
cat 0.0335 158 128 230 281
chair 0.0666 0 0 389 496
chair 0.0519 365 164 389 205
chair 0.0449 35 107 59 145
chair 0.0421 4 5 340 287
chair 0.0289 151 121 237 280
chair 0.0239 0 121 8 155
cow 0.0356 365 164 389 205
cow 0.0328 0 0 389 496
diningtable 0.0304 0 0 389 496
diningtable 0.0266 362 163 388 205
dog 0.0513 0 0 389 496
dog 0.0307 170 134 205 267
dog 0.0289 158 128 230 281
horse 0.0459 0 0 389 496
horse 0.0321 365 164 389 205
motorbike 0.0349 362 163 388 205
motorbike 0.0338 0 112 8 148
person 0.0544 0 0 389 496
person 0.0534 172 131 209 278
person 0.0496 0 108 8 145
person 0.0393 363 159 388 204
person 0.0313 381 171 391 206
person 0.0282 370 168 390 208
person 0.0247 369 135 391 204
pottedplant 0.0577 150 -1 238 114
pottedplant 0.0448 277 121 301 139
pottedplant 0.0432 0 112 8 148
pottedplant 0.0386 362 163 388 205
pottedplant 0.0324 360 -1 389 98
pottedplant 0.0315 0 86 9 143
pottedplant 0.0297 0 32 38 158
pottedplant 0.0256 111 40 308 244
pottedplant 0.0247 19 -5 369 274
sheep 0.0721 365 164 389 205
sofa 0.0954 0 0 389 496
sofa 0.0349 38 39 349 316
sofa 0.0287 365 167 389 208
train 0.0911 365 159 390 204
tvmonitor 0.0448 365 159 390 204
tvmonitor 0.0290 230 45 305 122
