bicycle 0.0621 459 160 496 263
boat 0.0549 -1 2 99 218
bus 0.3367 1 104 103 208
bus 0.2718 199 64 467 226
bus 0.0768 -1 3 98 226
car 0.2623 0 155 50 214
car 0.1145 1 105 103 210
car 0.0845 27 153 93 209
car 0.0839 198 65 468 233
car 0.0685 2 113 56 211
car 0.0518 495 128 491 179
car 0.0442 460 182 496 265
car 0.0407 371 84 499 211
horse 0.0445 452 156 497 263
motorbike 0.5737 365 143 496 239
motorbike 0.1835 458 151 497 260
motorbike 0.1111 0 155 50 214
motorbike 0.1098 430 132 495 241
motorbike 0.0582 96 156 117 185
person 0.6086 131 115 153 188
person 0.5849 417 96 484 223
person 0.5703 175 112 202 191
person 0.3498 245 113 266 141
person 0.2041 227 117 244 141
person 0.1598 338 109 352 132
person 0.1558 289 74 308 109
person 0.1001 459 153 497 262
person 0.0810 201 120 223 179
person 0.0769 488 124 491 191
person 0.0624 104 119 132 188
person 0.0622 493 117 493 216
person 0.0607 485 109 494 236
person 0.0594 178 114 199 161
person 0.0565 218 127 237 168
person 0.0563 70 131 89 168
person 0.0562 435 102 481 177
person 0.0524 482 121 497 257
person 0.0502 63 125 95 182
person 0.0499 296 95 316 130
person 0.0468 438 99 463 118
person 0.0454 211 123 229 159
person 0.0425 203 123 221 151
person 0.0419 96 156 117 185
person 0.0416 430 132 495 241
person 0.0413 194 118 214 156
person 0.0389 0 153 49 212
person 0.0388 134 119 150 156
person 0.0360 1 104 103 208
pottedplant 0.0423 54 0 167 96
train 0.1339 197 63 469 220
train 0.0893 1 105 103 210
train 0.0551 -1 3 98 226
