aeroplane 0.1275 233 73 278 92
aeroplane 0.0510 474 79 497 98
aeroplane 0.0303 309 78 342 95
bicycle 0.0242 475 82 496 100
boat 0.0876 233 73 278 92
boat 0.0278 345 55 391 104
boat 0.0261 468 76 496 96
boat 0.0227 309 78 342 95
boat 0.0216 77 99 433 302
bus 0.3666 345 55 391 104
bus 0.0772 309 78 342 95
bus 0.0502 233 73 278 92
bus 0.0431 401 64 453 96
bus 0.0334 480 74 498 97
bus 0.0289 370 63 438 97
bus 0.0278 76 104 427 308
bus 0.0272 409 53 492 95
bus 0.0208 435 64 497 96
car 0.8901 74 101 428 305
car 0.4867 233 73 278 92
car 0.2765 311 80 340 96
car 0.1603 474 79 497 98
car 0.0874 345 55 391 104
car 0.0639 404 69 451 97
car 0.0325 273 77 291 89
car 0.0279 368 69 431 103
car 0.0274 492 84 495 129
chair 0.0327 233 73 278 92
chair 0.0228 480 78 499 99
horse 0.0227 236 73 281 92
motorbike 0.0551 474 79 497 98
motorbike 0.0455 236 73 281 92
motorbike 0.0220 311 80 340 96
person 0.0474 345 55 391 104
person 0.0411 474 79 497 98
person 0.0302 311 80 340 96
person 0.0216 405 64 456 96
pottedplant 0.0350 233 73 278 92
pottedplant 0.0331 475 82 496 100
sheep 0.0389 233 73 278 92
sofa 0.0216 233 73 278 92
train 0.0635 345 55 391 104
train 0.0348 233 73 278 92
train 0.0284 312 78 345 95
train 0.0201 474 75 497 97
tvmonitor 0.0243 345 55 391 104
