bicycle 0.0407 57 37 94 88
bird 0.0526 58 33 93 83
bird 0.0421 244 191 282 214
bird 0.0377 53 152 98 203
bird 0.0376 131 171 160 188
bottle 0.0752 57 37 94 88
bottle 0.0695 301 126 319 148
bottle 0.0439 129 172 155 190
bottle 0.0421 241 189 278 213
bottle 0.0397 125 172 144 190
bottle 0.0396 73 181 101 208
bottle 0.0366 403 161 467 214
cat 0.0481 59 31 92 78
cat 0.0413 129 172 155 190
cat 0.0399 53 152 98 203
chair 0.7755 317 114 396 201
chair 0.1227 99 198 137 214
chair 0.1150 284 192 367 214
chair 0.0945 71 185 104 213
chair 0.0932 114 177 147 212
chair 0.0691 53 152 98 203
chair 0.0667 130 173 161 195
chair 0.0667 451 178 481 214
chair 0.0615 58 192 84 213
chair 0.0544 403 158 467 213
chair 0.0456 245 194 281 214
chair 0.0453 239 138 311 187
chair 0.0447 422 112 464 168
chair 0.0417 60 178 84 207
chair 0.0396 52 178 75 207
chair 0.0348 42 176 70 209
chair 0.0331 146 192 287 213
cow 0.0427 57 31 93 81
diningtable 0.0594 405 158 472 214
diningtable 0.0505 317 114 396 201
diningtable 0.0374 68 186 99 213
dog 0.1149 59 31 92 78
dog 0.0696 48 31 80 81
dog 0.0661 57 31 86 61
dog 0.0533 245 189 281 213
dog 0.0344 131 172 160 190
horse 0.0560 58 33 93 83
person 0.3447 245 189 281 213
person 0.1610 129 172 155 190
person 0.1203 58 33 93 83
person 0.0612 72 182 102 210
person 0.0465 55 153 103 205
person 0.0396 162 76 185 113
person 0.0355 58 31 86 57
person 0.0344 50 193 77 212
person 0.0342 405 158 472 214
pottedplant 0.3756 422 111 463 166
pottedplant 0.2162 73 181 101 208
pottedplant 0.0857 374 100 402 123
pottedplant 0.0827 150 40 172 69
pottedplant 0.0622 129 172 155 190
pottedplant 0.0463 119 173 134 192
pottedplant 0.0435 107 174 130 204
pottedplant 0.0378 117 174 136 204
pottedplant 0.0353 360 98 408 166
sheep 0.0397 59 31 92 78
sofa 0.0814 317 114 396 201
sofa 0.0734 112 178 187 214
sofa 0.0687 284 192 367 214
sofa 0.0560 125 173 166 206
sofa 0.0388 100 185 137 214
sofa 0.0368 142 189 290 213
sofa 0.0349 55 153 103 205
sofa 0.0347 138 174 169 191
sofa 0.0336 95 198 134 214
tvmonitor 0.0808 405 158 472 214
tvmonitor 0.0403 422 112 464 168
tvmonitor 0.0375 158 76 196 178
tvmonitor 0.0354 72 182 102 210
tvmonitor 0.0333 205 114 227 153
