aeroplane 0.0233 330 263 361 279
boat 0.0266 330 263 361 279
bottle 0.0332 340 0 498 329
bottle 0.0244 330 263 361 279
bus 0.0362 369 237 469 280
car 0.0671 330 263 361 279
car 0.0303 366 242 465 280
chair 0.0223 330 263 361 279
cow 0.0242 23 47 369 283
motorbike 0.0229 333 263 364 280
person 0.0569 330 263 361 279
person 0.0404 270 237 310 285
person 0.0273 369 237 469 280
pottedplant 0.0406 330 263 361 279
pottedplant 0.0270 354 0 499 330
train 0.8291 7 48 356 292
train 0.0371 369 237 469 280
