chair 0.6577 137 268 248 372
chair 0.4365 110 213 158 275
chair 0.3076 354 216 399 296
chair 0.2952 322 212 368 288
chair 0.1951 283 209 337 285
chair 0.1809 207 237 265 286
chair 0.1795 306 205 345 271
chair 0.1744 146 212 200 275
chair 0.1669 311 207 340 246
chair 0.1649 255 211 310 277
chair 0.1646 298 207 330 246
chair 0.1409 388 222 481 354
chair 0.1364 156 212 182 241
chair 0.1313 5 209 68 367
chair 0.1292 364 211 389 242
chair 0.1179 112 219 172 321
chair 0.1076 279 237 333 309
chair 0.0882 357 181 380 219
chair 0.0861 184 213 209 245
chair 0.0850 455 230 492 358
chair 0.0767 404 211 482 277
chair 0.0762 351 155 384 221
chair 0.0754 258 239 354 355
chair 0.0638 166 227 259 284
chair 0.0633 252 239 313 325
chair 0.0623 6 192 43 278
chair 0.0621 85 203 112 250
chair 0.0588 -1 186 12 343
chair 0.0580 187 235 284 341
chair 0.0572 242 273 323 344
chair 0.0508 462 213 494 310
chair 0.0500 72 204 102 266
diningtable 0.1555 156 221 230 285
diningtable 0.1130 378 216 461 302
diningtable 0.1069 322 212 368 288
diningtable 0.0770 303 210 356 290
diningtable 0.0657 8 208 73 368
diningtable 0.0638 368 215 415 296
diningtable 0.0566 202 237 263 287
diningtable 0.0540 269 208 327 269
diningtable 0.0528 130 210 185 267
diningtable 0.0522 110 211 157 271
diningtable 0.0486 387 223 475 347
person 0.2483 3 166 23 204
pottedplant 0.2087 350 146 385 213
pottedplant 0.1832 259 187 306 219
pottedplant 0.1001 167 163 219 219
pottedplant 0.0744 100 0 277 96
pottedplant 0.0570 88 9 305 257
pottedplant 0.0539 138 184 162 204
sofa 0.0516 410 213 483 269
tvmonitor 0.0643 255 189 309 235
tvmonitor 0.0602 1 177 48 240
tvmonitor 0.0566 350 146 385 213
tvmonitor 0.0489 2 45 71 244
