bird 0.0424 208 140 280 277
cat 0.1444 247 158 365 325
cat 0.1200 208 140 280 277
cat 0.0874 103 159 204 329
cat 0.0760 1 153 103 323
cow 0.1154 -1 77 114 206
cow 0.0632 208 140 280 277
cow 0.0482 86 100 221 229
cow 0.0480 102 155 205 327
cow 0.0447 0 78 33 187
cow 0.0387 0 156 104 326
dog 0.7141 102 155 205 327
dog 0.5903 1 153 103 323
dog 0.5125 247 158 365 325
dog 0.3936 208 140 280 277
dog 0.0478 5 66 122 299
dog 0.0396 13 147 208 323
dog 0.0376 99 102 217 275
dog 0.0354 -1 77 114 206
dog 0.0352 0 126 33 327
horse 0.0438 208 140 280 277
horse 0.0391 103 159 204 329
horse 0.0355 0 156 104 326
person 0.0427 99 104 208 314
person 0.0399 4 73 115 321
sheep 0.7037 355 75 500 349
sheep 0.4668 84 100 223 218
sheep 0.3566 284 69 461 290
sheep 0.2177 208 140 280 277
sheep 0.2025 -1 70 114 195
sheep 0.0969 -11 83 233 223
sheep 0.0772 248 160 365 328
sheep 0.0597 98 98 202 296
sheep 0.0552 280 79 371 168
sheep 0.0546 0 78 33 187
sheep 0.0478 0 156 104 326
sheep 0.0446 222 137 273 187
sheep 0.0419 277 73 398 210
sheep 0.0415 5 66 122 293
sheep 0.0383 72 96 110 128
sofa 0.0364 3 98 117 320
