aeroplane 0.0529 1 4 475 311
bicycle 0.0537 0 177 16 226
bicycle 0.0386 1 4 475 311
boat 0.0871 1 4 475 311
bottle 0.0479 1 4 475 311
bottle 0.0317 0 174 11 225
bus 0.1198 1 4 475 311
bus 0.1015 1 110 61 219
bus 0.0444 1 140 9 215
bus 0.0307 1 116 114 228
car 0.0986 0 0 475 280
car 0.0626 0 166 10 223
car 0.0391 -1 114 57 225
car 0.0370 0 122 4 217
chair 0.0331 0 166 10 223
cow 0.0390 1 4 475 311
cow 0.0307 0 170 10 224
horse 0.0524 0 170 10 224
horse 0.0305 1 4 475 311
motorbike 0.0862 0 177 16 226
motorbike 0.0494 1 4 475 311
person 0.1615 0 166 10 223
person 0.0435 1 4 475 311
person 0.0385 -1 109 50 220
pottedplant 0.0302 0 178 11 225
train 0.3730 1 4 475 311
train 0.0929 0 110 55 219
train 0.0437 123 104 479 290
train 0.0336 1 140 9 215
train 0.0298 -7 118 296 246
tvmonitor 0.0442 1 4 475 311
tvmonitor 0.0296 0 0 116 71
