bottle 0.0689 440 128 453 154
bottle 0.0583 466 121 489 156
bottle 0.0478 239 317 271 352
bottle 0.0395 314 251 493 371
bottle 0.0378 310 146 381 243
cat 0.0408 239 317 271 352
chair 0.1044 284 104 477 366
chair 0.0616 466 121 489 156
chair 0.0525 369 168 493 362
chair 0.0425 298 114 431 298
chair 0.0403 119 140 312 371
chair 0.0403 423 207 493 352
dog 0.0403 298 118 424 288
person 0.6315 -3 41 155 370
person 0.5754 122 136 286 370
person 0.3822 286 103 474 362
person 0.1582 304 114 432 281
person 0.0793 205 213 290 334
person 0.0558 353 166 494 363
person 0.0494 466 121 489 156
person 0.0470 3 14 280 363
person 0.0450 394 143 492 310
person 0.0434 422 191 494 356
person 0.0404 97 110 258 301
person 0.0375 388 136 419 193
pottedplant 0.0579 263 48 396 182
pottedplant 0.0382 268 101 422 188
sofa 0.1775 289 110 494 366
sofa 0.0789 72 146 485 365
sofa 0.0390 369 141 493 347
sofa 0.0383 120 137 312 369
tvmonitor 0.0759 477 26 494 116
tvmonitor 0.0555 466 121 489 156
tvmonitor 0.0541 263 48 396 182
