bicycle 0.2589 339 220 460 367
bicycle 0.1774 192 209 231 249
bicycle 0.0396 153 100 185 133
bird 0.0416 299 228 320 266
bottle 0.1123 194 205 230 244
bottle 0.1072 300 226 320 262
bottle 0.0761 153 96 185 126
bottle 0.0609 346 210 360 231
bottle 0.0580 349 205 364 225
bottle 0.0525 444 -2 496 28
bottle 0.0509 344 229 378 265
bottle 0.0489 348 221 366 250
bottle 0.0476 348 226 396 269
bottle 0.0468 257 37 277 63
bottle 0.0443 493 7 494 41
bottle 0.0393 339 220 453 367
bottle 0.0380 69 204 113 267
bottle 0.0360 21 201 59 282
car 0.1187 153 96 185 126
car 0.1015 170 88 223 111
car 0.0571 1 302 88 367
car 0.0508 -3 11 109 216
car 0.0388 115 57 168 106
chair 0.4310 282 -1 416 131
chair 0.1320 0 302 96 367
chair 0.1220 282 1 423 64
chair 0.1103 -2 5 115 211
chair 0.0932 411 0 497 148
chair 0.0686 69 220 106 268
chair 0.0539 21 204 60 284
chair 0.0403 2 237 79 367
chair 0.0375 467 227 496 314
chair 0.0358 338 215 454 366
chair 0.0355 112 57 164 106
diningtable 0.0487 1 302 88 367
diningtable 0.0462 4 238 124 366
horse 0.0489 339 220 453 367
motorbike 0.2227 189 206 229 247
motorbike 0.1400 340 219 467 368
motorbike 0.0786 153 96 185 126
person 0.7689 208 63 365 241
person 0.0920 153 96 185 126
person 0.0789 300 226 320 262
person 0.0778 339 211 453 365
person 0.0703 116 54 167 98
person 0.0552 21 201 59 282
person 0.0536 189 204 228 244
person 0.0446 350 222 418 313
person 0.0392 398 255 463 349
person 0.0370 482 12 497 355
pottedplant 0.0817 427 0 497 43
pottedplant 0.0778 444 -2 496 28
pottedplant 0.0623 299 228 320 266
pottedplant 0.0544 113 56 163 102
pottedplant 0.0537 153 98 186 130
pottedplant 0.0487 189 206 229 247
pottedplant 0.0479 425 -6 498 96
pottedplant 0.0387 485 4 494 38
sofa 0.0731 -2 7 115 214
sofa 0.0720 282 -1 416 131
sofa 0.0648 0 302 96 367
sofa 0.0550 282 1 423 64
train 0.0408 338 215 454 366
tvmonitor 0.1493 0 306 97 367
tvmonitor 0.0874 0 3 104 108
tvmonitor 0.0606 -3 -2 116 196
