aeroplane 0.0218 203 139 337 206
bird 0.0262 58 327 140 329
boat 0.0573 2 146 47 319
boat 0.0410 0 122 151 327
boat 0.0406 203 139 337 206
boat 0.0247 -3 135 303 329
boat 0.0213 440 12 493 41
boat 0.0202 0 261 19 323
bottle 0.0289 -1 250 20 324
bottle 0.0244 321 201 487 326
bus 0.0459 202 136 339 204
car 0.8268 200 138 335 206
car 0.0348 0 261 19 323
car 0.0313 293 147 319 176
car 0.0308 1 193 49 329
car 0.0274 439 12 493 46
car 0.0247 306 149 329 185
car 0.0239 0 227 26 326
chair 0.0226 3 158 54 322
cow 0.0389 440 12 493 41
horse 0.0254 439 11 486 68
motorbike 0.0265 200 137 335 204
person 0.0284 293 147 319 176
person 0.0244 292 148 312 166
person 0.0225 266 144 298 159
person 0.0203 44 323 138 329
pottedplant 0.0272 2 162 48 323
sheep 0.0219 203 139 337 206
train 0.0597 440 12 493 41
train 0.0234 444 28 481 72
train 0.0205 203 139 337 206
tvmonitor 0.0208 2 162 48 323
