bird 0.1188 399 89 431 188
bird 0.0938 353 97 423 205
bird 0.0557 403 87 428 132
bird 0.0332 403 31 498 250
bird 0.0332 379 98 444 246
bird 0.0322 335 205 363 242
bird 0.0307 339 97 429 278
bird 0.0293 378 84 492 312
bird 0.0265 328 213 355 245
bird 0.0262 324 0 359 12
bird 0.0259 452 29 496 242
cat 0.0447 395 90 428 192
cat 0.0380 341 100 419 218
cow 0.0287 474 7 496 93
cow 0.0263 460 15 496 126
dog 0.0418 399 89 431 188
dog 0.0285 349 97 419 211
dog 0.0273 460 15 497 121
horse 0.0281 353 -50 478 152
person 0.0259 394 90 430 197
sheep 0.0511 394 92 429 200
sheep 0.0414 460 15 496 126
sheep 0.0363 353 97 423 205
sheep 0.0355 474 7 496 93
sheep 0.0331 403 82 428 168
sheep 0.0314 406 88 431 126
sheep 0.0271 454 22 494 197
sheep 0.0254 402 51 499 283
