aeroplane 0.0284 250 314 299 347
bicycle 0.0370 250 316 299 348
bird 0.0629 250 314 299 347
bird 0.0417 426 260 467 349
bird 0.0361 4 342 21 352
bird 0.0317 470 295 493 354
bird 0.0297 190 -1 485 355
bird 0.0281 460 319 488 352
boat 0.0474 427 265 466 349
boat 0.0257 2 341 16 352
boat 0.0255 470 266 493 349
boat 0.0231 484 262 495 342
boat 0.0215 355 254 484 356
bottle 0.0338 2 341 16 352
car 0.0267 2 341 16 352
car 0.0257 0 345 5 358
car 0.0257 175 220 202 233
cat 0.0200 4 342 21 352
chair 0.0221 250 314 299 347
cow 0.1553 250 314 299 347
cow 0.0300 2 344 16 354
cow 0.0281 9 345 24 353
dog 0.1176 250 314 299 347
dog 0.0296 2 341 16 352
horse 0.5562 250 314 299 347
horse 0.0234 2 341 16 352
horse 0.0206 250 344 291 360
horse 0.0205 244 328 298 364
motorbike 0.0261 250 314 299 347
person 0.0923 250 314 299 347
person 0.0538 2 341 16 352
person 0.0220 472 334 491 353
person 0.0208 471 318 492 353
person 0.0203 276 317 304 343
pottedplant 0.0211 4 342 21 352
pottedplant 0.0207 0 341 12 353
sheep 0.0702 250 316 299 348
sheep 0.0402 2 341 16 352
sheep 0.0280 8 342 24 352
sofa 0.0255 250 314 299 347
train 0.0365 75 209 147 228
train 0.0276 250 314 299 347
train 0.0237 73 207 196 230
