aeroplane 0.0276 24 31 472 340
boat 0.0328 24 31 472 340
bottle 0.0570 6 279 51 361
bottle 0.0474 136 310 163 342
bottle 0.0367 88 279 126 350
bottle 0.0308 112 21 148 69
bottle 0.0281 293 79 343 152
car 0.0397 24 31 472 340
cat 0.0279 2 0 133 372
chair 0.0628 296 80 345 150
chair 0.0558 24 31 472 340
chair 0.0329 2 0 126 371
chair 0.0308 38 164 457 371
chair 0.0303 -9 335 185 370
chair 0.0292 395 296 467 373
diningtable 0.0378 24 31 472 340
diningtable 0.0374 -8 334 192 370
diningtable 0.0275 296 80 345 150
person 0.5286 145 52 490 372
person 0.0392 293 79 343 152
person 0.0392 282 30 494 318
person 0.0289 2 1 86 371
person 0.0287 398 297 472 372
pottedplant 0.0336 395 296 467 373
sofa 0.0756 24 31 472 340
sofa 0.0280 38 164 457 371
train 0.0381 24 31 472 340
tvmonitor 0.1722 293 79 343 152
tvmonitor 0.0505 121 258 179 341
tvmonitor 0.0459 24 31 472 340
tvmonitor 0.0435 410 30 491 118
tvmonitor 0.0321 1 1 166 83
