aeroplane 0.0217 157 307 179 343
bicycle 0.0208 157 307 179 343
bird 0.0534 157 307 179 343
bird 0.0503 162 125 179 158
bird 0.0229 162 220 179 251
boat 0.0265 157 307 179 343
bottle 0.0414 157 307 179 343
bottle 0.0401 162 121 179 155
bottle 0.0376 346 448 370 492
bottle 0.0366 357 449 371 491
bottle 0.0267 200 0 370 496
bottle 0.0261 159 214 177 250
bottle 0.0228 314 288 373 440
bottle 0.0203 370 301 370 404
bottle 0.0201 369 422 370 487
bus 0.0244 314 288 373 440
car 0.0263 157 307 179 343
cat 0.0279 157 307 179 343
cat 0.0266 162 121 179 155
cat 0.0217 319 287 373 434
chair 0.0437 108 468 181 496
chair 0.0318 279 401 367 499
chair 0.0249 157 307 179 343
chair 0.0229 335 453 370 494
chair 0.0213 307 442 374 497
chair 0.0200 94 477 248 495
chair 0.0200 368 454 372 494
person 0.0347 157 307 179 343
person 0.0325 319 287 373 434
person 0.0289 162 121 179 155
person 0.0249 370 301 370 404
person 0.0204 108 476 181 495
pottedplant 0.3176 162 121 179 155
pottedplant 0.2792 157 307 179 343
pottedplant 0.0722 160 219 176 251
sofa 0.0320 109 469 186 494
sofa 0.0270 319 287 373 434
tvmonitor 0.5906 319 287 373 434
tvmonitor 0.0560 187 0 372 497
tvmonitor 0.0420 357 297 371 417
tvmonitor 0.0413 370 298 370 416
tvmonitor 0.0335 157 307 179 343
tvmonitor 0.0299 337 287 368 380
tvmonitor 0.0271 370 296 370 386
tvmonitor 0.0261 162 121 179 155
tvmonitor 0.0253 348 269 369 366
tvmonitor 0.0247 360 299 368 368
tvmonitor 0.0240 334 235 371 400
tvmonitor 0.0209 334 446 370 493
