bicycle 0.0356 311 61 395 211
bird 0.0404 386 189 420 233
boat 0.0475 109 19 229 102
boat 0.0375 382 192 418 235
bottle 0.0504 382 192 418 235
bottle 0.0367 186 34 231 87
bus 0.0502 422 140 439 153
car 0.1910 419 140 435 153
car 0.0529 394 131 405 151
car 0.0365 327 65 394 165
cat 0.0623 382 189 418 233
cow 0.0876 382 189 418 233
dog 0.0816 386 189 420 233
horse 0.0687 326 67 395 169
horse 0.0468 382 189 418 233
horse 0.0430 8 6 72 178
motorbike 0.5532 156 21 331 298
motorbike 0.2318 286 63 388 240
motorbike 0.1251 311 65 395 186
motorbike 0.0911 244 52 360 251
motorbike 0.0648 191 9 319 211
motorbike 0.0574 160 117 288 310
motorbike 0.0568 390 130 401 152
motorbike 0.0493 419 140 435 153
motorbike 0.0432 156 113 198 190
motorbike 0.0386 172 116 393 322
person 0.0834 154 108 199 179
person 0.0740 419 140 435 153
person 0.0713 390 133 401 155
person 0.0697 334 65 394 161
person 0.0664 5 7 67 181
person 0.0512 161 10 310 220
pottedplant 0.0579 84 141 106 177
sheep 0.1565 382 189 418 233
