boat 0.0351 39 63 135 302
boat 0.0319 1 0 447 330
bottle 0.2474 38 65 136 296
bottle 0.0374 395 165 419 216
bottle 0.0302 420 0 481 27
chair 0.2823 442 202 490 272
chair 0.2214 391 194 447 276
chair 0.1000 417 187 468 272
chair 0.0881 390 185 425 253
chair 0.0377 457 177 491 231
chair 0.0310 1 0 447 330
chair 0.0302 484 179 495 228
chair 0.0293 470 176 493 221
cow 0.0306 230 2 374 139
diningtable 0.0450 423 206 487 274
diningtable 0.0416 401 197 461 277
horse 0.0499 229 2 367 140
horse 0.0360 220 -1 470 237
horse 0.0294 239 7 373 260
person 0.1823 392 167 422 230
person 0.1260 424 178 461 255
person 0.0844 428 180 458 222
person 0.0381 492 189 494 249
person 0.0334 492 199 495 261
person 0.0310 491 182 495 236
person 0.0290 493 149 493 196
person 0.0290 492 174 494 223
person 0.0285 493 153 493 202
pottedplant 0.0389 389 167 419 230
sheep 0.0392 81 27 109 73
sheep 0.0318 74 -6 124 71
sheep 0.0310 236 4 376 252
sheep 0.0309 81 -1 117 13
sheep 0.0289 78 0 120 23
sofa 0.0533 442 202 490 272
sofa 0.0477 391 190 448 274
sofa 0.0428 411 181 459 267
sofa 0.0402 424 187 478 272
sofa 0.0351 391 169 423 237
sofa 0.0296 394 173 444 245
train 0.0304 24 -1 471 331
