bird 0.0353 354 121 383 150
bird 0.0204 299 124 368 152
bottle 0.0442 353 121 384 155
bottle 0.0354 104 45 118 74
cat 0.0662 353 121 384 155
cat 0.0252 299 124 368 152
chair 0.1037 363 139 444 207
chair 0.0556 353 121 384 155
chair 0.0446 363 143 452 262
chair 0.0342 349 124 396 187
chair 0.0260 0 193 495 376
chair 0.0202 299 124 375 153
diningtable 0.0321 0 202 495 372
dog 0.0464 353 121 384 155
dog 0.0223 299 124 368 152
person 0.1307 353 121 384 155
person 0.0494 104 45 118 74
person 0.0289 104 49 125 111
person 0.0217 299 124 368 152
person 0.0206 3 128 493 370
pottedplant 0.0376 354 121 383 150
pottedplant 0.0235 104 45 118 74
pottedplant 0.0202 110 75 127 114
sofa 0.7976 -4 127 453 378
sofa 0.0371 363 139 444 207
sofa 0.0325 1 245 495 364
sofa 0.0295 353 121 384 155
tvmonitor 0.0305 354 121 383 150
tvmonitor 0.0252 363 138 445 203
