bicycle 0.7460 159 318 364 497
bicycle 0.5946 5 378 61 476
bicycle 0.3992 124 364 197 451
bicycle 0.1574 331 350 375 410
bicycle 0.0571 54 381 101 441
bicycle 0.0470 3 387 29 460
bicycle 0.0396 1 397 12 456
bicycle 0.0294 32 388 76 451
bird 0.0213 326 341 375 404
bird 0.0200 5 378 61 476
boat 0.0222 2 6 373 489
boat 0.0203 5 378 61 476
bottle 0.0936 159 318 369 497
bottle 0.0435 3 371 59 476
bottle 0.0376 128 369 182 446
bottle 0.0288 337 351 375 409
bottle 0.0276 350 345 374 400
bottle 0.0262 371 353 376 399
bottle 0.0221 132 342 201 441
car 0.0207 189 211 327 440
chair 0.0286 3 365 58 475
chair 0.0220 128 346 204 446
chair 0.0208 3 394 17 452
horse 0.0452 3 379 58 475
horse 0.0250 326 341 375 404
horse 0.0224 158 311 366 496
horse 0.0210 349 353 374 407
motorbike 0.1246 159 318 369 497
motorbike 0.1030 331 350 375 410
motorbike 0.0894 5 378 61 476
motorbike 0.0532 126 361 189 446
motorbike 0.0282 54 381 101 441
person 0.8064 186 209 307 466
person 0.7105 6 325 60 458
person 0.5438 135 327 186 425
person 0.0461 371 353 376 399
person 0.0391 349 349 374 404
person 0.0367 373 326 374 396
person 0.0350 373 361 375 423
person 0.0337 325 345 376 407
person 0.0262 374 357 374 443
person 0.0256 373 268 375 423
person 0.0249 0 384 2 454
person 0.0233 1 360 1 448
person 0.0230 372 236 375 423
person 0.0221 0 345 3 447
pottedplant 0.0291 337 351 375 409
pottedplant 0.0287 350 345 374 400
pottedplant 0.0282 159 318 369 497
pottedplant 0.0264 5 378 61 476
pottedplant 0.0254 372 347 376 398
pottedplant 0.0201 0 401 7 445
train 0.0219 3 379 58 475
