boat 0.0561 102 3 275 445
boat 0.0336 154 367 222 423
bottle 0.1123 103 3 279 445
bus 0.0455 154 367 222 423
bus 0.0306 263 389 278 411
car 0.5494 154 367 222 423
car 0.1088 263 389 278 411
car 0.0280 104 389 120 410
car 0.0248 98 390 115 410
car 0.0202 103 3 279 445
chair 0.0227 89 17 287 478
diningtable 0.0306 89 17 287 478
motorbike 0.0241 265 392 281 415
motorbike 0.0218 151 364 221 421
person 0.0291 269 393 283 414
person 0.0239 26 388 52 412
pottedplant 0.0235 103 3 279 445
train 0.0222 154 367 222 423
tvmonitor 0.0253 103 3 279 445
