bird 0.0632 456 308 492 332
bird 0.0413 356 310 372 324
bottle 0.0329 160 84 233 345
bus 0.0321 307 51 392 320
bus 0.0279 164 79 237 339
car 0.0407 179 62 441 333
car 0.0346 30 138 465 350
car 0.0313 252 110 384 238
car 0.0260 195 89 300 346
car 0.0255 145 71 225 323
chair 0.0353 32 164 409 353
chair 0.0302 169 95 326 345
chair 0.0291 166 95 235 351
chair 0.0272 127 143 282 350
dog 0.0361 352 306 369 322
motorbike 0.0251 179 62 441 333
person 0.7302 313 51 393 326
person 0.7047 82 71 178 330
person 0.6854 241 60 324 340
person 0.6304 164 81 237 343
person 0.2075 212 57 259 343
person 0.0559 185 90 208 134
person 0.0485 207 70 256 178
person 0.0391 264 100 379 260
person 0.0292 145 118 186 224
person 0.0272 214 68 249 133
person 0.0245 131 71 278 253
sheep 0.0499 456 308 492 332
sheep 0.0411 356 310 372 324
sheep 0.0361 446 184 495 239
sheep 0.0307 463 316 492 359
sheep 0.0283 367 182 495 307
sheep 0.0244 431 177 493 288
sofa 0.0257 138 99 357 348
sofa 0.0254 19 123 476 354
train 0.0259 162 64 458 307
