bird 0.0941 429 94 494 137
bird 0.0693 278 138 396 217
bird 0.0417 95 177 212 255
bird 0.0414 409 130 493 206
bird 0.0401 491 135 495 205
bird 0.0301 198 144 289 220
boat 0.0335 278 138 396 217
cat 0.0656 429 94 494 141
cat 0.0400 273 137 394 218
cat 0.0311 95 177 212 255
cow 0.1141 427 94 491 141
cow 0.1129 263 96 326 148
cow 0.1030 278 138 396 217
cow 0.0839 185 144 287 221
cow 0.0661 335 113 403 161
cow 0.0558 153 151 208 180
cow 0.0529 412 130 496 206
cow 0.0505 94 177 206 255
cow 0.0403 149 153 260 230
cow 0.0396 264 97 285 119
cow 0.0342 492 99 495 136
cow 0.0340 416 132 446 161
cow 0.0338 491 135 495 205
cow 0.0320 167 151 257 180
cow 0.0310 100 152 215 227
dog 0.1157 429 94 494 137
dog 0.0690 278 138 396 217
dog 0.0375 94 174 213 253
dog 0.0371 185 144 287 221
dog 0.0370 263 96 326 148
dog 0.0343 412 130 496 206
dog 0.0310 335 112 403 157
horse 0.0480 273 137 394 218
horse 0.0384 429 94 494 141
person 0.0302 492 102 495 138
person 0.0301 492 98 494 133
sheep 0.7010 412 130 496 206
sheep 0.6212 278 138 396 217
sheep 0.6179 335 112 403 157
sheep 0.5257 429 94 494 141
sheep 0.4913 95 177 212 255
sheep 0.4720 263 96 326 148
sheep 0.3569 191 145 288 220
sheep 0.2311 142 154 243 229
sheep 0.2158 153 151 208 180
sheep 0.1654 416 133 447 164
sheep 0.1366 269 111 326 172
sheep 0.0992 98 172 185 226
sheep 0.0951 327 112 363 138
sheep 0.0930 482 133 497 203
sheep 0.0871 102 183 143 216
sheep 0.0849 167 150 258 185
sheep 0.0842 265 97 292 119
sheep 0.0782 467 134 496 202
sheep 0.0752 411 125 482 178
sheep 0.0619 472 172 492 202
sheep 0.0487 262 116 365 196
sheep 0.0479 458 161 489 203
sheep 0.0457 485 101 494 134
sheep 0.0443 235 91 408 187
sheep 0.0442 293 100 342 140
sheep 0.0408 376 118 415 161
sheep 0.0380 434 98 451 114
sheep 0.0358 491 100 496 179
sheep 0.0313 468 102 495 176
