aeroplane 0.1862 -1 54 497 244
aeroplane 0.0608 4 104 491 331
bicycle 0.0456 468 210 495 320
bicycle 0.0425 276 247 329 312
boat 0.5281 9 45 275 277
boat 0.0923 -1 77 497 269
boat 0.0466 42 146 453 325
boat 0.0438 11 56 171 153
bus 0.0449 60 76 560 258
car 0.3583 438 132 495 321
car 0.0801 467 214 496 322
car 0.0709 405 132 449 316
car 0.0479 287 137 333 311
car 0.0476 238 134 351 313
car 0.0470 -1 67 497 267
car 0.0442 391 141 432 294
car 0.0442 256 154 300 306
chair 0.0438 7 53 113 139
motorbike 0.1061 467 214 496 322
motorbike 0.0473 408 136 453 324
motorbike 0.0436 425 142 492 328
motorbike 0.0435 453 163 494 325
person 0.6400 331 143 374 310
person 0.6334 288 139 333 314
person 0.5849 253 159 295 312
person 0.5368 401 138 446 326
person 0.4355 376 151 408 320
person 0.0847 370 168 391 256
person 0.0612 468 207 495 318
person 0.0519 411 204 465 320
train 0.0511 0 92 496 289
