aeroplane 0.0520 289 240 318 270
aeroplane 0.0207 4 -34 324 257
bird 0.0491 75 252 82 266
bird 0.0372 159 39 199 261
bird 0.0369 289 240 318 270
bird 0.0286 162 244 171 258
boat 0.7877 156 37 199 263
boat 0.3339 287 240 317 270
boat 0.0908 87 33 241 274
boat 0.0512 9 -22 319 260
boat 0.0467 162 244 171 258
boat 0.0459 77 253 85 265
bottle 0.0738 156 37 199 263
bottle 0.0269 289 240 318 270
bottle 0.0252 162 244 171 258
bottle 0.0251 209 1 291 96
bottle 0.0244 167 244 176 258
bottle 0.0221 201 52 298 115
bus 0.0540 287 240 317 270
car 0.0604 289 240 318 270
car 0.0308 162 244 171 258
car 0.0244 1 91 11 122
car 0.0224 0 85 3 128
car 0.0214 167 244 176 258
cow 0.0520 289 240 318 270
cow 0.0252 1 91 11 122
cow 0.0234 77 253 85 265
horse 0.0203 287 243 317 273
person 0.1133 162 244 171 258
person 0.0420 287 240 317 270
person 0.0260 1 95 10 126
pottedplant 0.0225 162 244 171 258
sheep 0.0639 289 240 318 270
sheep 0.0475 75 252 82 266
sheep 0.0467 158 42 200 264
sheep 0.0284 1 91 11 122
sheep 0.0224 3 91 18 123
sheep 0.0209 274 19 329 108
train 0.1326 287 240 317 270
train 0.0243 156 37 199 263
