aeroplane 0.0298 74 135 131 188
bicycle 0.0305 409 123 437 185
bird 0.6777 70 134 130 185
bird 0.2492 204 149 236 182
bird 0.1061 2 129 188 326
bird 0.0733 409 118 438 181
bird 0.0375 5 132 123 187
bird 0.0249 125 150 229 185
boat 0.0538 203 150 237 184
boat 0.0435 442 160 491 181
boat 0.0407 456 153 491 177
boat 0.0377 -1 5 497 210
boat 0.0319 470 145 493 175
boat 0.0300 412 120 440 182
boat 0.0257 485 160 494 181
bottle 0.0429 409 120 437 183
bottle 0.0298 414 145 432 179
bottle 0.0292 417 157 429 179
bottle 0.0282 189 0 211 17
bottle 0.0261 204 149 236 182
bottle 0.0248 175 2 203 20
bus 0.0298 0 2 496 208
car 0.0429 450 152 490 178
car 0.0391 492 162 495 184
car 0.0227 196 2 314 5
cat 0.1171 204 149 236 182
cat 0.0466 409 118 438 181
chair 0.0309 450 142 491 177
chair 0.0279 414 145 432 179
chair 0.0278 409 123 437 185
chair 0.0225 174 0 399 17
cow 0.0856 409 118 438 181
cow 0.0716 204 149 236 182
dog 0.2836 409 118 438 181
dog 0.1267 204 149 236 182
horse 0.1093 409 118 438 181
horse 0.0497 204 149 236 182
motorbike 0.0234 412 120 440 182
person 0.3625 409 118 438 181
person 0.0588 189 0 211 17
person 0.0534 179 1 207 20
person 0.0306 194 1 300 6
person 0.0301 201 149 233 182
person 0.0299 153 2 177 20
person 0.0298 70 134 130 185
person 0.0294 181 1 267 11
person 0.0272 449 127 491 177
person 0.0263 417 157 429 179
person 0.0238 491 131 496 173
person 0.0234 414 145 432 179
person 0.0232 159 0 399 12
person 0.0231 491 150 495 175
pottedplant 0.0294 182 1 211 20
sheep 0.3074 204 149 236 182
sheep 0.0429 409 118 438 181
sheep 0.0273 70 134 130 185
sofa 0.0231 411 117 441 181
train 0.0570 213 124 446 175
train 0.0309 -1 5 497 210
train 0.0308 412 120 440 182
train 0.0244 450 142 491 177
tvmonitor 0.0334 0 -2 497 177
