bicycle 0.0307 241 476 347 496
bird 0.0634 312 466 368 497
bird 0.0442 242 477 322 495
bird 0.0362 363 417 371 492
bird 0.0286 259 474 375 497
bird 0.0282 -1 468 26 495
boat 0.0328 243 136 303 179
boat 0.0283 82 81 137 132
bottle 0.7983 105 15 248 465
bottle 0.0696 82 78 137 128
bottle 0.0546 174 7 238 58
bottle 0.0449 241 483 323 496
bottle 0.0389 77 57 211 398
bottle 0.0382 225 484 292 495
bottle 0.0331 105 126 161 244
bottle 0.0303 200 107 224 192
bottle 0.0282 368 407 372 486
bottle 0.0280 200 120 230 227
bus 0.0410 241 136 300 179
car 0.3114 241 136 300 179
car 0.0787 82 81 137 132
chair 0.0415 82 82 142 138
chair 0.0327 227 141 372 471
chair 0.0322 277 167 369 249
chair 0.0287 243 488 321 497
cow 0.0320 368 398 372 487
diningtable 0.0317 0 291 372 477
diningtable 0.0314 82 82 142 138
dog 0.0307 362 406 372 487
motorbike 0.0586 244 139 302 183
motorbike 0.0354 103 11 245 461
motorbike 0.0326 82 78 137 128
person 0.0535 368 417 371 492
person 0.0395 0 389 14 488
person 0.0385 241 483 323 496
person 0.0356 368 352 372 495
person 0.0327 243 136 303 179
person 0.0319 0 354 9 477
person 0.0299 224 483 288 496
person 0.0290 241 476 347 496
pottedplant 0.0984 242 477 322 495
pottedplant 0.0520 82 81 137 132
pottedplant 0.0444 240 474 371 497
pottedplant 0.0389 313 474 367 496
sheep 0.0356 368 398 372 487
sofa 0.0290 272 166 369 250
tvmonitor 0.0302 79 84 134 137
