aeroplane 0.2171 0 0 495 297
boat 0.3040 0 2 495 358
boat 0.0295 19 214 406 328
boat 0.0287 162 211 207 313
bottle 0.2814 162 211 201 308
bottle 0.0410 143 222 321 308
bus 0.0581 0 2 495 358
car 0.0440 162 211 201 308
car 0.0385 0 2 495 358
diningtable 0.0255 24 216 393 331
diningtable 0.0251 160 212 208 318
motorbike 0.0281 162 211 201 308
person 0.1136 162 211 201 308
person 0.0313 479 0 500 360
person 0.0254 452 -1 496 362
pottedplant 0.0475 162 211 206 308
train 0.0618 0 2 495 358
tvmonitor 0.0284 0 2 495 358
tvmonitor 0.0269 162 211 201 308
