car 0.0328 3 7 368 199
car 0.0281 0 2 372 493
car 0.0254 12 0 130 12
car 0.0249 -7 -5 109 32
car 0.0243 0 0 66 28
cat 0.0272 0 2 372 493
cat 0.0239 96 124 369 442
chair 0.0818 0 2 372 493
chair 0.0399 3 4 368 179
diningtable 0.0389 0 2 372 493
diningtable 0.0238 3 4 368 179
dog 0.7892 98 131 373 450
dog 0.0477 0 2 372 493
dog 0.0261 3 4 368 179
person 0.1232 0 2 372 493
person 0.0337 95 117 364 440
person 0.0286 2 0 369 174
sofa 0.1347 0 2 372 493
sofa 0.0559 98 118 367 439
sofa 0.0510 3 4 368 179
