chair 0.6326 257 186 378 320
chair 0.3850 319 164 371 206
chair 0.2379 310 159 380 285
chair 0.0942 237 138 281 160
chair 0.0848 409 209 484 318
chair 0.0789 1 292 25 329
chair 0.0714 389 174 473 306
chair 0.0607 328 183 456 303
chair 0.0478 172 149 206 169
chair 0.0464 0 232 26 326
chair 0.0461 10 307 109 330
chair 0.0411 9 317 95 330
chair 0.0408 41 179 126 322
chair 0.0376 247 137 318 161
chair 0.0375 37 239 67 314
chair 0.0373 435 128 489 332
chair 0.0353 0 219 12 318
chair 0.0343 0 180 19 321
diningtable 0.1106 308 197 460 319
diningtable 0.0465 263 185 387 321
person 0.0477 467 0 496 330
person 0.0456 43 178 131 323
pottedplant 0.2785 41 179 126 322
pottedplant 0.1012 309 137 350 161
pottedplant 0.1004 172 146 205 167
pottedplant 0.0754 38 180 74 321
pottedplant 0.0612 28 124 147 289
pottedplant 0.0539 208 111 232 156
pottedplant 0.0478 81 97 117 232
pottedplant 0.0428 40 239 71 314
pottedplant 0.0414 85 134 113 206
pottedplant 0.0410 20 169 61 321
pottedplant 0.0363 72 118 133 248
sofa 0.0469 257 186 378 320
sofa 0.0443 319 162 371 204
sofa 0.0344 237 138 281 160
tvmonitor 0.1453 0 229 26 325
tvmonitor 0.0944 1 167 18 261
tvmonitor 0.0649 1 297 32 329
tvmonitor 0.0482 2 161 32 319
tvmonitor 0.0465 0 180 19 321
tvmonitor 0.0427 9 302 110 329
