bicycle 0.0347 166 237 271 383
bicycle 0.0290 168 245 197 296
boat 0.0365 118 178 211 254
boat 0.0278 134 198 194 265
bottle 0.0651 305 0 329 496
bottle 0.0439 87 109 112 142
bottle 0.0369 274 -1 330 497
bottle 0.0335 254 232 266 287
bottle 0.0283 245 161 270 194
bus 0.0579 290 0 328 496
bus 0.0420 263 99 303 396
bus 0.0396 118 178 211 254
bus 0.0385 254 37 322 458
bus 0.0382 134 198 194 265
bus 0.0331 88 103 115 142
bus 0.0320 264 230 292 313
car 0.0505 268 237 293 312
car 0.0361 167 228 275 384
car 0.0326 0 130 59 256
car 0.0326 88 109 115 143
car 0.0302 296 0 328 496
chair 0.0377 308 0 331 495
cow 0.0380 309 77 330 489
dog 0.0321 305 151 329 500
motorbike 0.5663 168 245 269 382
motorbike 0.0553 168 245 197 296
motorbike 0.0398 172 231 197 272
motorbike 0.0301 159 250 232 361
person 0.4587 202 192 266 357
person 0.1104 158 192 176 248
person 0.0855 305 0 329 496
person 0.0442 254 233 266 293
person 0.0378 199 200 253 272
person 0.0368 174 226 196 261
person 0.0365 207 199 241 257
person 0.0346 172 244 203 305
person 0.0317 0 119 12 165
person 0.0295 167 234 197 284
person 0.0291 87 109 112 142
person 0.0289 316 58 329 461
pottedplant 0.0743 45 5 112 68
pottedplant 0.0333 308 0 331 495
pottedplant 0.0295 23 9 92 103
train 0.0738 290 0 328 496
train 0.0736 118 178 211 254
train 0.0608 87 152 242 266
train 0.0577 33 86 295 316
train 0.0524 134 198 194 265
train 0.0442 308 0 331 495
train 0.0395 0 126 64 259
train 0.0357 264 230 292 313
train 0.0327 263 99 303 396
train 0.0312 254 37 322 458
tvmonitor 0.0597 305 0 329 496
tvmonitor 0.0460 88 103 115 142
