bird 0.0368 140 47 175 72
bottle 0.0506 266 65 290 130
cat 0.0489 140 47 175 72
chair 0.0592 2 102 157 356
chair 0.0542 241 2 495 369
chair 0.0393 9 18 267 353
chair 0.0351 0 150 496 373
diningtable 0.0380 0 156 495 373
dog 0.7255 222 130 492 369
dog 0.0564 140 47 175 72
person 0.1728 152 148 257 275
person 0.1514 1 107 267 363
person 0.1076 143 49 179 75
person 0.0869 8 32 268 175
person 0.0840 126 138 267 332
person 0.0684 0 1 495 370
person 0.0430 231 35 490 365
person 0.0401 80 29 259 137
sofa 0.0672 0 1 495 370
sofa 0.0620 9 30 267 359
sofa 0.0459 2 99 173 354
sofa 0.0435 129 124 491 365
