aeroplane 0.0698 -1 0 497 372
bicycle 0.0552 483 319 495 373
bird 0.0553 484 308 495 373
bird 0.0411 118 230 134 246
boat 0.2937 142 45 485 349
boat 0.0453 149 225 424 369
boat 0.0447 148 218 277 293
bottle 0.0428 484 313 494 373
bottle 0.0390 491 303 495 361
car 0.0439 490 308 496 368
car 0.0433 484 313 494 373
cat 0.0373 112 230 155 294
chair 0.2374 112 234 156 301
chair 0.0819 116 243 152 344
chair 0.0799 -6 91 150 339
chair 0.0556 480 328 493 370
chair 0.0513 118 230 134 246
chair 0.0494 484 339 495 371
chair 0.0419 115 230 137 258
chair 0.0398 -2 -2 115 93
chair 0.0381 3 158 8 324
cow 0.0426 484 313 494 373
dog 0.0469 484 308 495 373
horse 0.0795 484 313 494 373
motorbike 0.0459 484 308 495 373
person 0.4174 447 299 462 347
person 0.3040 484 308 495 373
person 0.0449 111 230 150 293
pottedplant 0.0693 411 55 459 106
pottedplant 0.0632 -1 0 497 372
pottedplant 0.0523 112 230 155 294
pottedplant 0.0423 118 230 134 246
pottedplant 0.0383 484 313 494 373
sofa 0.1022 112 232 156 297
sofa 0.0523 -8 102 145 368
tvmonitor 0.0418 112 230 155 294
tvmonitor 0.0391 -1 0 497 372
