aeroplane 0.0368 63 14 486 232
aeroplane 0.0339 137 75 349 171
bird 0.1047 135 85 281 145
bird 0.0374 141 71 370 160
bird 0.0320 48 176 95 246
boat 0.0927 63 14 486 232
boat 0.0645 2 93 94 189
boat 0.0532 114 79 303 172
boat 0.0458 108 50 378 206
boat 0.0428 170 88 317 148
boat 0.0321 19 16 312 272
boat 0.0320 72 79 172 177
bus 0.3239 100 32 481 302
car 0.0379 55 -4 487 298
car 0.0302 -2 92 100 248
cow 0.1837 -1 95 99 255
cow 0.1655 45 175 90 243
cow 0.0364 291 60 492 289
dog 0.0550 45 175 90 243
dog 0.0341 -2 94 99 251
horse 0.0644 45 175 90 243
horse 0.0610 -1 95 99 255
person 0.0362 482 190 496 264
person 0.0351 490 182 496 257
person 0.0311 49 175 94 242
person 0.0310 474 200 498 269
sheep 0.1265 -2 92 100 248
sheep 0.0859 48 176 95 246
sheep 0.0355 113 84 280 152
train 0.2283 291 56 493 288
train 0.1057 96 -5 492 298
train 0.0349 -2 92 100 248
tvmonitor 0.0430 82 -5 491 299
