bird 0.0246 428 150 457 180
bottle 0.0568 4 90 29 123
bottle 0.0342 432 151 461 179
bottle 0.0266 0 0 5 26
bottle 0.0244 54 3 89 92
bottle 0.0241 1 4 3 92
bottle 0.0236 138 44 185 93
bottle 0.0234 3 94 32 189
bottle 0.0231 20 9 61 87
bottle 0.0224 1 6 16 96
bus 0.0349 167 3 273 69
bus 0.0256 1 10 10 104
bus 0.0252 2 3 23 99
bus 0.0231 2 9 9 69
bus 0.0221 16 8 57 93
car 0.7522 40 16 447 344
car 0.0699 167 5 273 73
car 0.0241 0 7 4 101
car 0.0239 92 4 286 79
car 0.0237 1 4 3 80
chair 0.0432 167 6 273 83
chair 0.0350 84 31 138 111
chair 0.0342 461 166 495 305
chair 0.0265 475 195 496 334
chair 0.0254 4 90 29 123
chair 0.0234 14 92 43 126
dog 0.0355 138 44 185 93
dog 0.0284 4 90 29 123
dog 0.0273 428 150 457 180
dog 0.0243 20 83 52 124
person 0.1784 428 150 457 180
person 0.1511 138 44 185 93
person 0.1353 20 83 52 124
person 0.1123 4 90 29 123
person 0.0479 475 156 488 180
person 0.0468 97 31 140 99
person 0.0431 5 91 37 187
person 0.0302 167 3 273 69
person 0.0295 1 4 3 80
person 0.0287 0 13 35 358
person 0.0271 20 7 61 83
person 0.0259 1 52 2 132
person 0.0254 0 6 3 107
person 0.0246 54 2 89 82
person 0.0225 0 0 4 36
person 0.0223 8 7 41 88
sofa 0.0239 167 5 273 73
tvmonitor 0.0547 1 6 16 96
tvmonitor 0.0511 4 6 30 95
tvmonitor 0.0469 14 7 51 83
tvmonitor 0.0415 167 3 273 69
tvmonitor 0.0390 460 162 495 290
tvmonitor 0.0349 0 2 17 35
tvmonitor 0.0276 180 1 260 31
tvmonitor 0.0266 474 171 497 328
tvmonitor 0.0222 46 3 82 86
