bicycle 0.1245 474 128 497 183
bicycle 0.0826 451 121 489 179
bicycle 0.0672 430 122 479 190
bicycle 0.0621 478 152 494 183
bicycle 0.0545 489 151 497 185
bicycle 0.0463 397 120 441 191
bicycle 0.0462 371 127 412 173
bicycle 0.0415 -1 292 19 371
car 0.0507 403 114 436 181
car 0.0498 -1 172 99 310
car 0.0457 474 120 497 180
car 0.0416 487 122 499 179
car 0.0408 450 112 482 171
car 0.0399 375 126 409 168
car 0.0385 463 116 493 172
car 0.0364 432 108 469 175
chair 0.0382 0 307 19 374
motorbike 0.6259 -1 172 99 310
motorbike 0.5641 78 161 222 286
motorbike 0.4289 250 130 416 229
motorbike 0.2675 416 120 469 193
motorbike 0.2493 447 114 485 175
motorbike 0.2484 468 121 496 180
motorbike 0.2393 148 150 261 262
motorbike 0.2119 397 120 441 191
motorbike 0.2059 206 135 328 230
motorbike 0.1787 315 130 422 212
motorbike 0.1644 371 127 412 173
motorbike 0.1627 358 124 425 188
motorbike 0.0433 19 165 163 294
motorbike 0.0398 0 151 41 296
motorbike 0.0387 0 176 19 300
person 0.3430 16 121 89 232
person 0.1947 404 112 435 177
person 0.1517 448 110 477 167
person 0.1311 377 125 406 164
person 0.1119 428 110 466 173
person 0.1058 476 114 496 169
person 0.1026 453 109 471 139
person 0.0671 492 107 495 152
person 0.0646 438 111 455 136
person 0.0626 269 133 312 185
person 0.0622 419 107 442 141
person 0.0613 430 111 448 137
person 0.0534 405 93 426 131
person 0.0523 3 155 46 234
person 0.0502 488 135 498 183
person 0.0469 255 130 341 212
person 0.0403 249 127 417 227
person 0.0375 309 128 412 202
pottedplant 0.2790 404 92 427 126
pottedplant 0.0498 425 110 444 138
pottedplant 0.0461 450 106 466 130
pottedplant 0.0458 443 107 458 129
pottedplant 0.0456 468 90 488 122
pottedplant 0.0449 466 72 490 118
pottedplant 0.0433 260 0 367 49
pottedplant 0.0416 474 100 489 124
pottedplant 0.0399 343 14 371 46
