bottle 0.0980 131 184 175 268
bottle 0.0530 286 277 302 322
chair 0.2573 400 253 446 370
chair 0.1361 405 239 496 372
chair 0.1015 25 241 188 375
chair 0.0948 139 163 293 267
chair 0.0608 -8 313 168 374
chair 0.0607 133 196 174 273
chair 0.0595 49 237 110 286
chair 0.0551 -6 336 119 374
chair 0.0527 459 270 496 370
chair 0.0517 492 207 494 339
chair 0.0513 444 318 496 369
chair 0.0505 491 210 495 313
chair 0.0500 476 221 495 372
chair 0.0476 -2 303 91 372
chair 0.0465 485 216 494 366
chair 0.0458 -13 349 172 373
chair 0.0453 0 350 96 372
dog 0.0420 146 164 278 265
person 0.2106 155 165 262 265
person 0.1305 123 162 341 267
person 0.0891 131 184 175 268
person 0.0708 209 52 239 102
person 0.0624 491 209 495 309
person 0.0476 492 204 494 349
person 0.0441 492 213 494 363
pottedplant 0.0980 396 138 434 215
pottedplant 0.0809 390 182 425 224
pottedplant 0.0578 491 200 495 306
pottedplant 0.0491 328 73 409 298
pottedplant 0.0419 491 171 496 311
sofa 0.4902 139 165 348 276
sofa 0.4306 16 236 182 375
sofa 0.0680 413 226 496 367
sofa 0.0573 10 227 102 372
sofa 0.0518 -5 307 172 374
sofa 0.0456 401 250 445 367
tvmonitor 0.0744 476 52 496 160
tvmonitor 0.0579 390 182 425 224
tvmonitor 0.0430 485 204 495 330
tvmonitor 0.0419 491 205 495 307
