aeroplane 0.7338 101 26 167 79
aeroplane 0.0468 143 25 172 39
aeroplane 0.0445 148 20 182 33
aeroplane 0.0398 109 22 175 42
aeroplane 0.0391 127 19 173 34
aeroplane 0.0372 146 28 184 46
aeroplane 0.0344 124 34 222 71
aeroplane 0.0336 110 20 236 64
aeroplane 0.0336 135 30 195 55
aeroplane 0.0253 135 36 180 70
aeroplane 0.0246 121 66 155 81
aeroplane 0.0228 73 -8 164 68
aeroplane 0.0211 98 36 123 49
aeroplane 0.0209 139 52 175 74
bird 0.0469 101 26 167 79
boat 0.0330 101 26 167 79
cat 0.0285 0 0 495 330
chair 0.0228 0 0 495 330
diningtable 0.0222 0 0 495 330
person 0.0202 0 0 495 330
pottedplant 0.0329 101 26 167 79
sofa 0.0274 0 0 495 330
tvmonitor 0.0253 0 0 495 330
