aeroplane 0.0271 0 3 386 492
aeroplane 0.0215 1 28 190 380
bicycle 0.0639 0 34 14 70
bicycle 0.0302 8 25 36 64
bird 0.0378 117 25 135 55
bird 0.0216 0 25 191 321
bird 0.0213 0 34 14 70
boat 0.5189 0 22 191 317
boat 0.0272 0 3 386 492
bottle 0.1214 0 22 191 317
bottle 0.0215 1 29 13 68
car 0.0219 0 27 192 327
chair 0.0255 0 3 386 492
chair 0.0248 2 35 18 69
motorbike 0.0262 1 29 13 68
person 0.0285 0 29 8 67
person 0.0247 0 3 386 492
person 0.0208 1 184 2 288
person 0.0206 1 146 7 349
pottedplant 0.0464 0 25 191 321
pottedplant 0.0390 0 34 14 70
sheep 0.0399 0 22 191 317
sheep 0.0230 117 25 135 55
sofa 0.0265 0 3 386 492
