aeroplane 0.0232 3 246 171 353
bird 0.6103 335 158 496 277
bird 0.5550 3 246 171 353
bird 0.3472 92 164 317 306
bird 0.1492 77 210 253 307
bird 0.0648 2 204 219 325
bird 0.0558 218 161 277 192
bird 0.0302 343 159 402 201
bird 0.0241 336 179 370 221
bird 0.0223 357 212 435 281
cat 0.0302 218 161 277 192
cat 0.0214 338 160 499 280
dog 0.0331 218 161 277 192
dog 0.0248 336 161 495 279
horse 0.0207 335 163 495 283
person 0.0242 338 160 499 280
pottedplant 0.0228 491 116 495 191
sheep 0.0313 218 161 277 192
sheep 0.0294 335 158 496 277
sofa 0.0204 0 0 496 243
