aeroplane 0.0200 86 313 120 327
bird 0.1869 89 310 124 326
bird 0.0365 70 33 479 284
bird 0.0208 461 40 494 100
bird 0.0201 113 316 163 325
boat 0.0449 86 313 120 327
bottle 0.0277 89 313 124 327
car 0.0239 86 313 120 327
cat 0.0462 89 313 124 327
cat 0.0227 70 33 479 284
cat 0.0219 252 41 500 295
cow 0.0617 86 313 120 327
cow 0.0334 65 24 438 297
dog 0.1995 70 34 487 297
dog 0.0786 89 313 124 327
dog 0.0209 305 41 502 291
horse 0.1121 68 45 474 302
horse 0.0545 86 313 120 327
person 0.1293 89 310 124 326
pottedplant 0.0287 89 310 124 326
sheep 0.0774 86 313 120 327
sheep 0.0374 68 45 474 302
sofa 0.0229 70 34 487 293
