bicycle 0.0326 490 214 495 298
bicycle 0.0296 492 228 494 318
bird 0.2290 284 283 374 346
bird 0.1062 423 271 496 323
bird 0.0822 485 223 495 306
bird 0.0399 276 357 297 371
bird 0.0364 428 223 496 330
bird 0.0348 281 198 322 354
bird 0.0318 495 250 492 331
boat 0.0398 155 177 177 212
boat 0.0354 491 223 494 306
boat 0.0307 0 0 495 371
boat 0.0306 284 283 374 346
boat 0.0293 427 275 496 324
bottle 0.1100 154 172 178 211
bottle 0.0404 485 221 495 302
bottle 0.0401 490 214 495 298
bottle 0.0368 492 228 494 318
bus 0.0340 0 0 495 371
car 0.0415 491 223 494 306
car 0.0338 282 283 369 346
car 0.0328 155 177 177 212
cat 0.0763 423 271 496 323
cat 0.0601 284 283 374 346
cat 0.0556 485 223 495 306
cat 0.0393 155 177 177 212
chair 0.0452 490 214 495 298
chair 0.0295 282 283 369 346
cow 0.1104 427 275 496 324
cow 0.1103 282 283 369 346
cow 0.0594 491 227 495 308
cow 0.0575 492 228 494 318
diningtable 0.0502 0 -2 495 98
dog 0.1512 282 283 369 346
dog 0.1493 423 271 496 323
dog 0.0764 486 226 494 314
dog 0.0370 488 251 492 325
dog 0.0296 368 210 422 331
horse 0.1645 284 283 374 346
horse 0.0650 485 223 495 306
horse 0.0433 423 271 496 323
motorbike 0.0321 490 214 495 298
person 0.6744 278 198 319 354
person 0.6589 368 210 422 331
person 0.0957 491 219 495 298
person 0.0896 486 225 494 309
person 0.0789 483 190 497 298
person 0.0453 382 205 402 229
person 0.0404 288 214 316 286
person 0.0390 495 245 492 330
person 0.0366 494 258 493 329
person 0.0356 154 172 178 211
person 0.0338 276 352 297 371
pottedplant 0.0845 154 172 178 211
pottedplant 0.0506 490 214 495 298
pottedplant 0.0496 0 -2 495 98
pottedplant 0.0348 280 358 300 371
sheep 0.6909 427 275 496 324
sheep 0.3888 284 283 374 346
sheep 0.0903 486 226 494 314
sheep 0.0581 488 251 492 325
sofa 0.0384 0 -2 495 98
train 0.0398 0 0 495 371
tvmonitor 0.0588 155 177 177 212
tvmonitor 0.0380 0 0 495 371
