bicycle 0.0247 -1 121 105 361
boat 0.0575 0 131 104 369
bottle 0.1751 -2 125 100 363
bus 0.0203 -2 127 99 367
car 0.0982 -3 131 100 369
cat 0.0803 -2 121 100 356
chair 0.1036 -3 131 100 369
diningtable 0.0744 0 131 104 369
person 0.0224 146 357 193 371
person 0.0200 -1 121 99 361
pottedplant 0.0708 -1 121 99 361
pottedplant 0.0310 2 7 165 364
pottedplant 0.0284 2 33 95 285
pottedplant 0.0216 142 357 189 371
sheep 0.8256 138 35 435 330
sheep 0.0490 -3 131 100 369
sofa 0.0304 -3 131 100 369
train 0.0344 -2 127 99 367
tvmonitor 0.1615 -2 127 99 367
