car 0.0255 -1 31 6 146
car 0.0246 -1 13 19 135
cow 0.6342 130 30 426 370
cow 0.5310 5 47 90 147
cow 0.1859 78 48 167 141
cow 0.1758 1 48 17 141
cow 0.0347 62 52 105 137
dog 0.0703 5 47 90 147
dog 0.0424 0 43 18 140
dog 0.0313 77 51 160 144
dog 0.0269 145 54 427 370
horse 0.2186 5 47 90 147
horse 0.1119 78 48 167 141
horse 0.0789 0 51 17 143
horse 0.0435 82 29 412 372
person 0.0466 0 49 11 140
person 0.0412 0 9 19 133
person 0.0403 3 69 14 144
sheep 0.1030 5 47 90 147
sheep 0.0936 150 58 430 371
sheep 0.0581 0 43 18 140
sheep 0.0559 78 48 167 141
sheep 0.0272 2 81 8 137
train 0.0846 139 59 419 370
train 0.0337 9 48 93 147
