aeroplane 0.0280 106 188 134 221
bicycle 0.0390 256 354 299 398
bird 0.0392 256 354 295 397
bird 0.0229 106 188 134 221
bird 0.0211 252 116 300 160
bird 0.0204 180 193 200 215
boat 0.0708 256 354 295 397
boat 0.0357 106 188 134 221
boat 0.0244 109 190 240 375
boat 0.0232 142 185 212 224
bottle 0.2350 256 354 295 397
bottle 0.0213 171 193 199 215
bus 0.0425 112 191 241 374
car 0.0491 256 354 295 397
car 0.0466 106 188 134 221
car 0.0230 126 176 217 233
cat 0.0378 256 354 295 397
chair 0.0215 256 354 299 398
cow 0.0288 108 183 241 375
diningtable 0.0484 256 354 299 398
dog 0.0236 256 354 295 397
motorbike 0.0395 256 354 295 397
person 0.0379 106 188 134 221
person 0.0315 176 193 199 215
person 0.0298 256 354 295 397
person 0.0267 105 199 130 272
person 0.0214 269 204 293 236
person 0.0209 167 218 208 301
person 0.0207 148 207 165 280
pottedplant 0.1699 256 354 295 397
pottedplant 0.0271 106 188 134 221
pottedplant 0.0262 269 204 293 236
sheep 0.0353 256 354 295 397
train 0.7524 112 191 241 374
train 0.0251 127 170 222 246
tvmonitor 0.0379 256 354 295 397
