aeroplane 0.0294 119 156 220 283
bird 0.0419 0 408 11 438
bird 0.0309 309 399 325 440
bird 0.0284 119 156 220 283
bird 0.0252 308 414 326 487
bird 0.0236 321 416 329 477
bird 0.0205 280 416 323 485
boat 0.9159 119 156 220 283
boat 0.0470 2 156 46 230
boat 0.0321 0 61 37 254
boat 0.0309 304 179 329 222
boat 0.0248 174 204 258 244
boat 0.0241 4 6 324 293
bottle 0.0213 119 156 220 283
car 0.0201 304 179 329 222
person 0.0477 161 259 167 274
person 0.0360 182 258 193 275
person 0.0356 176 265 183 276
person 0.0302 194 264 207 278
person 0.0301 158 276 164 288
person 0.0295 153 276 160 288
person 0.0278 163 276 171 287
person 0.0206 177 233 198 270
pottedplant 0.0262 0 3 39 242
sheep 0.0270 120 156 222 284
