aeroplane 0.0353 420 185 495 225
bicycle 0.0336 84 238 98 260
bicycle 0.0320 82 229 101 259
bird 0.0339 30 48 74 79
boat 0.0528 420 185 495 225
boat 0.0359 483 32 496 59
bottle 0.0293 0 263 10 283
bus 0.3408 171 66 300 270
bus 0.0637 420 185 495 225
bus 0.0338 493 184 494 226
bus 0.0293 273 54 394 99
car 0.7748 420 185 495 225
car 0.0876 493 184 494 226
car 0.0798 492 190 494 230
car 0.0750 0 263 10 283
car 0.0712 413 197 432 218
car 0.0466 87 235 102 258
car 0.0463 489 36 497 60
car 0.0385 106 241 123 257
car 0.0344 37 250 51 270
motorbike 0.0503 88 239 101 259
motorbike 0.0502 86 231 104 257
motorbike 0.0350 420 185 495 225
motorbike 0.0349 0 263 10 283
motorbike 0.0345 41 250 54 269
motorbike 0.0308 103 242 119 257
motorbike 0.0294 50 251 61 269
person 0.0678 171 66 300 270
person 0.0542 492 190 494 230
person 0.0470 57 243 70 266
person 0.0457 50 251 61 269
person 0.0447 84 238 98 260
person 0.0407 77 241 90 263
person 0.0392 0 263 10 283
person 0.0333 416 196 437 218
person 0.0302 1 192 3 265
person 0.0296 168 146 194 201
pottedplant 0.0937 57 239 70 265
pottedplant 0.0900 50 220 77 262
pottedplant 0.0895 54 247 66 267
pottedplant 0.0883 83 234 99 259
pottedplant 0.0862 41 247 55 268
pottedplant 0.0582 38 228 58 265
pottedplant 0.0569 27 217 54 266
pottedplant 0.0565 81 221 101 251
pottedplant 0.0516 19 211 46 261
pottedplant 0.0465 0 263 10 283
pottedplant 0.0400 105 238 124 256
pottedplant 0.0361 35 211 61 241
pottedplant 0.0322 1 203 10 265
pottedplant 0.0301 44 205 68 236
sheep 0.0355 420 185 495 225
sheep 0.0315 482 35 497 61
train 0.1850 171 66 300 270
train 0.0585 79 86 189 187
train 0.0530 4 42 108 195
train 0.0471 44 75 255 198
train 0.0469 420 185 495 225
train 0.0373 264 43 411 100
train 0.0340 18 62 172 196
