bicycle 0.1123 230 2 328 243
bicycle 0.0647 298 191 327 241
bicycle 0.0576 197 468 236 495
bicycle 0.0441 175 476 232 496
bicycle 0.0355 171 483 215 496
bird 0.0464 297 466 328 496
bird 0.0344 173 488 203 497
bird 0.0306 127 162 186 232
bottle 0.0768 196 0 331 495
bottle 0.0562 170 482 206 497
bottle 0.0456 155 489 200 497
bottle 0.0369 132 489 181 497
bottle 0.0353 230 14 328 253
bottle 0.0305 1 9 99 487
car 0.0328 173 488 203 497
chair 0.0421 113 352 237 478
chair 0.0306 164 488 202 497
diningtable 0.0473 108 352 231 477
diningtable 0.0302 125 165 183 235
motorbike 0.0815 230 8 328 245
motorbike 0.0386 193 452 229 495
person 0.0880 196 442 227 490
person 0.0427 108 348 236 468
person 0.0397 170 482 206 497
person 0.0370 302 453 329 495
person 0.0329 311 467 330 496
person 0.0306 155 489 200 497
pottedplant 0.5369 126 56 177 119
pottedplant 0.5343 127 280 186 347
pottedplant 0.4736 127 162 186 232
pottedplant 0.4371 105 347 229 469
pottedplant 0.1947 168 482 203 497
pottedplant 0.1185 143 54 201 120
pottedplant 0.1073 131 483 182 496
pottedplant 0.0893 137 489 197 497
pottedplant 0.0860 230 8 328 245
pottedplant 0.0844 72 21 199 130
pottedplant 0.0556 191 448 227 492
pottedplant 0.0468 194 476 233 495
pottedplant 0.0456 138 436 248 497
pottedplant 0.0373 120 287 194 387
pottedplant 0.0364 111 261 213 461
tvmonitor 0.0377 128 172 185 236
tvmonitor 0.0339 196 0 331 495
