aeroplane 0.6098 0 43 495 276
aeroplane 0.0220 -2 1 37 22
bicycle 0.0730 0 0 42 22
bicycle 0.0716 15 3 81 24
bicycle 0.0473 32 1 135 21
bottle 0.0239 26 1 85 21
bottle 0.0212 1 3 48 24
car 0.1025 -2 1 37 22
car 0.0491 4 0 69 22
car 0.0216 31 1 119 21
chair 0.0213 28 0 186 23
horse 0.0206 0 3 42 24
motorbike 0.2461 0 0 42 22
motorbike 0.1704 7 0 74 22
motorbike 0.0904 33 1 103 21
person 0.0589 1 0 48 22
person 0.0554 26 1 85 21
person 0.0418 37 0 114 18
person 0.0214 55 247 80 270
pottedplant 0.0311 0 0 42 22
pottedplant 0.0284 22 1 82 21
pottedplant 0.0276 32 1 143 21
pottedplant 0.0224 39 0 229 23
pottedplant 0.0200 136 81 171 97
