bird 0.0560 338 318 376 329
bird 0.0499 276 315 359 331
bird 0.0261 243 266 268 307
boat 0.0361 274 315 354 331
boat 0.0342 333 322 373 330
boat 0.0341 469 257 494 280
boat 0.0335 288 321 378 331
boat 0.0230 259 316 321 331
boat 0.0215 329 324 407 328
bottle 0.0322 339 322 375 330
car 0.0304 318 326 372 330
car 0.0298 270 315 350 332
car 0.0293 469 261 494 282
car 0.0284 282 325 376 331
car 0.0283 339 322 375 330
cat 0.0388 270 315 350 332
cat 0.0289 333 322 373 330
cat 0.0213 256 316 316 330
chair 0.0228 337 326 369 331
cow 0.6468 118 49 346 307
cow 0.0967 274 315 354 331
cow 0.0563 299 317 375 329
cow 0.0508 326 322 372 330
cow 0.0265 221 90 383 275
dog 0.0484 274 315 354 331
dog 0.0424 333 318 372 329
dog 0.0375 299 317 375 329
horse 0.0410 120 65 343 311
horse 0.0371 326 322 372 330
horse 0.0338 270 315 350 332
person 0.0836 339 322 375 330
person 0.0269 279 315 364 331
pottedplant 0.0315 477 289 494 321
pottedplant 0.0293 469 257 494 280
pottedplant 0.0272 339 322 375 330
pottedplant 0.0250 221 317 297 330
pottedplant 0.0240 221 326 282 331
pottedplant 0.0219 208 326 263 330
pottedplant 0.0215 490 299 497 332
sheep 0.1394 270 315 350 332
sheep 0.0619 298 322 376 330
sheep 0.0234 118 49 346 307
train 0.0311 118 60 345 311
