bicycle 0.0500 -1 239 20 273
bicycle 0.0281 0 353 12 374
boat 0.1143 403 91 497 227
boat 0.0623 205 262 352 372
boat 0.0444 137 91 178 104
boat 0.0440 0 349 12 374
boat 0.0361 374 302 496 373
boat 0.0327 159 250 186 320
boat 0.0321 147 40 348 61
boat 0.0318 4 215 92 272
boat 0.0306 124 84 238 105
boat 0.0285 214 44 296 58
bottle 0.1339 0 349 12 374
bottle 0.0289 448 1 476 36
bus 0.0677 322 220 414 274
bus 0.0667 413 228 496 278
bus 0.0636 387 238 420 273
bus 0.0427 204 204 409 267
bus 0.0360 353 229 422 272
bus 0.0330 208 263 357 371
car 0.0569 0 349 12 374
car 0.0403 367 301 495 374
car 0.0289 0 238 13 273
car 0.0283 1 239 25 273
cat 0.0280 0 353 12 374
chair 0.0588 447 309 493 372
chair 0.0507 367 301 495 374
chair 0.0358 0 354 16 374
chair 0.0347 1 239 25 273
motorbike 0.0303 -1 239 20 273
motorbike 0.0287 0 354 16 374
person 0.0646 0 353 12 374
person 0.0414 294 215 396 267
person 0.0403 159 252 187 323
person 0.0391 492 238 494 280
person 0.0355 387 238 420 273
person 0.0314 181 207 400 263
person 0.0285 492 306 495 376
person 0.0282 447 309 493 372
person 0.0281 448 1 476 36
person 0.0275 480 239 491 278
person 0.0271 212 342 259 369
pottedplant 0.0564 0 349 12 374
pottedplant 0.0425 -1 239 20 273
pottedplant 0.0292 448 1 476 36
sheep 0.0367 0 349 12 374
sofa 0.0286 447 309 493 372
train 0.6209 206 204 413 272
train 0.5568 413 228 496 278
train 0.1098 384 233 423 272
train 0.0860 322 220 414 274
train 0.0836 199 259 351 370
train 0.0431 392 232 446 274
train 0.0381 194 258 277 364
train 0.0371 413 172 496 293
train 0.0360 150 260 244 333
train 0.0303 -2 175 443 325
train 0.0302 493 230 494 282
train 0.0271 113 205 390 254
tvmonitor 0.0465 367 301 495 374
tvmonitor 0.0328 295 0 402 26
tvmonitor 0.0320 0 349 12 374
tvmonitor 0.0288 447 309 493 372
