bird 0.0304 134 235 197 270
boat 0.0350 134 235 197 270
bottle 0.0836 191 195 218 234
bottle 0.0540 221 156 258 210
bottle 0.0403 313 71 424 147
car 0.0323 314 70 430 148
chair 0.6977 147 48 254 217
chair 0.6595 0 42 73 200
chair 0.1865 370 205 492 371
chair 0.1403 395 74 498 367
chair 0.0591 205 218 391 369
chair 0.0586 95 114 173 187
chair 0.0521 7 42 74 100
chair 0.0472 287 224 365 299
chair 0.0385 295 280 411 372
chair 0.0372 0 62 11 185
chair 0.0369 453 81 494 231
chair 0.0368 251 228 346 272
chair 0.0367 332 140 436 207
chair 0.0312 145 113 241 234
chair 0.0302 371 298 490 371
diningtable 0.1744 92 193 364 366
diningtable 0.0428 314 70 430 148
diningtable 0.0413 -2 42 70 200
diningtable 0.0365 356 205 491 370
diningtable 0.0347 148 46 253 214
diningtable 0.0319 392 89 494 376
person 0.0389 373 15 504 315
person 0.0385 452 61 496 216
person 0.0328 433 62 491 267
person 0.0323 221 159 258 211
person 0.0317 396 108 450 157
person 0.0307 393 103 493 380
pottedplant 0.4202 313 71 424 147
pottedplant 0.3747 221 159 258 211
pottedplant 0.1267 133 232 197 268
pottedplant 0.0951 397 104 442 143
pottedplant 0.0537 312 75 455 185
pottedplant 0.0378 191 193 218 231
pottedplant 0.0324 325 140 427 208
sofa 0.1266 394 74 499 326
sofa 0.0865 0 42 73 200
sofa 0.0418 370 205 492 371
sofa 0.0407 147 48 254 217
tvmonitor 0.0513 313 71 424 147
tvmonitor 0.0384 0 1 19 23
tvmonitor 0.0338 73 4 187 132
