aeroplane 0.0354 476 252 496 288
aeroplane 0.0296 440 255 467 274
boat 0.0381 476 252 496 288
boat 0.0319 437 253 464 271
boat 0.0295 475 253 496 322
boat 0.0257 471 241 493 271
bottle 0.0282 197 351 219 371
bottle 0.0260 155 57 229 102
bus 0.0886 437 253 464 271
bus 0.0596 476 252 496 288
bus 0.0289 489 252 497 312
bus 0.0276 484 228 494 272
bus 0.0266 471 228 493 272
car 0.2908 438 255 463 273
car 0.2155 476 252 496 288
chair 0.0258 438 255 463 273
horse 0.0472 0 186 58 361
motorbike 0.0518 476 253 495 305
motorbike 0.0247 440 255 467 274
person 0.0538 1 138 49 344
person 0.0504 104 362 125 372
person 0.0489 -1 44 35 374
person 0.0468 475 252 496 312
person 0.0418 489 254 496 287
person 0.0394 0 67 17 334
person 0.0381 489 252 497 312
person 0.0365 197 351 219 371
person 0.0352 -1 43 83 375
person 0.0331 76 238 122 309
person 0.0327 490 247 496 276
person 0.0321 6 140 106 348
person 0.0303 0 199 72 365
person 0.0296 440 255 467 274
person 0.0293 491 255 495 345
person 0.0285 492 237 495 274
person 0.0284 109 95 268 235
person 0.0274 456 255 484 280
sheep 0.0275 475 253 496 322
train 0.8232 77 54 441 352
train 0.0412 437 253 464 271
train 0.0297 476 251 496 284
train 0.0275 65 68 336 268
tvmonitor 0.2898 152 58 225 102
