aeroplane 0.1031 -1 0 497 372
bicycle 0.0612 -1 0 497 372
boat 0.0829 -1 0 497 372
bottle 0.0578 -1 0 497 372
bottle 0.0546 128 6 234 225
bottle 0.0481 449 321 498 372
bottle 0.0408 385 244 399 279
bottle 0.0397 168 5 264 196
bus 0.1253 -1 0 497 372
bus 0.0451 421 201 495 310
car 0.1471 -1 0 497 372
cat 0.0428 -1 0 497 372
chair 0.1460 -1 0 497 372
chair 0.0491 401 334 444 370
chair 0.0401 444 324 497 373
cow 0.0466 -1 0 497 372
diningtable 0.0994 -1 0 497 372
dog 0.0567 -1 0 497 372
dog 0.0500 449 321 498 372
horse 0.0547 -1 0 497 372
motorbike 0.0819 -1 0 497 372
person 0.6538 14 65 442 371
person 0.5776 444 320 497 372
person 0.0663 384 246 399 283
person 0.0533 400 322 446 371
person 0.0406 490 325 497 368
pottedplant 0.0708 -1 0 497 372
sofa 0.1725 -1 0 497 372
train 0.1124 -1 0 497 372
train 0.0636 364 183 497 352
train 0.0634 422 201 495 305
tvmonitor 0.1460 -1 0 497 372
tvmonitor 0.0390 400 322 446 371
