aeroplane 0.0223 460 112 496 171
bicycle 0.6751 151 160 249 268
bicycle 0.0391 461 110 496 168
bicycle 0.0219 244 107 265 123
bird 0.0206 462 110 495 163
boat 0.0258 240 107 263 124
boat 0.0224 149 155 251 269
bottle 0.0571 151 160 249 268
bottle 0.0438 240 107 263 124
bottle 0.0220 467 96 497 156
bus 0.0215 240 107 263 124
car 0.0736 240 107 263 124
chair 0.0321 145 156 249 269
chair 0.0214 240 107 263 124
chair 0.0203 465 109 498 164
horse 0.0240 149 155 251 269
motorbike 0.0591 153 156 255 269
motorbike 0.0383 244 107 265 123
motorbike 0.0302 461 106 495 161
person 0.7634 163 104 268 242
person 0.0473 244 107 265 123
person 0.0258 182 117 258 166
person 0.0202 466 100 497 158
pottedplant 0.1286 465 112 498 171
pottedplant 0.0291 244 107 265 123
pottedplant 0.0289 151 160 249 268
sheep 0.0293 240 107 263 124
train 0.0208 153 156 255 269
train 0.0207 240 107 263 124
