bottle 0.0220 212 0 400 329
bottle 0.0219 199 189 234 248
cat 0.0340 23 136 206 265
chair 0.1286 248 165 489 329
chair 0.0400 201 0 481 329
chair 0.0298 23 136 206 265
chair 0.0258 0 219 81 327
chair 0.0214 475 154 496 340
chair 0.0213 0 174 50 325
diningtable 0.0216 18 135 204 266
person 0.5774 212 0 400 329
person 0.0454 27 134 203 246
person 0.0394 477 2 502 326
person 0.0341 135 166 157 204
person 0.0322 299 0 492 329
person 0.0321 24 0 416 329
person 0.0277 431 0 501 329
person 0.0243 487 57 500 313
person 0.0218 491 122 496 330
person 0.0217 92 157 175 228
pottedplant 0.0411 455 0 485 12
sofa 0.0771 234 161 487 328
sofa 0.0401 17 135 205 271
sofa 0.0316 201 0 481 329
tvmonitor 0.5574 17 135 205 271
tvmonitor 0.0370 3 9 218 153
tvmonitor 0.0296 1 215 56 326
