aeroplane 0.0244 194 106 229 153
bicycle 0.0264 240 145 300 260
boat 0.2031 194 106 229 153
bottle 0.0497 194 106 229 153
bus 0.0524 194 106 229 153
car 0.0827 194 106 229 153
cat 0.0259 362 111 499 389
cow 0.0354 238 137 297 258
cow 0.0211 194 106 229 153
dog 0.0202 239 135 301 259
horse 0.6990 238 137 297 258
person 0.7007 249 89 300 212
person 0.0453 259 106 283 148
person 0.0439 255 101 287 165
person 0.0265 237 114 250 145
person 0.0261 264 99 285 126
person 0.0260 194 106 229 153
person 0.0250 245 104 266 173
person 0.0246 240 140 300 259
person 0.0209 266 96 283 117
sheep 0.0629 194 106 229 153
train 0.0643 194 106 229 153
tvmonitor 0.0796 356 113 498 382
tvmonitor 0.0356 194 106 229 153
tvmonitor 0.0303 250 101 565 458
