bottle 0.1064 334 249 355 303
bottle 0.0993 242 152 260 189
bottle 0.0753 199 147 225 194
bottle 0.0638 50 246 70 289
bottle 0.0617 269 157 288 184
bottle 0.0373 262 0 303 13
chair 0.4038 56 169 251 354
chair 0.2100 82 106 171 188
chair 0.1590 443 317 496 370
chair 0.1248 105 108 163 145
chair 0.1033 276 151 492 377
chair 0.1006 394 315 499 372
chair 0.0660 427 252 497 371
chair 0.0490 0 144 12 297
chair 0.0482 398 196 495 368
chair 0.0478 160 120 194 198
chair 0.0467 462 189 495 258
chair 0.0423 459 225 496 369
chair 0.0410 475 247 497 369
chair 0.0398 397 5 496 155
chair 0.0375 484 183 495 376
chair 0.0369 269 157 288 184
diningtable 0.1031 286 229 481 370
diningtable 0.0411 444 323 495 369
person 0.0740 0 144 12 297
person 0.0726 2 123 8 183
person 0.0692 274 146 495 377
person 0.0685 50 250 70 291
person 0.0511 397 173 496 367
person 0.0486 1 217 10 294
person 0.0470 454 175 494 365
person 0.0465 2 114 9 257
person 0.0442 484 171 495 376
person 0.0381 243 125 259 158
pottedplant 0.1456 273 37 307 64
pottedplant 0.1003 15 159 81 276
pottedplant 0.0800 467 185 496 256
pottedplant 0.0668 0 136 18 293
pottedplant 0.0648 191 146 218 195
pottedplant 0.0465 175 147 202 194
pottedplant 0.0455 262 0 303 13
pottedplant 0.0412 4 146 45 290
pottedplant 0.0397 0 126 11 268
pottedplant 0.0381 50 250 70 291
pottedplant 0.0380 257 38 277 58
sofa 0.5238 267 137 494 322
sofa 0.3350 55 167 252 350
sofa 0.0463 396 166 497 369
sofa 0.0409 443 317 496 370
tvmonitor 0.0693 265 125 294 170
tvmonitor 0.0371 269 153 289 183
