bottle 0.1793 414 303 487 373
bottle 0.0858 328 41 353 72
bottle 0.0823 129 351 178 372
bottle 0.0797 385 322 437 371
chair 0.1626 -3 215 52 296
chair 0.0756 -2 155 21 204
chair 0.0613 -3 159 46 288
chair 0.0469 274 262 494 372
chair 0.0469 159 348 250 374
chair 0.0467 71 89 377 299
chair 0.0442 11 182 140 294
chair 0.0437 218 76 393 288
diningtable 0.2635 2 251 494 366
diningtable 0.0586 272 251 497 372
diningtable 0.0570 11 168 140 285
person 0.5748 213 75 391 283
person 0.4333 101 96 253 298
person 0.1138 71 89 377 299
person 0.0514 129 351 178 372
pottedplant 0.0515 414 303 487 373
pottedplant 0.0454 315 315 437 372
pottedplant 0.0433 326 43 350 75
sofa 0.0816 0 115 495 362
sofa 0.0600 78 91 385 297
sofa 0.0525 -3 215 52 296
tvmonitor 0.3408 302 72 388 163
tvmonitor 0.1664 328 44 353 75
tvmonitor 0.0517 11 182 140 294
tvmonitor 0.0452 -3 212 52 294
tvmonitor 0.0433 -2 157 14 208
