aeroplane 0.0206 481 174 497 238
bird 0.0214 163 44 183 87
boat 0.0422 481 174 497 238
boat 0.0242 18 182 40 201
boat 0.0208 491 197 494 249
boat 0.0203 0 12 33 66
bottle 0.0354 212 306 243 369
bottle 0.0354 209 352 239 370
bottle 0.0344 209 164 231 207
bottle 0.0319 18 182 40 201
bottle 0.0213 2 170 15 207
bottle 0.0206 3 160 15 193
bottle 0.0202 11 179 31 204
bus 0.0945 481 174 497 238
bus 0.0262 0 3 34 40
car 0.0646 482 178 496 239
car 0.0488 0 3 34 40
car 0.0487 490 193 496 242
car 0.0453 491 197 494 249
car 0.0427 18 182 40 201
car 0.0358 0 8 26 58
car 0.0322 136 308 171 344
car 0.0235 1 171 10 211
car 0.0226 1 289 4 322
car 0.0212 209 352 239 370
chair 0.0260 18 182 40 201
chair 0.0220 489 188 496 241
chair 0.0218 458 247 497 364
chair 0.0207 492 197 494 255
cow 0.0243 482 178 496 239
dog 0.0297 209 168 230 208
person 0.1663 209 164 231 207
person 0.0797 211 309 244 372
person 0.0440 482 178 496 239
person 0.0428 160 47 179 90
person 0.0358 488 166 497 234
person 0.0314 491 197 494 249
person 0.0233 491 179 495 379
person 0.0231 177 175 200 213
person 0.0228 0 3 34 40
person 0.0225 2 157 2 215
person 0.0205 1 165 3 217
person 0.0205 492 210 494 366
pottedplant 0.0506 55 180 73 202
pottedplant 0.0285 211 309 244 372
pottedplant 0.0272 209 352 239 370
pottedplant 0.0248 18 182 40 201
pottedplant 0.0218 1 203 10 250
pottedplant 0.0204 25 184 47 199
train 0.8222 61 76 489 359
train 0.1766 481 174 497 238
train 0.0209 18 182 40 201
tvmonitor 0.0330 0 2 26 29
tvmonitor 0.0311 18 182 40 201
tvmonitor 0.0231 482 178 496 239
