aeroplane 0.0753 304 0 355 12
aeroplane 0.0504 0 57 495 314
bird 0.0824 300 0 352 12
bottle 0.0492 482 337 497 373
car 0.0599 0 110 496 325
car 0.0580 482 337 497 373
chair 0.0933 0 139 496 366
chair 0.0716 477 339 496 371
chair 0.0665 400 251 493 371
chair 0.0633 188 139 432 372
chair 0.0578 476 291 495 378
chair 0.0484 445 257 495 377
diningtable 0.0652 -1 202 497 368
person 0.7713 200 134 436 372
person 0.3835 0 168 206 373
person 0.0998 0 139 496 366
person 0.0759 482 332 497 372
person 0.0474 490 303 496 379
pottedplant 0.0507 477 333 495 371
sofa 0.2464 0 144 496 367
sofa 0.0613 188 139 432 372
