chair 0.0621 130 179 209 355
person 0.7290 5 97 91 361
person 0.6653 138 178 215 351
person 0.6587 83 102 154 362
person 0.6490 389 188 481 364
person 0.5113 353 102 423 234
person 0.4791 218 125 269 345
person 0.4783 295 204 356 337
person 0.4457 261 125 311 339
person 0.4353 277 35 335 143
person 0.3962 409 87 492 248
person 0.3848 221 63 282 167
person 0.3781 312 113 362 228
person 0.3446 178 116 231 349
person 0.2869 133 52 198 207
person 0.2788 64 52 126 149
person 0.2519 322 198 399 342
person 0.2065 119 50 157 127
person 0.1622 140 83 183 241
person 0.1447 389 77 418 124
person 0.1388 357 59 387 130
person 0.1372 252 69 297 161
person 0.1372 71 52 134 225
person 0.1359 306 179 345 280
person 0.1306 223 107 264 193
person 0.1192 285 116 319 231
person 0.1166 180 122 222 249
person 0.1051 185 127 217 185
person 0.1015 269 113 312 252
person 0.0913 346 100 422 342
person 0.0910 280 106 317 177
person 0.0893 156 56 182 86
person 0.0888 123 94 161 200
person 0.0882 306 126 353 297
person 0.0787 74 55 108 93
person 0.0756 203 88 221 119
person 0.0743 204 91 228 127
person 0.0719 332 162 373 285
person 0.0719 310 102 356 176
person 0.0700 53 104 129 355
person 0.0651 235 85 299 256
person 0.0602 290 64 353 189
person 0.0578 116 109 152 233
person 0.0564 337 72 384 164
person 0.0557 125 61 221 333
person 0.0556 44 104 91 156
person 0.0540 116 94 167 294
sofa 0.0627 135 185 218 354
