aeroplane 0.0413 -2 124 83 159
aeroplane 0.0245 443 134 496 165
boat 0.0352 443 134 496 165
boat 0.0302 0 127 74 161
boat 0.0200 1 125 10 153
bus 0.0531 442 131 497 164
bus 0.0384 438 100 495 165
bus 0.0355 104 148 235 245
bus 0.0274 483 85 496 157
bus 0.0246 466 86 497 162
bus 0.0232 283 146 409 241
car 0.8801 104 146 235 242
car 0.8798 283 146 409 241
car 0.4422 442 131 497 164
car 0.0505 0 130 74 165
car 0.0377 423 130 461 159
car 0.0364 492 129 495 165
car 0.0355 115 157 137 179
car 0.0352 1 125 10 153
car 0.0251 492 84 495 158
car 0.0236 144 163 180 184
car 0.0235 385 131 414 152
car 0.0233 493 90 494 164
car 0.0232 138 160 200 187
car 0.0220 389 126 457 157
car 0.0213 148 158 183 177
car 0.0212 136 164 156 184
car 0.0209 144 166 163 182
person 0.0340 0 119 4 158
person 0.0294 493 90 494 164
person 0.0288 494 105 493 167
person 0.0260 332 155 351 174
person 0.0259 492 129 495 165
person 0.0248 1 131 3 181
person 0.0235 115 157 137 179
person 0.0232 477 119 494 158
person 0.0227 136 161 155 180
person 0.0218 2 125 2 199
person 0.0214 144 157 163 173
person 0.0210 112 158 133 195
person 0.0204 346 156 367 173
pottedplant 0.0208 1 128 10 155
train 0.0291 442 131 497 164
