bottle 0.3157 358 243 473 331
bottle 0.0668 284 226 359 322
bottle 0.0522 462 243 493 330
bottle 0.0514 435 0 497 330
bottle 0.0474 468 285 494 330
bottle 0.0465 97 89 125 152
chair 0.3467 370 195 445 248
chair 0.0727 360 188 456 318
chair 0.0567 461 239 494 329
chair 0.0426 453 166 495 325
chair 0.0384 7 144 457 331
diningtable 0.1173 351 243 473 331
diningtable 0.0590 42 306 515 336
diningtable 0.0506 369 188 477 323
diningtable 0.0503 255 244 497 330
diningtable 0.0496 31 279 526 331
diningtable 0.0446 57 306 352 330
diningtable 0.0430 163 205 520 333
diningtable 0.0397 461 239 494 329
diningtable 0.0394 368 196 440 248
diningtable 0.0376 45 317 302 330
person 0.7267 31 28 347 328
person 0.1158 377 51 407 127
person 0.0486 102 88 135 152
person 0.0432 107 84 162 156
person 0.0403 415 0 494 330
tvmonitor 0.3390 110 83 165 152
tvmonitor 0.0406 452 155 496 310
tvmonitor 0.0378 356 239 474 330
