aeroplane 0.0684 3 292 22 319
aeroplane 0.0528 69 43 98 53
aeroplane 0.0450 393 93 422 114
aeroplane 0.0355 373 98 411 115
aeroplane 0.0318 149 160 227 199
aeroplane 0.0298 369 53 391 66
aeroplane 0.0267 366 100 387 113
aeroplane 0.0263 212 33 243 50
aeroplane 0.0257 478 6 493 19
bicycle 0.0365 4 275 21 318
bicycle 0.0271 2 295 17 321
bicycle 0.0260 393 93 422 114
bird 0.0583 73 43 100 53
bird 0.0352 369 53 391 66
bird 0.0334 368 99 392 114
bird 0.0316 393 98 422 115
bird 0.0311 4 258 21 306
bird 0.0254 129 36 148 48
boat 0.2084 69 43 98 53
boat 0.0663 369 53 391 66
boat 0.0629 448 -3 500 328
boat 0.0557 5 288 21 317
boat 0.0481 51 44 77 52
boat 0.0456 387 93 420 114
boat 0.0393 369 99 399 114
boat 0.0352 0 10 18 62
boat 0.0326 366 100 387 113
boat 0.0318 10 32 32 58
boat 0.0314 3 22 23 67
boat 0.0289 149 160 227 199
boat 0.0254 129 36 148 48
bottle 0.0720 447 5 500 331
bottle 0.0324 5 257 20 302
bus 0.0447 147 159 224 200
bus 0.0307 443 -2 497 280
car 0.7492 147 159 224 200
car 0.0572 5 288 21 317
car 0.0355 69 43 98 53
car 0.0342 393 98 422 115
car 0.0287 478 6 493 19
car 0.0283 369 53 391 66
car 0.0271 5 166 139 211
car 0.0257 440 -2 500 315
chair 0.0347 454 11 493 190
chair 0.0272 4 282 22 317
horse 0.0296 5 288 21 317
horse 0.0266 4 261 22 314
motorbike 0.0551 149 160 227 199
motorbike 0.0369 5 288 21 317
motorbike 0.0263 4 261 22 314
person 0.3877 4 258 21 306
person 0.0826 5 288 21 317
pottedplant 0.0390 393 98 422 115
pottedplant 0.0340 369 99 399 114
pottedplant 0.0338 366 100 387 113
pottedplant 0.0322 5 288 21 317
pottedplant 0.0279 478 6 493 19
sheep 0.0900 73 43 100 53
sheep 0.0588 369 53 391 66
sheep 0.0314 129 36 148 48
sheep 0.0271 149 160 227 199
train 0.0336 443 -2 497 280
train 0.0275 149 160 227 199
tvmonitor 0.0274 444 0 496 260
