aeroplane 0.0306 250 98 311 170
bicycle 0.0338 110 222 229 382
bicycle 0.0288 249 102 307 174
bicycle 0.0231 200 172 304 292
bird 0.0296 249 102 307 174
bird 0.0214 21 124 42 152
car 0.0266 249 102 307 174
chair 0.0235 249 102 307 174
cow 0.0872 249 102 307 174
cow 0.0306 279 103 319 173
cow 0.0300 110 223 234 381
dog 0.0327 249 102 307 174
horse 0.6509 202 174 307 297
horse 0.5951 110 223 234 381
horse 0.2225 251 102 311 174
horse 0.0437 143 178 279 364
horse 0.0354 173 172 270 307
horse 0.0216 250 149 285 174
motorbike 0.0319 249 102 307 174
person 0.6771 159 165 221 322
person 0.5467 228 138 265 239
person 0.0531 162 167 213 257
person 0.0507 248 96 308 165
person 0.0404 249 154 271 177
person 0.0329 108 221 221 383
person 0.0290 268 100 319 176
person 0.0283 211 308 231 359
person 0.0273 131 230 285 381
person 0.0266 173 315 202 360
person 0.0248 195 312 222 362
person 0.0247 183 314 212 361
person 0.0245 164 317 190 357
person 0.0241 195 289 242 354
person 0.0236 173 172 270 307
person 0.0232 153 310 180 365
person 0.0218 141 278 255 364
person 0.0210 202 168 224 209
sheep 0.0261 249 102 307 174
sofa 0.0232 252 100 314 176
train 0.0253 249 102 307 174
