aeroplane 0.0656 0 0 495 371
bicycle 0.1304 0 0 495 371
bird 0.0460 0 0 495 371
boat 0.0750 0 0 495 371
bottle 0.0733 0 0 495 371
car 0.1258 0 0 495 371
car 0.0910 0 56 88 198
cat 0.1744 199 17 491 372
chair 0.1895 0 0 495 371
chair 0.0634 0 57 82 208
diningtable 0.2520 0 0 495 371
dog 0.1110 186 17 489 372
motorbike 0.1200 0 0 495 371
person 0.1883 0 0 495 371
person 0.0521 405 0 496 119
person 0.0466 0 57 82 202
pottedplant 0.1434 0 0 495 371
sofa 0.1554 0 0 495 371
tvmonitor 0.0697 0 0 495 371
