aeroplane 0.0465 252 172 350 209
bird 0.0940 326 225 363 255
boat 0.0624 326 225 363 255
boat 0.0535 252 172 350 209
bottle 0.1093 326 225 363 255
bus 0.0441 252 172 350 209
car 0.8242 252 172 350 209
car 0.0266 326 225 363 255
car 0.0215 1 15 3 49
cat 0.0611 326 225 363 255
dog 0.0327 326 225 363 255
motorbike 0.0451 251 172 348 209
person 0.0425 326 225 363 255
pottedplant 0.1281 326 225 363 255
pottedplant 0.0227 252 172 350 209
sheep 0.0514 254 174 349 210
sheep 0.0372 326 225 363 255
train 0.0289 251 172 348 209
tvmonitor 0.0317 326 225 363 255
