bird 0.0313 155 106 191 153
car 0.0367 -1 0 497 371
cat 0.0380 156 105 190 148
cat 0.0378 2 3 187 274
cat 0.0335 140 1 495 376
chair 0.0925 -1 0 497 371
diningtable 0.0395 -1 0 497 371
diningtable 0.0332 0 248 495 375
dog 0.0591 136 0 492 371
dog 0.0313 0 4 183 273
horse 0.0312 -1 0 497 371
person 0.7031 155 0 496 371
person 0.5045 1 65 197 370
person 0.0750 -7 0 339 372
person 0.0309 -12 2 77 369
person 0.0308 155 106 191 153
person 0.0302 478 0 501 371
pottedplant 0.0513 155 106 191 153
sofa 0.1082 -1 0 497 371
sofa 0.0311 0 187 495 371
tvmonitor 0.0350 -1 0 497 371
