bicycle 0.2214 85 127 245 265
bicycle 0.0384 237 78 257 116
bicycle 0.0341 401 131 437 186
bottle 0.0575 114 29 131 47
bottle 0.0376 468 35 488 102
bottle 0.0348 462 43 494 129
bottle 0.0348 185 75 200 119
chair 0.0668 430 54 494 188
chair 0.0644 461 47 494 134
chair 0.0639 184 70 201 119
chair 0.0554 214 70 233 118
chair 0.0515 107 84 177 225
chair 0.0505 402 136 437 190
chair 0.0497 197 63 220 118
chair 0.0495 206 75 227 119
chair 0.0452 440 37 468 113
chair 0.0444 222 74 241 116
chair 0.0432 234 69 253 115
chair 0.0408 407 59 454 179
chair 0.0408 372 42 419 126
chair 0.0388 119 62 165 101
chair 0.0381 412 33 434 117
chair 0.0371 425 37 445 109
chair 0.0370 245 79 264 115
chair 0.0338 337 41 360 113
dog 0.0471 235 187 291 244
dog 0.0361 462 43 494 129
horse 0.7698 227 133 432 267
motorbike 0.0498 86 115 237 264
person 0.5669 259 35 291 124
person 0.5660 331 28 360 105
person 0.4739 437 26 464 102
person 0.4082 209 60 231 117
person 0.3055 109 67 205 180
person 0.2737 240 59 255 113
person 0.2684 409 29 430 107
person 0.2290 178 60 199 116
person 0.1642 462 43 494 129
person 0.1418 471 36 492 102
person 0.1077 176 33 193 64
person 0.0995 173 47 189 94
person 0.0910 213 58 227 92
person 0.0839 261 41 281 78
person 0.0687 445 28 464 70
person 0.0680 2 19 24 57
person 0.0606 453 47 494 178
person 0.0554 443 31 458 49
person 0.0514 269 33 281 47
person 0.0494 117 27 134 44
person 0.0486 288 32 300 44
person 0.0477 264 35 278 54
person 0.0471 235 190 291 246
person 0.0456 356 37 381 96
person 0.0410 55 32 73 53
person 0.0404 492 55 495 175
person 0.0357 490 53 496 141
person 0.0355 112 88 226 251
pottedplant 0.0649 117 27 134 44
pottedplant 0.0448 60 35 75 54
sofa 0.0327 422 56 495 186
