bicycle 0.6677 133 52 361 342
bicycle 0.0385 151 4 289 291
bicycle 0.0245 144 25 218 269
boat 0.0326 137 -2 358 321
bottle 0.0453 136 -3 351 322
bottle 0.0236 154 27 271 291
car 0.0321 -11 2 225 52
car 0.0300 166 0 220 38
chair 0.0414 143 -5 358 318
chair 0.0346 -12 1 203 48
horse 0.0262 136 -3 351 322
motorbike 0.0325 136 -3 351 322
motorbike 0.0253 160 0 218 32
person 0.0357 135 -1 359 326
person 0.0266 154 4 279 273
pottedplant 0.0302 166 -1 219 27
sofa 0.0355 -12 1 203 53
train 0.0393 134 0 353 325
tvmonitor 0.0232 433 14 499 357
