bicycle 0.1013 -2 149 36 340
bicycle 0.0567 -2 88 28 201
bicycle 0.0539 406 192 471 243
bottle 0.1470 132 24 192 188
bottle 0.0815 99 146 122 208
bottle 0.0514 97 102 124 204
chair 0.1976 428 227 497 366
chair 0.1307 0 197 42 368
chair 0.0959 1 4 495 368
chair 0.0842 452 261 496 373
chair 0.0753 405 193 472 253
chair 0.0603 405 196 488 298
chair 0.0546 347 195 499 370
chair 0.0502 0 197 88 367
chair 0.0477 -1 124 36 329
motorbike 0.0495 -1 87 27 196
person 0.7473 93 4 464 350
person 0.6774 23 50 104 321
person 0.3575 434 43 466 117
person 0.2891 372 36 412 117
person 0.2770 461 37 494 123
person 0.1175 1 76 25 306
person 0.1151 392 36 439 118
person 0.1037 131 22 192 185
person 0.0845 21 209 208 372
person 0.0716 20 10 287 361
person 0.0667 -1 87 27 196
person 0.0611 100 150 121 214
person 0.0590 91 147 115 230
person 0.0549 108 147 128 206
person 0.0518 97 102 124 204
pottedplant 0.0891 130 17 193 178
pottedplant 0.0804 -1 87 27 196
sofa 0.1070 1 4 495 368
