bird 0.0510 1 145 71 373
bottle 0.0513 400 0 444 98
cat 0.0610 1 140 71 371
cat 0.0486 23 0 330 449
cat 0.0365 303 320 443 480
chair 0.0735 275 0 450 495
chair 0.0713 0 32 445 526
cow 0.1121 1 145 71 373
cow 0.0332 22 0 324 440
dog 0.6288 21 9 325 454
dog 0.1728 1 140 71 371
dog 0.0497 303 320 443 480
horse 0.0841 1 140 71 371
horse 0.0355 0 32 445 526
person 0.1136 275 0 450 495
person 0.0783 0 32 445 526
person 0.0357 2 119 70 377
sheep 0.1093 1 145 71 373
sofa 0.1070 0 32 445 526
sofa 0.0465 275 0 450 495
