bottle 0.1733 301 108 318 145
bottle 0.1492 376 117 399 160
bottle 0.1457 368 118 385 153
bottle 0.1223 298 112 321 177
bottle 0.0751 48 5 72 73
bottle 0.0694 263 120 286 158
bottle 0.0683 114 263 131 289
bottle 0.0646 259 107 290 146
bottle 0.0646 243 84 290 128
bottle 0.0525 3 113 414 369
bottle 0.0524 222 77 249 119
bottle 0.0426 265 129 293 201
chair 0.2077 361 85 423 134
chair 0.1647 388 161 497 368
chair 0.0837 319 171 480 369
chair 0.0819 34 100 117 201
chair 0.0699 452 149 496 333
chair 0.0681 416 91 493 175
chair 0.0668 412 146 489 313
chair 0.0613 -3 104 444 373
chair 0.0591 353 90 376 135
chair 0.0523 222 77 250 124
chair 0.0472 357 124 489 299
chair 0.0456 242 59 268 89
chair 0.0444 88 6 234 165
chair 0.0438 231 80 288 132
chair 0.0426 377 111 406 154
diningtable 0.5125 7 134 488 372
diningtable 0.0539 366 88 418 154
diningtable 0.0435 122 205 427 371
person 0.1547 222 77 250 124
person 0.1009 238 80 289 127
person 0.0763 88 7 227 170
person 0.0665 302 104 318 138
person 0.0490 0 2 26 76
person 0.0461 48 5 72 73
pottedplant 0.2676 88 6 227 166
sofa 0.0598 361 85 423 134
sofa 0.0513 416 91 493 175
tvmonitor 0.1290 241 53 269 83
tvmonitor 0.0436 34 95 117 194
