bottle 0.0496 32 164 127 313
car 0.0396 31 160 128 311
cat 0.0927 347 255 499 368
chair 0.7606 135 167 213 293
chair 0.3658 401 179 461 262
chair 0.2157 375 172 487 362
chair 0.1903 110 147 158 270
chair 0.1577 329 257 494 371
chair 0.1364 460 199 496 272
chair 0.1046 459 194 496 359
chair 0.0776 428 187 497 365
chair 0.0716 38 160 128 310
chair 0.0641 2 200 55 329
chair 0.0610 428 187 488 260
chair 0.0563 159 169 211 249
chair 0.0434 176 262 483 372
chair 0.0420 491 198 495 348
chair 0.0419 475 212 496 382
chair 0.0411 401 243 492 362
chair 0.0408 124 136 175 217
chair 0.0395 176 171 216 283
diningtable 0.0770 326 258 490 371
diningtable 0.0607 135 167 213 293
diningtable 0.0582 22 164 129 313
person 0.0814 31 160 128 311
person 0.0585 1 252 48 359
person 0.0493 327 263 489 371
person 0.0480 -2 263 21 371
person 0.0395 0 207 51 333
pottedplant 0.3478 32 164 127 313
pottedplant 0.1368 0 242 50 334
pottedplant 0.0959 231 15 389 291
pottedplant 0.0911 8 173 72 309
pottedplant 0.0731 3 178 61 258
pottedplant 0.0515 72 157 134 266
pottedplant 0.0488 70 259 104 299
pottedplant 0.0408 -1 174 36 285
pottedplant 0.0397 124 137 175 251
sofa 0.1483 329 257 494 371
sofa 0.0727 137 167 216 292
sofa 0.0507 402 178 460 258
sofa 0.0437 373 176 489 371
tvmonitor 0.0575 329 257 494 371
