boat 0.0317 173 260 501 369
bottle 0.0562 20 253 92 288
bottle 0.0514 450 221 474 261
bottle 0.0399 248 216 292 259
bottle 0.0369 114 266 163 339
bottle 0.0349 6 259 105 352
bottle 0.0338 365 225 380 263
bottle 0.0311 324 215 365 285
bottle 0.0306 63 210 104 254
bottle 0.0291 134 157 158 220
bottle 0.0287 405 221 441 261
bottle 0.0270 159 195 241 269
bottle 0.0258 173 260 501 369
bottle 0.0247 472 140 483 231
bottle 0.0247 462 172 478 205
bottle 0.0235 471 220 493 257
bottle 0.0228 108 223 136 253
bus 0.0821 244 215 291 256
bus 0.0435 63 210 104 254
bus 0.0416 0 -6 495 138
bus 0.0408 0 10 496 296
bus 0.0362 454 220 477 257
bus 0.0307 159 195 241 269
bus 0.0248 103 219 134 252
bus 0.0228 172 264 503 370
car 0.3329 168 259 499 369
car 0.0424 6 259 105 352
car 0.0371 244 215 291 256
car 0.0354 18 255 93 291
car 0.0328 450 220 474 256
car 0.0304 405 221 441 261
car 0.0240 323 213 366 281
car 0.0231 490 221 496 262
chair 0.0257 153 263 491 371
chair 0.0244 248 216 292 259
chair 0.0239 67 311 373 370
diningtable 0.0222 18 255 93 291
motorbike 0.0337 18 255 93 291
motorbike 0.0289 168 259 499 369
motorbike 0.0270 8 253 103 341
person 0.4744 324 215 365 285
person 0.0967 360 228 378 266
person 0.0612 244 215 291 256
person 0.0383 405 221 441 261
person 0.0347 450 221 474 261
person 0.0308 157 193 237 265
person 0.0286 451 244 465 273
person 0.0266 20 253 92 288
person 0.0221 8 251 104 337
person 0.0215 455 154 469 218
pottedplant 0.0978 406 224 440 263
pottedplant 0.0277 370 227 382 262
pottedplant 0.0271 388 230 412 264
pottedplant 0.0260 378 233 390 261
pottedplant 0.0235 360 224 378 264
sheep 0.0262 177 261 505 367
sofa 0.0232 245 216 290 259
sofa 0.0216 45 264 513 388
train 0.0331 172 264 503 370
train 0.0275 -1 -6 497 126
train 0.0235 -1 8 497 310
tvmonitor 0.3933 244 215 291 256
tvmonitor 0.2718 157 196 237 269
tvmonitor 0.0570 103 219 134 252
tvmonitor 0.0545 450 221 474 261
tvmonitor 0.0463 63 210 104 254
tvmonitor 0.0336 406 224 440 263
tvmonitor 0.0288 471 220 493 257
tvmonitor 0.0253 355 197 390 244
tvmonitor 0.0226 -1 5 497 319
tvmonitor 0.0222 490 221 496 262
