bottle 0.0563 0 287 18 371
bottle 0.0330 0 333 26 371
bottle 0.0307 2 61 63 152
bottle 0.0297 0 244 11 367
cat 0.0424 368 117 478 230
chair 0.0445 4 58 77 248
chair 0.0411 3 101 492 363
chair 0.0363 -1 256 59 373
chair 0.0341 3 0 77 95
chair 0.0338 -2 233 29 372
chair 0.0313 0 217 12 371
chair 0.0295 -1 170 43 377
chair 0.0289 0 290 104 373
chair 0.0284 0 282 25 369
chair 0.0267 366 113 480 223
dog 0.0288 355 119 476 234
person 0.0532 0 287 18 371
person 0.0499 0 159 41 376
person 0.0427 0 272 66 374
person 0.0339 0 249 12 368
person 0.0328 4 1 76 83
person 0.0324 -2 211 21 376
person 0.0303 348 119 475 234
person 0.0292 3 4 77 156
person 0.0271 3 91 492 339
person 0.0269 -1 57 67 314
pottedplant 0.0963 2 61 63 152
pottedplant 0.0385 2 55 64 239
sofa 0.7990 3 97 492 344
tvmonitor 0.0691 4 1 69 83
tvmonitor 0.0287 -2 263 225 371
tvmonitor 0.0264 2 62 63 157
