bicycle 0.0633 0 0 496 330
bird 0.0717 26 0 156 59
boat 0.0612 0 0 496 330
bottle 0.0642 156 15 487 142
car 0.0506 0 0 496 330
car 0.0483 154 12 474 130
cat 0.1551 0 21 105 204
cat 0.0544 17 0 235 38
chair 0.0746 0 0 496 330
chair 0.0679 242 3 502 326
chair 0.0552 9 289 181 331
diningtable 0.0986 0 0 496 330
dog 0.2560 0 20 105 200
motorbike 0.0510 0 0 496 330
motorbike 0.0450 152 14 468 133
person 0.1206 201 83 482 319
person 0.0919 159 14 484 133
person 0.0727 0 0 496 330
person 0.0713 18 0 149 59
person 0.0520 4 4 100 326
person 0.0497 13 0 232 44
person 0.0428 165 11 494 250
pottedplant 0.0728 0 0 496 330
pottedplant 0.0610 29 0 160 54
sheep 0.0445 1 19 103 226
sofa 0.0560 0 0 496 330
