bottle 0.3507 154 149 176 203
bottle 0.1780 335 198 370 266
bottle 0.0787 276 166 296 206
bottle 0.0709 320 182 346 243
bottle 0.0655 370 223 406 270
bottle 0.0540 102 232 126 276
bottle 0.0446 396 228 458 290
chair 0.0994 3 193 116 310
chair 0.0686 69 3 238 144
chair 0.0652 38 69 519 210
chair 0.0539 158 7 367 209
diningtable 0.1883 19 157 357 307
diningtable 0.1794 103 191 337 283
diningtable 0.0948 68 196 552 308
diningtable 0.0529 30 110 528 228
diningtable 0.0488 134 139 424 253
diningtable 0.0449 5 185 122 309
person 0.6371 172 5 315 206
person 0.0620 71 3 236 139
person 0.0459 2 190 110 309
sofa 0.1856 38 59 520 210
sofa 0.0869 2 186 110 308
sofa 0.0719 92 5 341 211
sofa 0.0499 69 3 238 144
