aeroplane 0.1300 462 1 495 18
aeroplane 0.0482 391 1 424 7
aeroplane 0.0444 489 185 497 222
aeroplane 0.0412 420 2 465 6
aeroplane 0.0374 106 6 171 19
bird 0.1168 483 185 496 221
bird 0.0882 285 106 302 129
bird 0.0671 485 169 495 307
bird 0.0512 492 245 494 314
bird 0.0376 491 214 495 321
bird 0.0351 478 120 494 233
boat 0.2183 0 3 183 22
boat 0.1910 113 6 170 19
boat 0.1460 466 3 497 20
boat 0.1366 227 4 260 21
boat 0.0775 153 3 232 16
boat 0.0649 483 185 496 221
boat 0.0542 391 1 424 7
boat 0.0488 242 2 315 17
boat 0.0406 357 1 419 7
boat 0.0399 330 2 423 11
boat 0.0383 272 3 426 16
boat 0.0370 420 2 465 6
boat 0.0361 492 243 494 310
bus 0.0690 466 2 496 18
car 0.2444 462 1 495 18
car 0.0573 397 1 425 7
car 0.0498 489 185 497 222
car 0.0495 420 2 465 6
car 0.0492 489 6 497 19
car 0.0352 374 1 418 7
cat 0.0747 285 106 302 129
cat 0.0547 483 187 496 225
cat 0.0340 202 112 307 231
chair 0.0479 466 3 497 20
cow 0.0956 483 187 496 225
cow 0.0544 493 163 494 302
cow 0.0523 492 171 495 305
cow 0.0490 492 245 494 314
cow 0.0413 491 214 495 321
cow 0.0391 282 106 300 129
dog 0.8246 202 113 307 234
dog 0.0777 285 106 302 129
dog 0.0690 483 187 496 225
dog 0.0512 483 172 496 310
dog 0.0403 261 107 304 182
dog 0.0362 225 111 309 189
horse 0.0637 483 187 496 225
horse 0.0458 484 172 494 316
horse 0.0379 492 170 494 277
motorbike 0.0348 462 4 494 20
person 0.0482 492 170 494 277
person 0.0451 490 186 495 237
person 0.0423 493 163 494 302
person 0.0405 489 181 496 220
person 0.0393 462 4 494 20
person 0.0378 491 149 495 228
person 0.0374 491 178 495 316
pottedplant 0.0419 462 1 495 18
sheep 0.1680 483 187 496 225
sheep 0.1361 285 106 302 129
sheep 0.0966 492 245 494 314
sheep 0.0744 484 172 494 316
sheep 0.0677 493 163 494 302
sheep 0.0623 491 177 495 264
sheep 0.0499 491 195 495 328
sheep 0.0462 462 4 494 20
sheep 0.0359 484 131 495 240
train 0.0436 462 1 495 18
