aeroplane 0.0242 0 -2 495 192
bicycle 0.4750 282 89 486 223
bicycle 0.4579 115 171 199 235
bicycle 0.1362 0 6 495 236
bicycle 0.0296 161 57 467 244
boat 0.0251 0 0 496 208
bottle 0.0564 113 165 201 235
bottle 0.0374 258 9 393 133
bottle 0.0292 282 89 486 223
chair 0.0325 2 322 94 370
chair 0.0279 284 86 484 220
chair 0.0252 243 30 431 229
horse 0.0687 0 5 426 237
horse 0.0284 102 157 198 238
motorbike 0.1429 108 166 200 234
motorbike 0.0387 288 94 488 224
motorbike 0.0294 0 -2 495 192
person 0.6210 97 128 194 225
person 0.2339 265 13 394 188
person 0.0380 100 136 137 183
pottedplant 0.0304 121 171 201 235
train 0.0355 0 -2 495 192
