aeroplane 0.0200 476 153 496 262
bicycle 0.0259 72 121 422 301
bicycle 0.0220 476 153 496 262
boat 0.0296 70 126 416 302
boat 0.0253 13 263 83 288
boat 0.0225 476 157 496 265
boat 0.0221 489 156 497 266
bottle 0.0269 475 228 496 261
bottle 0.0246 378 204 399 249
bottle 0.0230 490 164 497 270
bottle 0.0200 490 224 496 260
bus 0.0210 9 262 79 289
car 0.0263 476 231 496 264
car 0.0250 490 233 496 263
car 0.0228 1 265 10 287
car 0.0209 491 209 495 262
car 0.0209 489 156 497 266
cow 0.0242 69 125 410 302
person 0.2720 379 206 404 289
person 0.0341 236 175 282 210
person 0.0306 250 172 268 200
person 0.0273 489 151 497 264
person 0.0230 196 178 212 207
person 0.0222 491 135 495 238
person 0.0217 331 253 382 286
person 0.0213 187 178 206 207
person 0.0208 193 181 216 216
person 0.0205 202 178 222 206
person 0.0200 489 228 497 262
pottedplant 0.0948 475 228 496 261
pottedplant 0.0468 476 157 496 265
pottedplant 0.0333 489 160 497 268
pottedplant 0.0289 440 232 469 251
pottedplant 0.0285 446 230 478 253
train 0.7254 69 125 410 302
