aeroplane 0.0343 0 119 27 153
aeroplane 0.0341 444 172 495 194
boat 0.3053 122 24 474 217
boat 0.2088 444 172 495 194
boat 0.1270 0 48 496 330
boat 0.1195 0 119 35 154
boat 0.0837 454 149 479 182
boat 0.0706 474 149 490 181
boat 0.0463 98 99 373 232
bottle 0.0533 433 145 445 170
bottle 0.0454 441 147 452 173
bus 0.0613 0 124 26 154
bus 0.0432 444 172 495 194
bus 0.0356 454 149 479 182
car 0.0519 444 172 495 194
car 0.0475 -1 76 497 332
car 0.0386 0 133 25 156
car 0.0386 492 146 494 174
car 0.0370 481 147 491 172
chair 0.0669 241 212 504 337
chair 0.0453 401 177 422 200
chair 0.0356 319 166 371 201
chair 0.0328 352 171 416 206
person 0.1058 437 147 448 173
person 0.0618 480 149 492 176
person 0.0575 235 209 502 336
sofa 0.1639 250 213 502 336
train 0.0500 126 48 470 214
train 0.0421 444 168 495 194
train 0.0399 454 149 479 182
train 0.0377 0 119 27 153
tvmonitor 0.0391 1 155 494 337
