aeroplane 0.0336 230 25 398 352
bird 0.6970 62 32 166 175
bird 0.5592 229 39 391 361
bird 0.1313 237 54 304 135
bird 0.0807 112 33 187 167
bird 0.0598 233 66 301 223
bird 0.0514 133 33 182 115
bird 0.0423 188 66 205 88
bird 0.0406 204 49 314 340
bird 0.0306 130 51 365 349
bird 0.0242 131 33 152 51
cat 0.0440 238 61 303 175
cat 0.0268 237 54 304 117
cow 0.0459 238 64 303 213
cow 0.0254 241 53 308 136
dog 0.0811 238 61 303 175
dog 0.0295 217 33 403 267
horse 0.0651 231 34 396 355
horse 0.0320 238 64 303 207
person 0.0369 238 64 303 213
person 0.0267 233 54 301 135
sheep 0.0792 238 63 303 185
sheep 0.0370 229 39 391 361
