bird 0.0890 426 181 444 215
bird 0.0649 200 194 232 272
bird 0.0589 388 189 411 229
bird 0.0487 396 178 411 218
bird 0.0459 31 203 50 215
bird 0.0453 412 181 426 215
bird 0.0438 398 179 409 205
bird 0.0394 342 177 363 230
bird 0.0327 356 188 380 231
boat 0.0421 452 154 480 165
boat 0.0327 426 181 444 215
car 0.0593 454 157 478 167
car 0.0422 200 194 232 272
car 0.0421 344 185 368 233
car 0.0393 426 183 444 217
car 0.0368 351 187 377 231
car 0.0340 388 189 411 229
car 0.0312 362 195 382 229
car 0.0304 371 197 389 228
cat 0.0351 426 183 444 217
cow 0.5490 35 222 186 285
cow 0.3417 240 219 294 265
cow 0.3105 388 189 411 229
cow 0.3088 276 217 335 260
cow 0.2758 426 183 444 217
cow 0.2535 344 185 368 233
cow 0.2165 357 193 380 231
cow 0.1890 31 230 96 277
cow 0.1509 203 194 235 272
cow 0.1022 31 203 50 215
cow 0.0566 230 208 257 259
cow 0.0346 76 205 90 220
cow 0.0319 76 209 91 227
dog 0.1376 426 181 444 215
dog 0.1204 388 189 411 229
dog 0.0883 342 184 364 234
dog 0.0804 200 194 232 272
dog 0.0637 356 188 380 231
dog 0.0511 371 197 389 228
dog 0.0386 328 210 346 244
dog 0.0381 240 219 287 264
dog 0.0351 318 213 340 252
dog 0.0316 31 203 50 215
dog 0.0308 276 217 335 260
horse 0.2743 342 184 364 234
horse 0.2414 388 189 411 229
horse 0.1931 200 196 233 274
horse 0.1834 426 181 444 215
horse 0.0702 240 219 294 265
horse 0.0635 276 217 335 260
horse 0.0596 328 210 346 244
horse 0.0543 403 178 412 199
horse 0.0527 318 213 340 252
horse 0.0516 35 220 187 282
horse 0.0434 31 231 89 276
horse 0.0399 31 203 50 215
motorbike 0.0337 200 196 233 274
person 0.3954 200 194 232 272
person 0.1616 426 181 444 215
person 0.1493 342 177 363 230
person 0.1013 396 178 411 218
person 0.0970 412 181 426 215
person 0.0959 388 189 411 229
person 0.0514 370 192 389 227
person 0.0474 207 203 225 228
person 0.0315 379 184 389 206
person 0.0313 380 181 388 196
sheep 0.2003 276 217 335 260
sheep 0.1789 31 203 50 215
sheep 0.1442 426 183 444 217
sheep 0.1376 240 219 294 265
sheep 0.1351 388 189 411 229
sheep 0.1194 318 213 340 252
sheep 0.1063 42 222 186 284
sheep 0.0935 362 195 382 229
sheep 0.0922 345 190 368 234
sheep 0.0900 352 193 377 232
sheep 0.0850 336 200 354 236
sheep 0.0677 31 231 89 276
sheep 0.0495 200 196 233 274
sheep 0.0414 410 180 420 204
sheep 0.0398 458 157 481 167
sheep 0.0380 399 178 408 194
sheep 0.0377 407 180 415 193
sheep 0.0362 227 213 260 264
sheep 0.0361 415 180 423 192
sheep 0.0320 73 206 86 219
