aeroplane 0.0783 1 0 494 371
bicycle 0.0421 1 0 494 371
boat 0.0907 1 0 494 371
boat 0.0478 169 48 576 375
bottle 0.0397 170 263 223 312
bus 0.0845 31 0 526 371
bus 0.0397 0 77 104 200
car 0.0583 1 0 494 371
car 0.0429 1 109 10 133
car 0.0386 62 100 144 154
chair 0.0422 474 -2 497 104
cow 0.0776 1 0 494 371
horse 0.0705 1 0 494 371
motorbike 0.0408 1 0 494 371
person 0.6718 325 128 458 372
person 0.0717 107 95 138 135
person 0.0512 476 -2 496 98
train 0.6727 1 0 494 371
train 0.0524 169 48 576 375
train 0.0363 -3 88 69 207
