aeroplane 0.0218 6 0 490 323
bottle 0.0436 6 0 490 323
bottle 0.0260 216 1 365 133
bus 0.0606 6 0 490 323
car 0.0478 6 0 490 323
cat 0.0329 6 0 490 323
chair 0.1072 6 0 490 323
chair 0.0213 -1 0 161 323
diningtable 0.0440 6 0 490 323
dog 0.0452 6 0 490 323
horse 0.0260 6 0 490 323
motorbike 0.0407 6 0 490 323
person 0.6951 6 0 490 323
person 0.0389 0 0 105 323
person 0.0311 -2 0 232 323
person 0.0255 -3 0 45 324
pottedplant 0.0260 78 0 268 134
pottedplant 0.0231 6 0 490 323
sofa 0.1564 6 0 490 323
tvmonitor 0.0481 6 0 490 323
