bicycle 0.0265 359 98 377 117
bicycle 0.0205 329 100 344 115
bird 0.0480 359 95 377 116
bird 0.0308 327 100 340 116
boat 0.0241 359 98 377 117
bottle 0.0228 359 98 377 117
car 0.0325 359 95 377 116
car 0.0219 329 96 345 114
cat 0.0261 138 99 231 290
cow 0.0537 359 95 377 116
cow 0.0336 329 100 344 115
dog 0.7910 138 99 231 290
dog 0.0441 359 95 377 116
dog 0.0247 329 100 344 115
horse 0.0783 359 95 377 116
horse 0.0473 329 96 345 114
motorbike 0.0304 359 98 377 117
motorbike 0.0224 328 97 340 114
person 0.1999 359 95 377 116
person 0.0942 329 96 345 114
sheep 0.0330 359 95 377 116
sheep 0.0225 329 100 344 115
sofa 0.0471 138 100 232 293
