bird 0.0586 15 338 152 446
bird 0.0331 47 360 179 440
bird 0.0293 314 345 341 407
bottle 0.0340 5 458 82 498
bottle 0.0332 -1 465 52 498
cat 0.6260 0 14 285 481
cat 0.0344 20 337 159 447
chair 0.0623 0 35 340 523
diningtable 0.0445 0 103 339 501
dog 0.0372 3 451 84 497
dog 0.0353 -2 76 262 489
dog 0.0339 15 338 152 446
person 0.0383 7 450 86 498
pottedplant 0.1032 54 327 333 488
pottedplant 0.0431 218 409 340 500
pottedplant 0.0381 314 345 341 407
pottedplant 0.0356 314 348 341 491
pottedplant 0.0321 324 345 342 446
pottedplant 0.0304 129 419 333 498
pottedplant 0.0302 196 300 341 499
pottedplant 0.0298 176 447 324 501
sheep 0.0303 15 338 152 446
sofa 0.0449 0 35 340 523
tvmonitor 0.0295 0 35 340 523
