aeroplane 0.0947 55 0 441 495
bicycle 0.0937 0 0 392 495
bicycle 0.0596 0 230 80 429
boat 0.1243 -2 33 32 126
boat 0.0954 16 0 424 495
bottle 0.0658 3 0 375 496
car 0.0868 0 0 392 495
car 0.0672 70 2 231 70
chair 0.2748 9 0 396 495
chair 0.0659 0 43 44 233
chair 0.0612 7 28 85 225
chair 0.0608 -1 233 73 433
chair 0.0608 30 24 104 103
chair 0.0593 -1 57 31 133
chair 0.0541 79 1 243 64
chair 0.0538 349 85 439 262
diningtable 0.1555 2 0 396 495
person 0.0532 73 2 235 64
pottedplant 0.1510 18 1 401 494
pottedplant 0.0774 -1 6 32 122
sofa 0.0673 16 0 424 495
tvmonitor 0.1014 257 4 419 84
tvmonitor 0.0718 2 0 396 495
tvmonitor 0.0695 73 2 235 64
