aeroplane 0.0505 0 8 372 378
bicycle 0.2811 224 267 340 438
bicycle 0.2482 134 222 348 468
bicycle 0.1876 115 177 274 388
bicycle 0.0789 1 -1 252 497
bicycle 0.0538 47 88 324 407
boat 0.0739 47 88 324 407
boat 0.0440 2 -1 228 466
boat 0.0368 124 171 282 386
bottle 0.0499 2 -1 240 497
bottle 0.0399 8 33 58 102
car 0.0364 47 88 324 407
chair 0.0873 1 0 247 496
chair 0.0439 228 133 377 440
chair 0.0432 30 478 148 494
diningtable 0.0457 2 -1 240 497
horse 0.0355 2 1 234 424
motorbike 0.0509 119 208 346 467
motorbike 0.0422 124 210 276 401
motorbike 0.0386 227 266 342 439
person 0.3175 197 155 262 284
person 0.2195 180 144 291 420
sheep 0.0381 1 2 235 415
train 0.0729 47 88 324 407
train 0.0593 3 0 233 496
