bicycle 0.0458 329 94 415 245
bottle 0.0845 97 253 225 279
bottle 0.0473 -10 0 52 279
bottle 0.0447 370 6 399 34
bottle 0.0442 319 7 363 34
bus 0.0344 315 47 374 103
car 0.0449 393 1 446 5
cat 0.0842 94 250 252 279
cat 0.0356 49 254 203 278
chair 0.3456 117 139 307 279
chair 0.3302 318 95 411 248
chair 0.1523 393 69 461 213
chair 0.0746 83 100 170 274
chair 0.0677 446 242 494 277
chair 0.0662 113 112 187 267
chair 0.0626 457 115 498 277
chair 0.0622 96 249 313 279
chair 0.0619 359 67 440 215
chair 0.0339 180 61 214 85
chair 0.0331 382 241 488 278
diningtable 0.0607 334 95 418 248
diningtable 0.0339 389 72 457 218
diningtable 0.0331 92 250 285 278
dog 0.0533 92 250 285 278
person 0.0556 97 250 257 278
person 0.0422 243 -3 275 75
pottedplant 0.0696 370 6 399 34
pottedplant 0.0480 140 71 160 88
pottedplant 0.0394 182 62 219 88
pottedplant 0.0383 243 -3 275 75
pottedplant 0.0357 321 7 369 33
pottedplant 0.0334 241 0 270 37
sofa 0.1115 110 136 307 278
sofa 0.0413 96 249 313 279
sofa 0.0375 446 238 495 276
sofa 0.0356 97 112 187 276
tvmonitor 0.4556 315 49 374 105
tvmonitor 0.0596 319 4 371 32
tvmonitor 0.0380 370 5 399 32
