bicycle 0.7484 206 170 351 321
bicycle 0.7452 29 159 216 326
bicycle 0.4496 323 167 430 292
bicycle 0.2709 468 181 495 278
bicycle 0.1070 409 181 499 279
bicycle 0.0739 474 109 498 236
bicycle 0.0380 359 171 487 289
bicycle 0.0363 465 197 498 314
bottle 0.0883 206 170 351 321
bottle 0.0606 26 155 218 326
bottle 0.0460 266 1 314 16
bottle 0.0396 258 2 338 20
bottle 0.0392 293 0 389 27
bottle 0.0382 368 3 399 35
bottle 0.0373 325 168 435 291
bottle 0.0367 360 1 392 27
bottle 0.0332 396 5 426 42
car 0.0419 490 114 496 216
cat 0.1095 297 0 385 23
chair 0.0890 468 185 495 279
chair 0.0573 472 138 498 274
chair 0.0467 204 173 346 322
chair 0.0425 490 164 497 279
chair 0.0395 428 184 497 281
chair 0.0352 326 167 411 287
chair 0.0311 299 1 391 26
dog 0.0465 297 0 385 23
horse 0.0361 481 122 498 270
motorbike 0.0906 482 116 497 219
motorbike 0.0602 473 104 499 262
motorbike 0.0346 26 159 211 326
motorbike 0.0339 204 173 346 322
motorbike 0.0329 325 168 435 291
person 0.8504 75 71 232 300
person 0.7867 350 87 441 274
person 0.7647 229 91 352 285
person 0.2309 396 5 426 42
person 0.1441 365 1 395 31
person 0.1174 261 1 312 16
person 0.0934 482 110 497 219
person 0.0847 311 1 394 26
person 0.0824 233 1 309 11
person 0.0511 400 4 469 44
person 0.0495 491 68 495 204
person 0.0315 492 35 494 196
pottedplant 0.0362 490 118 496 217
pottedplant 0.0342 256 1 309 16
pottedplant 0.0323 206 173 351 322
pottedplant 0.0320 473 128 498 269
tvmonitor 0.0315 293 0 389 27
