aeroplane 0.7634 43 135 381 283
aeroplane 0.1222 455 175 492 196
aeroplane 0.1160 453 158 494 192
aeroplane 0.0795 337 140 391 257
aeroplane 0.0582 345 141 384 209
aeroplane 0.0393 278 140 389 267
aeroplane 0.0333 456 125 492 188
aeroplane 0.0219 169 178 193 213
aeroplane 0.0210 382 131 479 204
bird 0.0343 177 179 200 207
bird 0.0269 181 176 196 200
boat 0.0352 337 141 392 260
boat 0.0322 43 127 389 280
boat 0.0282 455 175 492 196
boat 0.0273 453 158 494 192
boat 0.0220 339 141 382 214
chair 0.0232 337 140 391 257
person 0.0935 176 177 194 204
