bottle 0.0265 281 316 308 327
bus 0.0272 15 3 480 324
car 0.0292 15 3 480 324
chair 0.1026 383 198 487 330
chair 0.1011 0 139 136 322
chair 0.0626 15 3 480 324
chair 0.0520 468 223 496 322
chair 0.0456 2 141 47 212
chair 0.0416 476 212 496 296
chair 0.0335 280 209 496 330
chair 0.0331 23 137 74 196
chair 0.0300 492 204 494 279
chair 0.0291 361 277 493 329
chair 0.0282 461 258 495 332
diningtable 0.0275 1 159 134 323
person 0.3951 77 14 449 329
person 0.1382 382 194 488 330
person 0.0511 0 134 137 322
person 0.0281 275 242 399 328
person 0.0280 477 210 494 288
person 0.0276 492 207 494 281
person 0.0273 260 209 492 330
sofa 0.2620 0 134 137 322
sofa 0.1444 387 194 490 330
sofa 0.0687 15 3 480 324
sofa 0.0327 291 209 493 330
sofa 0.0319 468 220 495 319
tvmonitor 0.0501 38 67 145 136
tvmonitor 0.0414 174 0 259 28
tvmonitor 0.0407 208 0 256 22
tvmonitor 0.0396 50 4 140 74
tvmonitor 0.0367 5 0 123 60
tvmonitor 0.0302 144 0 226 28
tvmonitor 0.0282 132 0 355 74
tvmonitor 0.0269 15 3 480 324
