bottle 0.0718 209 36 269 100
car 0.0474 351 1 377 6
chair 0.6895 254 87 398 315
chair 0.6140 111 72 243 257
chair 0.3426 123 31 184 74
chair 0.3028 280 30 340 81
chair 0.1401 334 77 419 242
chair 0.0977 77 52 191 194
chair 0.0886 107 28 208 161
chair 0.0867 337 32 400 94
chair 0.0863 1 78 47 178
chair 0.0799 143 49 250 197
chair 0.0728 44 81 123 170
chair 0.0712 245 65 414 223
chair 0.0684 273 36 385 158
chair 0.0528 81 -1 132 86
chair 0.0485 145 74 419 307
chair 0.0478 380 11 482 162
chair 0.0454 333 0 482 106
diningtable 0.4026 112 66 391 295
diningtable 0.1130 254 87 398 315
diningtable 0.0925 111 72 243 257
diningtable 0.0514 178 50 387 217
diningtable 0.0486 66 48 187 187
person 0.0482 258 46 401 200
person 0.0446 107 28 208 161
pottedplant 0.2477 208 34 271 98
sofa 0.0620 263 87 403 315
sofa 0.0491 112 73 242 261
sofa 0.0473 123 28 184 72
tvmonitor 0.1340 2 75 40 166
tvmonitor 0.0453 82 -2 131 77
