bottle 0.0522 160 0 217 43
cat 0.2564 57 168 485 372
chair 0.1065 0 1 496 370
chair 0.0560 166 20 227 99
diningtable 0.0851 0 1 496 370
dog 0.2384 56 163 485 371
dog 0.2047 294 75 443 284
dog 0.0549 222 75 421 137
person 0.0818 0 1 496 370
person 0.0592 312 26 495 345
person 0.0573 291 70 445 278
person 0.0526 160 2 217 45
pottedplant 0.4035 160 0 217 43
pottedplant 0.0876 108 0 191 43
pottedplant 0.0778 106 -1 162 27
pottedplant 0.0652 202 0 254 49
pottedplant 0.0628 221 0 250 25
sofa 0.1427 1 89 494 375
sofa 0.0625 230 55 452 316
tvmonitor 0.0668 1 2 33 88
tvmonitor 0.0568 160 2 217 45
