aeroplane 0.0393 108 75 137 88
aeroplane 0.0381 182 73 234 90
boat 0.0385 13 86 185 169
boat 0.0338 99 88 317 192
boat 0.0331 443 12 497 116
boat 0.0316 182 73 234 90
bus 0.2098 47 65 104 98
bus 0.1107 448 66 493 114
bus 0.1088 108 75 137 88
bus 0.0860 5 72 60 96
bus 0.0780 182 73 234 90
bus 0.0635 150 75 181 87
bus 0.0554 2 67 24 87
bus 0.0517 238 75 287 89
bus 0.0505 168 75 202 88
bus 0.0400 213 76 250 87
bus 0.0392 378 76 437 92
bus 0.0388 490 79 496 114
bus 0.0363 342 76 379 92
bus 0.0349 14 88 183 171
bus 0.0340 -2 87 67 159
bus 0.0331 436 78 472 116
bus 0.0314 297 77 361 108
bus 0.0311 280 78 332 107
car 0.7831 261 94 492 213
car 0.6426 13 86 185 169
car 0.6295 95 89 314 192
car 0.4613 -2 87 67 159
car 0.3804 297 77 361 108
car 0.3434 367 78 448 102
car 0.3262 238 76 288 91
car 0.3015 447 75 493 118
car 0.2718 182 73 234 90
car 0.2467 51 68 108 99
car 0.2408 108 75 137 88
car 0.1586 222 78 257 89
car 0.1470 150 75 181 87
car 0.1412 141 78 174 89
car 0.1358 169 77 201 90
car 0.0907 2 77 56 99
car 0.0879 2 86 56 121
car 0.0766 40 80 64 96
car 0.0755 77 90 175 121
car 0.0707 0 68 17 87
car 0.0636 356 113 412 137
car 0.0602 114 83 186 115
car 0.0600 335 94 448 139
car 0.0425 156 96 245 124
car 0.0322 127 82 235 116
chair 0.5435 154 182 246 265
diningtable 0.0320 152 182 241 265
motorbike 0.0497 107 77 138 90
motorbike 0.0314 439 82 462 115
person 0.1112 108 75 137 88
person 0.0917 350 109 410 137
person 0.0830 437 82 456 115
person 0.0507 490 82 496 116
person 0.0497 40 80 64 96
person 0.0446 48 67 103 99
person 0.0412 441 76 492 117
person 0.0364 0 71 18 92
person 0.0360 154 77 184 90
person 0.0344 1 67 3 104
person 0.0338 162 148 183 177
person 0.0334 0 64 5 90
sofa 0.0468 152 182 241 265
train 0.0732 47 65 104 98
train 0.0440 451 47 496 111
train 0.0407 108 75 137 88
train 0.0381 179 73 230 90
train 0.0368 2 69 55 94
train 0.0331 2 67 24 87
train 0.0312 23 73 65 95
train 0.0310 150 75 181 87
