aeroplane 0.0362 430 152 486 194
aeroplane 0.0335 491 139 495 160
aeroplane 0.0315 435 127 488 167
boat 0.1200 430 152 486 194
boat 0.0800 430 125 487 180
boat 0.0522 33 146 478 316
boat 0.0498 435 116 489 152
boat 0.0451 -2 26 69 191
boat 0.0412 485 137 494 158
boat 0.0397 407 171 479 233
boat 0.0390 491 142 495 163
boat 0.0364 466 133 497 313
boat 0.0343 493 143 493 172
boat 0.0298 427 129 489 275
boat 0.0278 261 302 351 332
boat 0.0272 492 107 495 151
bus 0.5251 2 161 79 196
bus 0.0696 7 171 19 192
bus 0.0575 485 134 493 156
bus 0.0461 2 172 9 191
bus 0.0401 436 124 488 160
bus 0.0347 266 303 353 332
bus 0.0308 429 137 487 194
bus 0.0290 225 174 465 308
bus 0.0284 461 128 486 152
bus 0.0273 485 109 494 149
car 0.3068 261 302 351 332
car 0.1575 45 180 74 197
car 0.1232 485 137 494 158
car 0.0932 2 161 79 196
car 0.0740 435 126 489 163
car 0.0652 11 179 22 193
car 0.0503 430 152 486 194
car 0.0496 9 172 49 195
car 0.0334 1 174 2 199
car 0.0324 493 140 493 196
car 0.0311 1 166 3 196
car 0.0292 493 141 493 206
motorbike 0.0292 48 185 71 198
person 0.0648 13 183 20 195
person 0.0566 45 180 74 197
person 0.0547 482 138 490 157
person 0.0519 491 137 495 158
person 0.0438 1 157 73 196
person 0.0391 6 166 27 191
person 0.0319 490 158 497 315
person 0.0301 231 204 396 290
person 0.0295 474 151 498 321
person 0.0274 491 212 495 329
train 0.2101 223 176 466 297
train 0.1314 33 146 478 316
train 0.0845 1 157 78 196
train 0.0321 485 130 494 154
train 0.0295 436 123 488 156
train 0.0280 425 123 484 176
train 0.0278 474 158 498 325
