bicycle 0.0378 70 123 105 154
bird 0.0961 66 122 100 150
bird 0.0428 84 125 121 153
boat 0.0372 70 123 105 154
bottle 0.0698 14 273 136 373
bottle 0.0486 70 123 105 154
bottle 0.0376 83 127 122 156
bottle 0.0372 19 350 85 372
cat 0.0656 70 123 105 154
chair 0.6097 14 145 105 255
chair 0.2775 97 148 164 229
chair 0.1322 451 141 496 259
chair 0.1283 361 162 462 250
chair 0.1268 184 110 249 232
chair 0.1250 346 130 437 247
chair 0.1073 419 121 489 255
chair 0.0850 0 145 26 238
chair 0.0824 80 126 117 156
chair 0.0815 379 113 475 251
chair 0.0663 138 114 450 373
chair 0.0651 60 123 99 153
chair 0.0540 12 120 115 216
chair 0.0478 353 88 446 219
chair 0.0405 16 125 111 164
chair 0.0381 57 340 180 370
chair 0.0371 5 174 37 261
cow 0.0372 65 123 102 154
diningtable 0.0804 71 142 159 234
diningtable 0.0794 15 143 127 252
diningtable 0.0732 105 153 178 230
diningtable 0.0449 368 132 478 251
diningtable 0.0378 5 273 131 373
dog 0.0667 65 123 102 154
horse 0.0411 65 123 102 154
person 0.7419 133 106 440 370
person 0.4826 185 92 248 208
person 0.3295 353 89 430 229
person 0.2631 401 98 468 238
person 0.2531 407 102 463 181
person 0.1112 70 123 105 154
person 0.0464 481 104 497 244
person 0.0387 490 103 496 227
person 0.0379 493 98 494 203
person 0.0359 492 101 495 217
pottedplant 0.0697 70 123 105 154
pottedplant 0.0630 83 127 122 156
sheep 0.0398 70 123 105 154
sofa 0.0871 138 107 458 375
sofa 0.0792 14 145 105 255
sofa 0.0675 358 102 473 245
sofa 0.0405 184 102 248 227
sofa 0.0376 73 125 109 157
