aeroplane 0.0402 41 309 85 334
aeroplane 0.0365 65 -1 310 434
aeroplane 0.0318 66 355 133 437
bird 0.0807 173 143 206 203
bird 0.0647 94 395 115 443
bird 0.0394 71 1 309 446
bird 0.0387 57 349 100 428
bird 0.0383 75 354 93 383
bird 0.0355 66 355 133 437
bird 0.0350 77 349 90 372
bird 0.0339 37 422 105 463
bird 0.0337 37 399 140 463
bird 0.0329 61 406 86 440
boat 0.5104 6 0 323 496
boat 0.2756 33 421 135 464
boat 0.0615 62 344 142 417
boat 0.0538 41 309 85 334
boat 0.0520 66 350 127 395
boat 0.0478 49 356 134 451
boat 0.0431 40 182 164 461
boat 0.0429 70 310 97 333
boat 0.0389 83 346 95 368
boat 0.0388 76 356 107 389
boat 0.0364 82 353 95 375
boat 0.0351 278 321 289 346
bottle 0.0513 6 0 323 496
bottle 0.0333 77 349 90 372
car 0.0654 36 307 84 336
dog 0.0333 97 395 117 443
horse 0.0333 97 395 117 443
person 0.4502 55 351 97 433
person 0.2180 97 395 117 443
person 0.1346 75 354 93 383
person 0.0403 36 409 116 461
pottedplant 0.0707 70 1 310 440
pottedplant 0.0428 77 349 90 372
pottedplant 0.0373 173 143 206 203
