aeroplane 0.0499 323 375 370 487
bird 0.0781 323 375 370 487
bird 0.0684 57 123 91 161
bird 0.0508 0 254 66 342
bird 0.0388 108 95 269 197
bird 0.0383 103 320 150 402
bird 0.0359 265 437 346 495
boat 0.0358 150 16 367 486
bottle 0.0355 152 41 366 493
chair 0.0788 105 328 149 424
diningtable 0.0342 152 18 371 492
person 0.0394 267 445 343 494
pottedplant 0.4495 228 425 301 498
pottedplant 0.4254 323 380 370 489
pottedplant 0.1345 321 277 372 490
pottedplant 0.1155 159 59 370 224
pottedplant 0.0834 190 413 280 496
pottedplant 0.0801 158 22 371 395
pottedplant 0.0707 61 124 93 159
pottedplant 0.0419 240 472 300 498
pottedplant 0.0413 73 26 315 360
pottedplant 0.0410 343 218 373 480
pottedplant 0.0407 118 71 305 182
pottedplant 0.0400 370 350 370 489
pottedplant 0.0365 356 276 373 484
pottedplant 0.0361 229 470 334 501
pottedplant 0.0355 225 476 281 495
