bottle 0.1375 417 253 429 282
bottle 0.1118 438 248 479 281
bottle 0.1076 43 156 53 185
bottle 0.0996 47 158 58 195
bottle 0.0858 29 142 51 187
bottle 0.0857 55 145 73 196
bottle 0.0832 19 147 45 207
bottle 0.0773 483 349 496 374
bottle 0.0743 56 130 87 211
bottle 0.0608 7 143 27 198
bottle 0.0585 43 117 101 254
chair 0.0994 -3 154 84 370
chair 0.0843 61 184 153 299
chair 0.0801 1 249 95 368
chair 0.0702 0 137 42 369
chair 0.0641 -2 131 29 304
chair 0.0639 30 153 121 270
chair 0.0606 145 281 349 371
chair 0.0587 477 198 495 284
chair 0.0579 9 158 64 301
diningtable 0.1955 384 179 494 274
diningtable 0.1357 14 172 121 274
diningtable 0.1014 282 254 493 368
diningtable 0.0719 381 279 496 367
diningtable 0.0560 435 254 474 281
person 0.7719 59 80 217 314
person 0.4738 433 110 491 184
person 0.4466 56 120 95 174
person 0.3629 145 281 349 371
person 0.3619 10 130 47 182
person 0.3562 354 131 422 233
person 0.2580 5 130 52 265
person 0.2194 286 229 404 371
person 0.1740 41 120 110 268
person 0.1697 284 197 390 297
person 0.1147 451 120 490 268
person 0.1089 20 131 85 263
person 0.1026 0 141 10 230
person 0.0956 2 151 8 208
person 0.0876 1 141 9 183
person 0.0808 490 121 496 174
person 0.0744 32 155 49 198
person 0.0727 44 158 52 189
person 0.0706 50 156 62 192
person 0.0704 39 128 73 178
person 0.0686 46 138 66 179
person 0.0686 154 362 192 372
person 0.0658 -1 136 36 376
pottedplant 0.0726 2 311 31 370
pottedplant 0.0587 154 362 192 372
tvmonitor 0.0672 1 258 95 371
