aeroplane 0.0280 0 0 495 371
boat 0.0248 2 247 493 369
bottle 0.0286 0 0 495 371
bus 0.1158 0 96 236 269
bus 0.0608 0 0 495 371
bus 0.0241 10 137 47 176
car 0.0490 0 0 495 371
chair 0.0638 0 0 495 371
chair 0.0275 12 200 225 370
diningtable 0.0245 0 149 496 374
dog 0.0399 0 0 495 371
horse 0.0286 0 0 495 371
motorbike 0.0418 0 0 495 371
person 0.6571 0 0 495 371
person 0.0554 5 199 60 283
person 0.0321 432 0 501 371
person 0.0291 476 0 503 371
person 0.0288 11 204 210 371
person 0.0262 3 133 15 180
person 0.0261 3 124 1 200
person 0.0258 1 206 10 294
person 0.0252 6 137 44 175
person 0.0244 223 0 584 372
person 0.0241 6 212 106 369
pottedplant 0.0261 14 205 223 371
sofa 0.0821 0 0 495 371
tvmonitor 0.0354 0 0 495 371
