bird 0.0365 445 163 495 213
bottle 0.0418 0 0 12 26
bottle 0.0409 80 0 125 13
bottle 0.0390 96 0 141 13
cat 0.0870 445 163 495 213
chair 0.0620 -3 5 131 248
chair 0.0589 0 46 74 249
chair 0.0528 75 1 130 18
chair 0.0451 27 0 468 371
chair 0.0451 -1 1 19 30
chair 0.0382 -5 0 196 371
chair 0.0378 34 3 218 216
dog 0.5215 96 2 485 281
dog 0.0819 445 163 495 213
dog 0.0421 367 17 494 231
person 0.0487 50 0 445 284
person 0.0421 83 0 130 13
person 0.0408 99 0 145 13
person 0.0385 361 7 493 223
person 0.0384 0 0 12 26
pottedplant 0.0450 0 0 12 26
sheep 0.0517 445 163 495 213
sofa 0.0741 48 1 447 276
