car 0.0342 483 171 489 309
chair 0.0498 -2 -3 492 295
chair 0.0472 0 5 42 490
chair 0.0389 69 73 420 265
chair 0.0348 483 187 489 323
diningtable 0.0606 -2 -2 491 302
diningtable 0.0349 0 331 489 499
person 0.6901 328 194 484 496
person 0.5624 81 141 238 495
person 0.4770 257 172 377 495
person 0.3993 1 125 124 495
person 0.3244 198 161 320 498
person 0.1715 477 184 489 319
person 0.0955 0 5 42 490
person 0.0842 365 160 469 295
person 0.0790 477 172 488 432
person 0.0781 414 156 482 299
person 0.0655 346 178 434 317
person 0.0599 327 183 384 319
person 0.0569 69 73 420 265
person 0.0535 485 102 487 292
person 0.0532 184 138 304 286
person 0.0461 234 129 292 225
person 0.0455 -3 -3 492 288
person 0.0438 286 176 379 343
person 0.0406 2 120 24 500
person 0.0386 106 194 127 262
person 0.0385 328 168 383 256
person 0.0357 484 53 488 294
person 0.0330 194 158 278 337
pottedplant 0.0878 0 -4 489 257
pottedplant 0.0351 69 73 420 265
sofa 0.0505 -3 0 492 308
sofa 0.0499 1 249 488 496
sofa 0.0415 153 185 335 496
