aeroplane 0.0356 13 130 76 200
boat 0.0867 6 99 83 272
boat 0.0809 18 133 77 196
boat 0.0477 8 163 65 313
boat 0.0429 0 -4 111 270
boat 0.0425 2 111 110 342
boat 0.0415 4 199 91 348
bottle 0.1303 213 215 227 249
bottle 0.0617 301 229 319 247
bottle 0.0459 421 46 449 108
bus 0.0628 6 99 83 272
bus 0.0487 235 186 290 243
bus 0.0474 11 129 77 207
bus 0.0362 5 183 52 294
car 0.0525 3 218 78 364
cat 0.0366 235 185 290 240
chair 0.5932 227 248 354 364
chair 0.1515 155 199 206 242
chair 0.0891 124 247 222 370
chair 0.0868 336 286 400 372
chair 0.0770 86 245 291 372
chair 0.0701 136 188 186 241
chair 0.0409 94 184 142 250
chair 0.0402 10 247 86 364
diningtable 0.1065 37 239 396 372
diningtable 0.0599 227 249 353 367
diningtable 0.0460 157 208 205 245
person 0.4945 95 183 141 241
person 0.0834 156 204 206 243
person 0.0817 85 177 152 352
person 0.0769 140 185 175 227
person 0.0473 91 194 139 270
person 0.0417 235 186 290 243
person 0.0369 421 46 449 108
person 0.0353 213 215 227 249
person 0.0346 18 133 77 196
pottedplant 0.0562 156 196 206 240
pottedplant 0.0526 213 213 227 246
pottedplant 0.0473 143 185 172 215
pottedplant 0.0351 297 228 315 248
sofa 0.1174 156 204 206 243
sofa 0.0713 227 248 354 364
sofa 0.0548 336 286 400 372
sofa 0.0496 138 186 184 238
sofa 0.0348 74 237 312 374
sofa 0.0346 235 186 290 243
train 0.0734 6 99 83 272
train 0.0504 11 123 77 219
tvmonitor 0.6313 235 186 290 243
tvmonitor 0.3273 336 286 400 372
tvmonitor 0.0533 156 204 206 243
