bird 0.0357 208 165 294 212
bottle 0.0409 1 1 17 24
bottle 0.0378 475 139 496 361
car 0.0382 1 1 17 24
cat 0.0955 208 165 294 212
cat 0.0600 65 127 140 192
cat 0.0511 1 192 48 355
cat 0.0389 186 161 395 286
cat 0.0354 188 149 362 240
chair 0.7521 412 118 482 211
chair 0.5122 249 112 284 171
chair 0.3464 295 121 332 162
chair 0.2254 183 127 225 209
chair 0.1832 347 116 413 178
chair 0.1485 186 161 395 286
chair 0.1476 1 192 48 355
chair 0.1168 277 121 304 167
chair 0.0658 476 225 495 351
chair 0.0545 461 119 479 169
chair 0.0460 250 142 385 229
chair 0.0429 472 110 484 202
chair 0.0412 401 113 453 193
chair 0.0353 197 151 344 221
diningtable 0.1350 336 120 417 192
diningtable 0.0804 185 165 395 287
diningtable 0.0616 249 112 284 171
diningtable 0.0542 274 119 299 165
diningtable 0.0492 412 118 482 211
diningtable 0.0413 292 120 329 163
diningtable 0.0361 250 142 385 229
diningtable 0.0358 381 126 441 204
dog 0.0706 208 165 294 212
person 0.3438 185 153 396 282
person 0.1483 284 158 383 236
person 0.0515 1 1 17 24
person 0.0505 467 135 497 359
person 0.0492 204 165 322 229
person 0.0397 483 113 496 352
person 0.0394 65 127 140 192
person 0.0377 330 120 415 186
pottedplant 0.1205 1 1 17 24
pottedplant 0.0619 468 138 496 362
sofa 0.2503 186 161 395 286
sofa 0.0632 249 112 284 171
sofa 0.0605 295 121 332 162
sofa 0.0565 219 132 393 233
sofa 0.0548 1 192 48 355
sofa 0.0533 412 118 482 211
sofa 0.0417 66 128 140 195
sofa 0.0413 288 124 402 170
sofa 0.0360 342 117 411 178
tvmonitor 0.6637 65 127 140 192
tvmonitor 0.0587 185 170 395 288
tvmonitor 0.0494 250 113 276 142
