bicycle 0.4654 285 216 420 324
bicycle 0.3389 226 215 292 314
bicycle 0.2330 212 218 259 294
bicycle 0.1755 128 221 218 349
bicycle 0.1067 130 218 178 293
bicycle 0.1054 278 208 341 298
bicycle 0.0782 158 204 235 330
bottle 0.0932 3 117 15 142
bottle 0.0891 396 41 412 60
chair 0.2636 276 94 305 124
chair 0.1925 207 90 225 117
chair 0.1829 170 114 207 175
chair 0.1409 235 69 275 132
chair 0.1199 172 107 198 159
chair 0.1170 172 92 190 126
chair 0.1142 214 108 234 146
chair 0.1010 239 64 264 84
chair 0.0995 236 69 267 102
chair 0.0966 153 127 177 197
chair 0.0942 205 119 228 170
chair 0.0931 272 68 285 86
chair 0.0787 395 56 412 92
chair 0.0754 385 108 413 134
chair 0.0683 227 70 237 84
motorbike 0.2193 130 215 224 349
motorbike 0.2046 130 218 178 293
motorbike 0.1032 226 215 292 314
motorbike 0.0855 213 217 251 288
motorbike 0.0764 165 185 227 320
motorbike 0.0726 337 226 415 326
person 0.5241 319 137 387 298
person 0.3615 163 158 222 306
person 0.3318 226 150 276 273
person 0.1074 168 111 202 177
person 0.0922 221 181 242 266
person 0.0828 297 142 369 253
person 0.0816 6 119 20 146
person 0.0788 232 69 271 131
person 0.0771 129 209 185 285
person 0.0770 281 174 331 272
person 0.0765 213 113 235 164
person 0.0697 239 64 264 84
person 0.0681 195 175 230 260
pottedplant 0.4183 448 101 491 181
pottedplant 0.1924 226 130 284 176
pottedplant 0.1709 219 120 244 174
pottedplant 0.1517 270 153 311 195
pottedplant 0.1427 307 117 337 201
pottedplant 0.1427 232 69 271 131
pottedplant 0.1237 239 64 264 84
pottedplant 0.1075 273 63 284 80
pottedplant 0.0981 324 52 335 68
pottedplant 0.0971 307 117 336 154
pottedplant 0.0969 5 116 20 143
pottedplant 0.0915 305 136 346 223
pottedplant 0.0879 260 56 273 74
pottedplant 0.0878 260 63 274 80
pottedplant 0.0818 396 41 412 60
pottedplant 0.0768 367 35 385 49
pottedplant 0.0724 227 67 237 81
sofa 0.1459 277 91 304 121
sofa 0.1019 170 114 207 175
sofa 0.0904 235 74 275 138
sofa 0.0684 174 97 196 139
tvmonitor 0.2706 4 75 61 144
tvmonitor 0.0802 396 41 412 60
tvmonitor 0.0772 324 52 335 68
