bicycle 0.0431 316 221 326 253
bicycle 0.0273 345 212 353 240
bicycle 0.0244 338 213 345 239
bird 0.0250 315 208 327 251
bottle 0.0346 338 209 345 233
bottle 0.0335 315 212 327 252
bottle 0.0300 348 207 357 234
bottle 0.0287 311 218 319 252
bottle 0.0281 356 216 365 242
bus 0.0326 434 52 498 319
bus 0.0310 468 78 496 293
bus 0.0302 486 101 493 271
bus 0.0262 484 177 496 253
bus 0.0260 490 154 496 246
bus 0.0250 338 209 345 233
bus 0.0249 485 200 494 253
car 0.0425 341 208 349 234
car 0.0386 348 207 357 234
car 0.0308 492 201 494 258
car 0.0272 492 208 495 274
car 0.0262 318 204 325 231
car 0.0257 455 219 469 258
car 0.0257 315 208 327 251
car 0.0248 326 207 332 229
car 0.0243 492 175 495 254
car 0.0243 451 224 465 264
chair 0.0406 371 212 405 297
chair 0.0296 316 221 326 253
chair 0.0270 341 210 349 237
chair 0.0269 348 210 357 237
horse 0.0333 315 208 327 251
motorbike 0.0312 448 231 467 286
motorbike 0.0295 344 209 354 237
motorbike 0.0257 315 212 327 252
person 0.6215 370 205 405 294
person 0.4331 315 208 327 251
person 0.2550 344 209 354 237
person 0.1033 446 228 463 278
person 0.1016 25 218 63 270
person 0.0626 376 209 400 256
person 0.0603 410 220 451 297
person 0.0490 450 11 497 284
person 0.0393 451 2 496 141
person 0.0382 295 217 302 241
person 0.0310 288 210 300 237
person 0.0306 392 200 439 294
person 0.0304 494 113 493 258
person 0.0298 389 309 496 372
person 0.0277 488 30 499 295
person 0.0264 452 1 495 72
person 0.0262 421 3 496 186
pottedplant 0.0399 341 210 349 237
pottedplant 0.0322 348 210 357 237
pottedplant 0.0298 445 231 464 286
pottedplant 0.0251 106 1 201 42
train 0.7796 1 79 321 368
train 0.0291 428 49 497 322
train 0.0251 461 72 495 299
tvmonitor 0.0770 209 23 474 301
