aeroplane 0.0405 489 292 497 336
aeroplane 0.0272 490 272 496 334
aeroplane 0.0233 0 1 495 370
bicycle 0.6827 352 276 448 335
bicycle 0.5373 215 272 303 333
bicycle 0.1299 431 291 493 337
bicycle 0.1273 489 292 497 336
bicycle 0.0800 490 272 496 334
bicycle 0.0760 286 293 365 330
bicycle 0.0266 137 288 311 334
bicycle 0.0239 415 293 462 329
bicycle 0.0224 242 277 339 329
bird 0.0404 489 292 497 336
bird 0.0282 141 299 229 330
boat 0.0407 0 1 495 370
boat 0.0315 489 288 496 335
bottle 0.0492 489 283 496 334
bottle 0.0306 215 267 303 333
bottle 0.0306 355 264 444 336
bus 0.0363 0 1 495 370
car 0.0597 489 292 497 336
car 0.0206 0 1 495 370
car 0.0200 493 305 494 364
chair 0.0438 489 292 497 336
chair 0.0351 215 272 303 333
chair 0.0319 355 271 444 335
chair 0.0310 490 272 496 334
chair 0.0272 431 296 492 338
cow 0.0471 489 292 497 336
cow 0.0277 490 272 496 334
diningtable 0.0213 489 292 497 336
dog 0.0464 489 292 497 336
horse 0.0664 489 292 497 336
horse 0.0219 431 291 493 337
motorbike 0.1104 483 295 496 339
motorbike 0.0448 431 296 492 338
motorbike 0.0329 227 250 290 330
motorbike 0.0205 366 247 433 333
person 0.6908 230 244 288 321
person 0.6807 369 244 430 326
person 0.0965 489 288 496 335
person 0.0751 491 232 496 344
person 0.0280 493 305 494 364
person 0.0220 492 141 495 341
pottedplant 0.0551 489 292 497 336
pottedplant 0.0438 490 272 496 334
sheep 0.0413 489 292 497 336
sheep 0.0234 490 272 496 334
sofa 0.0217 0 1 495 370
train 0.0315 489 292 497 336
train 0.0292 0 1 495 370
train 0.0203 490 272 496 334
tvmonitor 0.0819 0 1 495 370
