bottle 0.2610 244 180 258 214
bottle 0.2487 260 227 274 283
bottle 0.2325 384 72 409 122
bottle 0.2207 311 180 325 220
bottle 0.1816 269 184 288 232
bottle 0.1698 196 225 213 285
bottle 0.1362 169 257 200 325
bottle 0.1344 227 220 244 290
bottle 0.1331 288 181 301 225
bottle 0.1195 179 83 205 117
bottle 0.1098 302 194 325 267
bottle 0.1089 348 177 365 217
bottle 0.1048 216 226 256 313
bottle 0.0926 309 251 326 298
bottle 0.0675 199 200 210 227
bottle 0.0663 300 222 320 277
bottle 0.0634 210 199 222 223
bottle 0.0610 477 67 495 117
bottle 0.0599 173 238 189 283
bottle 0.0513 339 82 374 124
bottle 0.0463 -1 314 19 351
bottle 0.0435 490 135 495 182
bottle 0.0432 480 132 493 179
chair 0.1079 213 126 243 158
chair 0.0884 311 136 332 159
chair 0.0721 330 332 501 350
chair 0.0512 211 83 244 123
chair 0.0508 323 290 507 353
chair 0.0503 278 337 475 351
chair 0.0492 292 93 319 130
chair 0.0475 339 82 374 124
diningtable 0.4676 70 208 440 357
diningtable 0.0502 48 278 416 355
diningtable 0.0449 314 139 336 161
diningtable 0.0443 309 139 327 160
diningtable 0.0424 64 295 306 348
diningtable 0.0421 317 332 506 350
person 0.7122 349 160 497 350
person 0.6501 230 134 311 210
person 0.5600 0 154 104 334
person 0.5271 107 144 168 272
person 0.3807 67 160 122 273
person 0.3724 153 142 193 235
person 0.2656 342 132 442 278
person 0.1762 350 137 387 213
person 0.1636 414 130 471 186
person 0.1599 405 131 457 224
person 0.1359 484 132 495 180
person 0.1157 151 143 242 223
person 0.1105 490 138 495 206
person 0.1057 335 94 379 157
person 0.1050 483 150 496 239
person 0.0871 244 176 258 208
person 0.0793 339 105 382 184
person 0.0764 339 82 374 124
person 0.0493 418 123 436 150
person 0.0487 200 225 217 285
person 0.0477 292 93 319 130
person 0.0450 492 161 495 294
person 0.0421 222 221 242 295
person 0.0419 207 223 224 293
pottedplant 0.5088 407 11 486 112
pottedplant 0.3038 221 41 305 115
pottedplant 0.1338 292 89 319 128
pottedplant 0.1138 211 80 244 121
pottedplant 0.0521 477 67 495 117
pottedplant 0.0454 450 8 489 110
pottedplant 0.0448 387 74 411 121
pottedplant 0.0445 437 68 472 111
pottedplant 0.0440 337 81 370 120
tvmonitor 0.0456 213 126 243 158
tvmonitor 0.0431 339 81 374 120
