aeroplane 0.0572 91 0 177 11
bird 0.0482 76 1 169 10
boat 0.0375 93 0 167 6
boat 0.0358 80 0 180 15
bottle 0.0462 110 148 143 200
bottle 0.0346 16 127 49 163
car 0.0481 91 0 177 11
chair 0.2376 423 182 455 255
chair 0.2202 373 168 396 230
chair 0.1197 460 187 496 308
chair 0.0975 416 183 493 312
chair 0.0683 366 237 480 312
chair 0.0634 454 259 494 310
chair 0.0599 379 175 444 256
chair 0.0468 473 135 498 306
chair 0.0367 1 94 150 303
chair 0.0352 49 243 157 310
chair 0.0339 27 119 468 313
diningtable 0.0625 361 229 478 310
diningtable 0.0412 23 296 472 312
diningtable 0.0375 373 168 396 230
diningtable 0.0359 3 282 492 311
dog 0.0374 115 150 145 199
person 0.7531 138 77 396 311
person 0.6897 1 101 150 306
person 0.3412 148 117 214 212
person 0.2636 15 127 50 167
person 0.1506 110 148 143 200
person 0.0662 87 102 283 295
person 0.0545 43 112 155 237
person 0.0507 163 120 191 145
person 0.0455 93 115 144 190
person 0.0430 79 0 173 10
person 0.0372 490 139 496 293
person 0.0371 481 137 498 270
person 0.0344 373 168 396 225
pottedplant 0.0533 86 1 174 10
pottedplant 0.0327 3 144 31 190
sofa 0.0546 4 121 304 305
sofa 0.0536 417 179 492 312
sofa 0.0528 460 187 496 308
sofa 0.0520 3 118 156 308
sofa 0.0402 366 176 481 314
sofa 0.0374 373 168 396 230
sofa 0.0368 423 179 455 253
tvmonitor 0.0352 373 168 396 225
