aeroplane 0.0272 287 137 448 328
boat 0.0593 148 169 198 289
boat 0.0360 286 133 450 320
boat 0.0279 8 2 487 369
boat 0.0225 127 175 204 330
boat 0.0222 24 150 283 362
bottle 0.0238 362 161 390 199
bottle 0.0235 137 136 202 217
bottle 0.0221 281 133 448 320
bottle 0.0216 370 176 399 247
bottle 0.0205 364 160 404 211
bottle 0.0202 378 179 406 233
bus 0.2820 287 137 448 328
bus 0.0261 370 154 421 205
bus 0.0208 378 178 413 228
bus 0.0206 388 185 419 221
car 0.3537 282 137 447 327
car 0.0331 383 184 408 245
car 0.0316 386 187 413 225
car 0.0238 367 156 416 214
car 0.0234 402 197 428 227
person 0.1337 361 161 392 204
person 0.0956 301 136 450 329
person 0.0747 369 175 399 236
person 0.0713 365 156 411 286
person 0.0298 337 186 353 214
person 0.0294 330 187 344 213
person 0.0283 326 183 341 205
person 0.0209 338 177 352 200
person 0.0200 316 182 342 242
train 0.0740 281 134 448 325
train 0.0224 8 2 487 369
train 0.0205 37 32 302 339
tvmonitor 0.0377 281 134 448 325
tvmonitor 0.0281 369 156 414 203
