bottle 0.0737 138 -1 254 39
bottle 0.0372 137 0 342 44
car 0.0363 162 1 435 53
car 0.0359 138 -1 254 39
cat 0.8017 145 65 498 370
chair 0.0638 2 3 493 369
chair 0.0487 -2 23 28 201
chair 0.0411 17 67 181 304
chair 0.0358 -1 6 52 365
chair 0.0317 4 2 100 369
chair 0.0316 234 0 331 26
diningtable 0.0332 2 3 493 369
person 0.0679 2 3 493 369
person 0.0619 234 0 331 26
person 0.0589 4 2 100 369
person 0.0548 -1 6 52 365
person 0.0430 426 10 499 361
person 0.0400 -2 22 21 179
person 0.0390 0 26 34 221
person 0.0352 1 123 243 371
person 0.0321 238 -1 397 21
pottedplant 0.0420 248 0 317 20
sofa 0.0851 2 3 493 369
tvmonitor 0.0732 138 -1 254 39
tvmonitor 0.0521 28 87 186 284
tvmonitor 0.0350 121 1 499 370
