bird 0.1214 298 339 352 371
bird 0.0944 286 341 334 370
bird 0.0562 345 350 376 372
bird 0.0550 214 350 312 373
bird 0.0451 183 358 281 370
bird 0.0447 132 365 207 369
bird 0.0420 211 237 221 257
bird 0.0410 192 235 209 259
bird 0.0394 202 236 214 258
bird 0.0335 186 236 199 257
boat 0.7105 150 162 227 269
boat 0.1392 367 223 393 247
boat 0.0770 196 235 212 259
boat 0.0702 207 244 217 261
boat 0.0659 189 236 204 258
boat 0.0627 193 214 216 256
boat 0.0625 216 224 224 247
boat 0.0617 215 237 225 257
boat 0.0594 222 226 233 250
boat 0.0589 82 241 124 253
boat 0.0588 207 230 217 252
boat 0.0555 215 245 224 260
boat 0.0552 56 239 103 255
boat 0.0542 84 233 121 249
boat 0.0538 229 223 242 247
boat 0.0529 236 225 251 245
boat 0.0526 223 245 232 260
boat 0.0499 223 217 233 242
boat 0.0492 238 232 249 250
boat 0.0484 238 239 249 255
boat 0.0484 237 220 250 239
boat 0.0476 210 200 230 247
boat 0.0462 230 211 241 236
boat 0.0460 56 231 103 251
boat 0.0453 221 207 235 240
boat 0.0440 238 246 249 259
boat 0.0436 51 242 93 263
boat 0.0422 342 235 364 247
boat 0.0413 144 222 155 248
boat 0.0394 241 234 262 248
boat 0.0390 127 232 141 250
boat 0.0389 218 193 238 243
boat 0.0385 81 222 125 249
boat 0.0384 240 235 278 247
boat 0.0378 239 240 264 253
boat 0.0377 339 227 366 244
boat 0.0374 237 204 250 231
boat 0.0363 144 240 155 253
boat 0.0361 323 236 368 246
boat 0.0344 160 229 170 247
boat 0.0336 126 221 143 249
boat 0.0334 21 235 76 259
boat 0.0333 235 241 283 253
boat 0.0329 124 241 144 253
boat 0.0327 134 222 150 249
boat 0.0317 234 228 284 243
boat 0.0315 144 254 155 263
boat 0.0314 228 194 244 230
boat 0.0311 107 241 146 252
boat 0.0310 420 227 481 262
boat 0.0310 114 234 138 249
boat 0.0307 199 182 241 254
boat 0.0300 134 254 150 263
boat 0.0297 117 184 160 263
boat 0.0296 50 220 94 251
boat 0.0293 160 237 170 251
boat 0.0292 246 234 304 248
bottle 0.0304 150 162 219 268
person 0.0864 196 235 212 259
person 0.0858 207 244 217 261
person 0.0748 183 238 195 255
sheep 0.0327 207 244 217 261
sheep 0.0318 196 243 213 262
sheep 0.0297 150 162 219 268
