bicycle 0.0341 2 2 346 283
bird 0.0371 -1 62 125 286
boat 0.0352 225 0 249 10
boat 0.0335 2 2 346 283
bottle 0.2419 88 71 309 281
bottle 0.1990 119 74 290 207
bottle 0.1246 2 2 346 283
bottle 0.0571 121 92 244 179
car 0.0767 218 0 245 10
car 0.0366 2 2 346 283
chair 0.0367 0 0 260 285
diningtable 0.0975 2 2 346 283
diningtable 0.0431 89 78 314 283
dog 0.0465 -2 67 125 285
horse 0.0338 -3 67 132 286
motorbike 0.0451 2 2 346 283
person 0.2214 0 65 216 286
person 0.0569 2 2 346 283
person 0.0359 1 128 121 282
person 0.0353 -6 4 107 281
pottedplant 0.0571 221 0 247 10
