bicycle 0.0479 50 220 86 262
bird 0.0447 220 29 290 80
bottle 0.0621 453 7 495 73
bottle 0.0385 52 228 84 265
car 0.0406 11 191 69 267
cat 0.0455 2 236 47 372
cat 0.0389 0 263 144 381
chair 0.1951 80 187 134 270
chair 0.1738 1 262 150 382
chair 0.1299 56 229 87 265
chair 0.0742 126 220 432 351
chair 0.0562 63 277 142 379
chair 0.0468 9 196 65 273
chair 0.0451 2 253 78 379
chair 0.0446 25 224 70 270
diningtable 0.0695 4 273 146 383
diningtable 0.0437 55 220 88 261
dog 0.0495 -2 262 131 382
person 0.1893 -3 257 132 380
person 0.1179 5 275 83 380
person 0.0704 121 218 430 348
person 0.0610 -8 52 199 249
person 0.0433 11 197 69 273
person 0.0417 133 89 479 357
pottedplant 0.1912 -8 52 199 249
pottedplant 0.1529 220 29 290 80
pottedplant 0.1434 11 197 69 273
pottedplant 0.1238 279 95 380 224
pottedplant 0.0704 13 174 67 242
pottedplant 0.0641 244 120 289 218
pottedplant 0.0633 50 220 86 262
pottedplant 0.0551 27 115 116 271
pottedplant 0.0542 64 72 188 116
pottedplant 0.0533 1 201 16 257
pottedplant 0.0521 2 204 31 265
pottedplant 0.0514 35 142 92 249
pottedplant 0.0510 -4 61 210 139
pottedplant 0.0461 146 102 263 230
pottedplant 0.0446 453 7 495 73
sofa 0.6213 135 223 438 354
sofa 0.2636 0 263 144 381
sofa 0.0489 -37 256 415 381
sofa 0.0404 80 187 134 270
tvmonitor 0.0420 362 111 407 172
tvmonitor 0.0414 453 7 495 73
