bicycle 0.0322 85 282 171 384
bicycle 0.0299 107 200 252 372
bird 0.0658 84 302 172 388
bird 0.0377 115 270 166 350
bird 0.0339 78 198 162 367
bird 0.0314 284 41 329 79
boat 0.0315 238 349 282 380
boat 0.0303 91 261 174 374
bottle 0.0530 238 349 282 380
car 0.0442 1 148 218 293
car 0.0313 309 276 330 344
car 0.0299 238 349 282 380
cat 0.0357 238 349 282 380
chair 0.0585 0 158 18 337
chair 0.0293 238 349 282 380
cow 0.0943 103 190 225 351
cow 0.0682 75 188 170 354
cow 0.0642 85 254 165 374
cow 0.0366 238 349 282 380
cow 0.0331 117 265 165 347
cow 0.0325 194 206 248 351
cow 0.0307 9 167 210 319
dog 0.0816 85 254 165 374
dog 0.0391 105 192 229 349
dog 0.0346 238 349 282 380
horse 0.5200 107 192 247 357
horse 0.1798 185 205 247 352
horse 0.1224 76 190 169 359
horse 0.0541 85 295 170 387
person 0.1436 78 198 162 367
person 0.0422 173 207 248 357
person 0.0370 103 193 226 356
person 0.0305 -1 159 9 336
person 0.0293 307 158 327 337
person 0.0288 326 156 328 339
pottedplant 0.0652 251 0 279 11
sheep 0.0534 238 349 282 380
sheep 0.0334 82 310 168 387
sofa 0.0295 -1 158 14 337
train 0.0387 1 147 208 293
tvmonitor 0.0828 0 159 18 343
tvmonitor 0.0295 0 160 60 342
