bicycle 0.0328 178 140 371 289
bicycle 0.0275 268 118 438 235
bicycle 0.0274 349 111 481 201
boat 0.0264 32 -8 463 58
car 0.0592 424 105 485 160
car 0.0466 179 145 370 290
car 0.0428 -1 176 224 353
car 0.0399 336 111 479 207
car 0.0371 401 104 493 197
car 0.0347 374 119 449 176
car 0.0298 272 119 441 234
car 0.0293 393 123 429 160
car 0.0291 313 3 345 27
car 0.0284 391 122 416 149
car 0.0282 320 70 338 84
horse 0.0275 385 122 415 149
motorbike 0.7438 -1 176 224 353
motorbike 0.5532 179 145 370 290
motorbike 0.4011 268 118 438 235
motorbike 0.2851 384 108 493 210
motorbike 0.0945 423 105 486 166
motorbike 0.0813 260 129 367 230
motorbike 0.0667 266 125 361 187
motorbike 0.0517 391 122 416 149
motorbike 0.0418 363 122 413 149
motorbike 0.0297 412 138 489 250
motorbike 0.0290 297 125 463 299
motorbike 0.0282 159 139 289 261
person 0.6106 45 53 97 200
person 0.1305 396 122 419 149
person 0.0606 360 122 408 149
person 0.0524 262 129 366 224
person 0.0333 4 34 123 331
person 0.0326 313 111 455 195
person 0.0323 175 145 367 290
person 0.0320 271 126 356 180
person 0.0316 268 118 438 235
pottedplant 0.0262 310 2 341 23
tvmonitor 0.0442 313 3 345 27
