aeroplane 0.0944 425 79 446 89
aeroplane 0.0690 386 49 444 72
aeroplane 0.0643 401 80 414 93
aeroplane 0.0607 408 82 422 92
aeroplane 0.0596 373 50 442 92
aeroplane 0.0492 404 75 426 88
aeroplane 0.0322 293 16 366 99
bird 0.0303 402 83 413 95
boat 0.2008 292 14 367 97
boat 0.0715 0 95 496 328
boat 0.0629 425 79 446 89
boat 0.0593 418 111 482 176
boat 0.0488 463 105 477 130
boat 0.0487 425 104 468 147
boat 0.0441 397 80 410 93
boat 0.0434 404 81 418 93
boat 0.0420 469 101 487 160
boat 0.0396 424 111 438 129
boat 0.0374 419 108 428 122
boat 0.0354 373 48 441 78
boat 0.0354 369 115 407 162
boat 0.0293 468 113 488 205
bus 0.1155 293 16 366 99
bus 0.0565 369 115 407 162
bus 0.0442 425 79 446 89
bus 0.0300 404 81 418 93
car 0.1273 425 79 446 89
car 0.0701 401 80 414 93
car 0.0686 408 82 422 92
car 0.0405 292 14 367 97
cow 0.0413 369 115 407 162
horse 0.0368 402 83 413 95
motorbike 0.0357 406 83 416 95
person 0.1204 402 83 413 95
person 0.0763 468 104 480 126
person 0.0547 419 108 428 122
person 0.0521 158 120 173 142
person 0.0514 411 108 420 123
person 0.0403 131 127 145 145
person 0.0400 373 112 410 161
person 0.0396 485 142 494 229
person 0.0387 425 82 445 91
person 0.0365 409 117 422 145
person 0.0358 149 130 166 152
person 0.0357 493 143 493 213
person 0.0356 492 102 494 129
person 0.0345 409 96 421 113
person 0.0339 422 119 440 153
person 0.0339 494 120 492 204
person 0.0337 480 115 491 215
person 0.0334 417 121 429 150
person 0.0323 393 101 406 119
person 0.0320 494 118 493 196
person 0.0299 220 120 236 142
person 0.0297 468 113 488 205
person 0.0294 216 118 279 154
pottedplant 0.0305 404 81 418 93
train 0.4737 369 115 407 162
train 0.4214 8 87 401 226
train 0.1326 292 14 367 97
train 0.1062 418 112 475 171
train 0.0803 0 41 496 330
train 0.0547 420 89 489 241
train 0.0361 400 115 415 142
train 0.0355 417 119 429 148
train 0.0334 387 104 412 142
train 0.0323 380 52 498 298
train 0.0321 425 79 446 89
train 0.0312 413 119 434 169
