bicycle 0.0979 180 3 212 30
bottle 0.0646 137 156 151 190
bottle 0.0562 185 157 206 205
bottle 0.0547 195 161 212 201
bottle 0.0493 0 142 331 486
chair 0.1310 293 184 328 271
chair 0.1122 160 149 195 190
chair 0.1047 13 159 87 249
chair 0.1029 260 223 329 389
chair 0.0993 0 151 38 273
chair 0.0878 1 191 84 405
chair 0.0710 253 172 326 253
chair 0.0667 43 127 73 165
chair 0.0661 317 192 330 286
chair 0.0647 0 217 329 480
chair 0.0560 229 131 324 222
chair 0.0517 0 167 95 304
chair 0.0517 306 191 330 382
chair 0.0497 233 143 289 218
diningtable 0.7111 0 185 330 481
diningtable 0.0877 0 169 330 310
diningtable 0.0501 8 154 87 246
diningtable 0.0498 -1 335 331 495
motorbike 0.1622 180 3 212 30
person 0.4302 70 108 119 176
person 0.2784 0 135 38 188
person 0.2552 0 135 38 250
person 0.2206 45 127 75 164
person 0.1429 19 145 87 233
person 0.0881 236 136 281 203
person 0.0666 9 133 65 181
person 0.0566 100 111 141 173
person 0.0562 230 136 308 218
pottedplant 0.0519 221 67 259 107
sofa 0.0744 0 225 331 488
sofa 0.0702 226 120 327 211
sofa 0.0628 13 151 88 242
