bicycle 0.0651 75 430 184 462
bottle 0.1057 103 321 151 454
bottle 0.0760 249 329 350 461
bottle 0.0488 86 430 190 462
cat 0.0461 142 329 342 462
chair 0.0601 0 0 347 462
chair 0.0456 0 238 348 472
diningtable 0.0482 0 238 348 472
diningtable 0.0406 36 436 355 472
dog 0.0537 142 329 342 462
motorbike 0.0545 71 422 188 463
person 0.7741 0 20 348 464
person 0.0981 104 328 292 463
person 0.0709 91 326 196 464
person 0.0517 4 283 343 471
person 0.0446 103 321 151 454
sofa 0.0883 0 0 347 462
sofa 0.0582 1 233 347 470
