aeroplane 0.0854 0 0 334 137
bicycle 0.0502 0 0 334 137
bird 0.1319 75 60 336 137
bird 0.0525 0 0 334 137
boat 0.0603 0 0 334 137
car 0.0648 0 0 334 137
cat 0.0417 84 64 338 138
cat 0.0302 0 0 334 137
chair 0.0527 0 0 334 137
cow 0.1169 65 60 268 138
cow 0.0627 0 0 334 137
diningtable 0.0342 0 0 334 137
dog 0.0913 61 60 335 138
dog 0.0463 0 0 334 137
horse 0.0811 0 0 334 137
horse 0.0670 53 62 333 137
motorbike 0.0622 0 0 334 137
person 0.0589 0 0 334 137
pottedplant 0.0368 0 0 334 137
sheep 0.1010 84 64 338 138
sheep 0.0332 0 0 334 137
sofa 0.0644 0 0 334 137
train 0.0549 0 0 334 137
