bird 0.0778 68 163 99 191
bottle 0.1698 222 306 248 364
bottle 0.0810 337 147 353 183
bottle 0.0793 345 147 360 182
bottle 0.0606 170 168 199 185
bottle 0.0597 195 233 229 296
car 0.0615 483 127 496 162
chair 0.6331 412 245 497 372
chair 0.4647 65 177 132 281
chair 0.2724 483 127 496 162
chair 0.1802 170 168 199 185
chair 0.1588 399 186 479 272
chair 0.1585 170 174 239 244
chair 0.1534 406 186 455 232
chair 0.1476 8 170 49 230
chair 0.1316 365 181 396 219
chair 0.1314 27 168 85 232
chair 0.1303 376 182 407 224
chair 0.1284 150 180 228 273
chair 0.1230 2 170 24 230
chair 0.1140 139 163 168 184
chair 0.1115 433 171 469 228
chair 0.0949 67 164 99 195
chair 0.0836 113 171 233 247
chair 0.0820 386 153 422 223
chair 0.0806 351 238 463 373
chair 0.0692 89 163 148 190
chair 0.0682 390 190 441 281
chair 0.0665 69 98 395 360
chair 0.0604 71 171 198 271
chair 0.0601 369 180 446 349
diningtable 0.3329 95 170 228 271
diningtable 0.1070 405 244 497 373
diningtable 0.0680 382 170 418 224
diningtable 0.0677 169 170 201 188
dog 0.0659 68 163 99 191
person 0.6824 139 90 395 369
person 0.4882 433 147 474 217
person 0.4402 387 149 420 187
person 0.2575 341 147 357 183
person 0.1213 68 163 99 191
person 0.0965 80 287 266 371
person 0.0888 483 127 496 162
person 0.0813 0 173 11 228
person 0.0796 145 195 288 299
person 0.0724 168 181 264 266
person 0.0635 5 167 44 227
person 0.0622 177 223 255 305
person 0.0620 170 168 199 185
person 0.0602 12 169 76 231
pottedplant 0.1738 468 183 497 223
pottedplant 0.0934 96 70 203 195
pottedplant 0.0751 229 171 250 194
pottedplant 0.0741 213 166 235 187
pottedplant 0.0741 220 171 243 194
pottedplant 0.0690 483 127 496 162
pottedplant 0.0666 170 168 199 185
pottedplant 0.0618 136 157 163 179
sofa 0.1097 413 241 496 371
sofa 0.0737 483 127 496 162
tvmonitor 0.1095 483 127 496 162
