aeroplane 0.0336 4 256 30 290
aeroplane 0.0276 246 187 327 300
aeroplane 0.0271 394 251 421 290
aeroplane 0.0229 78 257 103 289
bird 0.0349 394 251 421 290
bird 0.0330 78 257 103 289
bird 0.0217 435 96 467 117
bird 0.0206 4 252 30 289
boat 0.8566 246 187 327 300
boat 0.5753 394 251 421 290
boat 0.4563 78 257 103 289
boat 0.4441 4 256 30 290
boat 0.0471 32 253 80 288
boat 0.0391 15 251 65 290
boat 0.0389 338 253 414 287
boat 0.0341 399 247 463 294
boat 0.0322 366 251 402 289
boat 0.0305 210 191 285 303
boat 0.0277 1 25 494 347
boat 0.0276 236 241 259 282
boat 0.0270 66 253 171 288
boat 0.0249 87 261 134 285
boat 0.0239 77 273 192 291
boat 0.0237 252 232 266 279
boat 0.0233 249 211 269 289
boat 0.0226 137 278 194 287
bottle 0.0377 394 251 421 290
bottle 0.0245 78 257 103 289
bottle 0.0223 242 184 325 300
bus 0.0242 394 251 421 290
bus 0.0226 7 257 33 289
bus 0.0219 78 257 103 289
car 0.0293 394 251 421 290
car 0.0246 7 257 33 289
car 0.0215 78 257 103 289
person 0.0255 274 274 284 289
person 0.0231 288 273 301 291
person 0.0209 304 274 316 290
sheep 0.0517 394 251 421 290
sheep 0.0371 78 257 103 289
sheep 0.0307 246 187 327 300
sheep 0.0298 7 257 33 289
sheep 0.0216 435 96 467 117
train 0.0300 394 251 421 290
