bicycle 0.0538 310 151 435 329
boat 0.0409 289 311 409 330
boat 0.0332 298 232 470 326
bottle 0.0612 68 219 84 255
bottle 0.0544 80 219 102 256
bottle 0.0493 169 148 193 165
bottle 0.0447 116 123 136 148
bottle 0.0431 230 124 241 147
bottle 0.0319 158 165 181 211
bus 0.0397 152 94 201 152
car 0.0329 295 311 434 330
car 0.0286 169 148 193 165
chair 0.1002 171 160 207 205
chair 0.0533 172 150 198 168
chair 0.0458 292 312 413 329
chair 0.0449 293 169 459 331
chair 0.0449 115 126 137 151
chair 0.0448 179 152 206 171
chair 0.0438 431 225 493 323
chair 0.0367 8 233 72 330
chair 0.0367 95 150 157 179
chair 0.0328 286 166 303 205
chair 0.0312 292 164 312 206
chair 0.0306 81 222 101 257
chair 0.0303 304 164 331 206
chair 0.0303 278 166 295 204
diningtable 0.0311 171 160 207 205
person 0.1742 298 157 323 203
person 0.0576 281 162 299 203
person 0.0393 230 124 241 147
person 0.0363 116 123 136 148
person 0.0352 169 148 193 165
person 0.0306 310 151 435 329
person 0.0294 292 312 413 329
person 0.0286 71 221 88 254
pottedplant 0.0651 116 123 136 148
pottedplant 0.0508 230 124 241 147
pottedplant 0.0359 92 124 113 148
pottedplant 0.0359 172 149 197 165
pottedplant 0.0323 71 221 88 254
pottedplant 0.0310 304 160 433 331
pottedplant 0.0300 80 219 102 256
tvmonitor 0.1695 152 94 201 152
tvmonitor 0.1198 172 149 197 165
tvmonitor 0.1072 116 123 136 148
tvmonitor 0.0716 424 228 493 325
tvmonitor 0.0695 72 182 110 241
tvmonitor 0.0667 80 219 102 256
tvmonitor 0.0647 95 150 157 179
tvmonitor 0.0569 0 77 66 320
tvmonitor 0.0567 70 166 104 194
tvmonitor 0.0305 289 311 409 330
tvmonitor 0.0287 77 200 106 255
