aeroplane 0.0364 151 261 180 277
boat 0.0376 0 20 496 284
boat 0.0369 151 261 180 277
bus 0.0977 437 151 464 182
bus 0.0669 240 11 497 211
bus 0.0527 0 20 496 284
bus 0.0428 372 25 498 192
bus 0.0368 467 158 481 175
bus 0.0339 0 175 11 243
bus 0.0330 476 158 488 175
bus 0.0327 491 160 495 182
bus 0.0321 485 155 494 178
car 0.1154 448 164 460 182
car 0.0885 426 162 436 190
car 0.0851 432 165 444 187
car 0.0748 491 168 495 188
car 0.0551 153 261 185 278
car 0.0349 0 170 11 229
car 0.0336 371 25 499 183
person 0.0673 426 162 436 190
person 0.0671 451 161 465 180
person 0.0563 432 165 444 187
person 0.0450 491 160 495 182
person 0.0437 481 162 491 179
person 0.0422 471 158 485 174
pottedplant 0.0431 153 261 185 278
train 0.6074 0 0 378 303
train 0.0969 30 47 528 247
train 0.0400 411 126 489 183
train 0.0338 379 31 498 186
tvmonitor 0.1442 240 16 365 95
tvmonitor 0.0821 369 2 493 90
tvmonitor 0.0448 0 175 11 243
