aeroplane 0.0450 310 301 396 340
aeroplane 0.0344 8 305 25 318
aeroplane 0.0344 116 307 184 334
aeroplane 0.0332 15 302 42 316
aeroplane 0.0302 226 310 269 335
bird 0.0305 460 53 488 136
boat 0.1249 458 58 489 149
boat 0.0460 457 99 491 143
boat 0.0417 436 102 496 152
boat 0.0315 310 301 396 340
bus 0.2509 173 275 227 330
bus 0.0909 113 268 233 331
bus 0.0809 225 307 269 334
bus 0.0741 6 302 19 315
bus 0.0737 19 301 53 317
bus 0.0598 310 301 396 340
bus 0.0538 116 307 184 334
bus 0.0512 43 304 69 331
bus 0.0430 415 309 456 343
bus 0.0360 78 306 120 328
bus 0.0348 1 294 9 311
bus 0.0316 62 305 81 330
bus 0.0308 393 304 407 325
bus 0.0294 444 309 496 361
bus 0.0282 217 286 263 325
car 0.7150 310 301 396 340
car 0.6793 116 307 184 334
car 0.6698 444 309 496 361
car 0.4596 226 310 269 335
car 0.4257 414 312 456 345
car 0.3782 78 306 120 328
car 0.2754 23 302 58 320
car 0.2675 8 305 25 318
car 0.2122 43 304 69 331
car 0.1298 392 306 407 328
car 0.0962 190 308 227 332
car 0.0797 159 310 195 331
car 0.0627 206 308 242 333
car 0.0600 414 310 425 331
car 0.0564 278 309 288 325
car 0.0563 269 310 281 325
car 0.0532 455 307 477 321
car 0.0531 448 308 484 333
car 0.0528 173 278 228 333
car 0.0455 481 305 491 317
car 0.0441 471 306 485 317
car 0.0401 491 302 495 321
car 0.0399 489 312 498 352
car 0.0357 304 310 323 330
car 0.0322 298 309 314 326
car 0.0278 104 279 211 327
chair 0.0280 50 308 69 338
motorbike 0.0548 50 308 69 338
motorbike 0.0519 310 301 396 340
motorbike 0.0513 388 306 404 328
motorbike 0.0470 9 308 24 320
motorbike 0.0455 397 306 410 328
motorbike 0.0419 116 307 184 334
motorbike 0.0381 415 309 456 343
motorbike 0.0305 226 310 269 335
motorbike 0.0301 445 311 496 363
motorbike 0.0294 282 309 291 325
motorbike 0.0288 421 307 479 346
motorbike 0.0274 406 308 416 327
person 0.1415 392 306 407 328
person 0.1285 53 310 67 341
person 0.0764 6 306 20 317
person 0.0660 282 309 291 325
person 0.0456 418 307 445 334
person 0.0456 426 306 444 324
person 0.0445 460 301 472 310
person 0.0445 454 305 470 317
person 0.0438 20 303 53 320
person 0.0427 159 310 195 331
person 0.0421 481 305 491 317
person 0.0411 446 305 462 318
person 0.0402 477 301 487 310
person 0.0393 173 278 228 333
person 0.0388 185 308 224 332
person 0.0341 225 307 269 334
person 0.0295 310 301 396 340
person 0.0294 241 309 275 331
person 0.0269 116 307 184 334
pottedplant 0.0321 392 306 407 328
pottedplant 0.0303 1 305 10 318
pottedplant 0.0286 6 306 20 317
sheep 0.0290 459 56 488 139
train 0.0425 173 273 227 327
train 0.0359 114 268 232 325
train 0.0333 310 301 396 340
train 0.0313 116 307 184 334
train 0.0286 17 301 48 316
train 0.0282 226 310 269 335
train 0.0280 27 302 61 321
