aeroplane 0.0413 28 55 52 98
aeroplane 0.0328 23 43 57 79
aeroplane 0.0327 -1 0 83 59
bicycle 0.0493 3 65 15 93
bicycle 0.0419 29 63 51 100
bicycle 0.0321 16 62 34 96
bird 0.0346 1 63 10 90
boat 0.0402 0 0 74 69
boat 0.0394 442 23 497 150
boat 0.0331 14 37 58 74
bottle 0.1139 421 3 440 19
bottle 0.0397 271 1 294 10
bottle 0.0389 279 1 302 10
bottle 0.0387 379 4 421 18
bottle 0.0371 287 1 309 10
bus 0.1250 442 35 497 154
bus 0.0480 49 25 179 76
bus 0.0417 22 40 59 76
car 0.7913 62 63 441 288
car 0.4008 429 94 496 152
car 0.1646 314 67 438 127
car 0.1269 305 75 455 183
car 0.1155 45 30 168 81
car 0.0956 3 65 15 93
car 0.0834 28 58 52 99
car 0.0614 19 54 38 88
car 0.0583 46 47 66 90
car 0.0520 492 107 495 156
car 0.0502 55 49 72 88
car 0.0501 2 91 9 135
car 0.0467 495 79 491 137
car 0.0458 477 106 494 151
car 0.0454 494 82 493 154
car 0.0427 31 39 66 78
car 0.0369 0 67 17 133
car 0.0365 1 69 10 109
cow 0.0430 29 63 51 100
cow 0.0375 3 65 15 93
cow 0.0343 45 30 168 81
horse 0.0904 29 63 51 100
horse 0.0740 3 65 15 93
motorbike 0.1210 6 64 19 93
motorbike 0.1159 29 63 51 100
person 0.2946 3 62 15 90
person 0.2176 29 63 51 100
person 0.0809 177 84 200 126
person 0.0566 135 0 164 17
person 0.0458 481 77 490 133
person 0.0441 495 80 491 131
person 0.0422 268 0 290 7
person 0.0417 276 1 297 6
person 0.0409 1 1 17 22
person 0.0403 283 1 305 7
person 0.0373 432 68 493 147
person 0.0372 439 96 454 114
person 0.0361 152 0 186 11
person 0.0347 9 1 48 22
person 0.0343 417 3 437 19
person 0.0337 99 1 121 10
person 0.0329 493 102 494 155
pottedplant 0.0371 3 60 14 88
pottedplant 0.0348 421 3 440 19
pottedplant 0.0330 276 1 297 6
train 0.1073 40 23 173 77
train 0.0628 437 23 496 155
train 0.0453 18 36 62 76
train 0.0431 49 39 71 83
train 0.0413 38 41 66 80
train 0.0395 53 34 90 82
train 0.0351 0 3 82 81
train 0.0326 30 46 58 86
