aeroplane 0.0995 6 3 489 368
aeroplane 0.0435 410 308 452 325
bicycle 0.0922 6 3 489 368
bird 0.0812 6 3 489 368
boat 0.1452 6 3 489 368
boat 0.0682 410 308 452 325
bottle 0.0421 6 3 489 368
bus 0.0509 410 308 452 325
bus 0.0218 6 3 489 368
car 0.5535 410 308 452 325
car 0.0353 6 3 489 368
car 0.0272 403 311 420 323
car 0.0249 446 309 463 320
car 0.0244 494 287 493 336
car 0.0209 494 286 492 349
cat 0.0252 6 3 489 368
chair 0.0362 6 3 489 368
chair 0.0224 410 308 452 325
cow 0.0270 6 3 489 368
cow 0.0229 410 308 452 325
diningtable 0.0482 6 3 489 368
dog 0.0323 6 3 489 368
horse 0.0316 6 3 489 368
horse 0.0207 410 308 452 325
motorbike 0.0448 6 3 489 368
motorbike 0.0428 410 308 452 325
person 0.0288 6 3 489 368
person 0.0268 10 309 47 367
pottedplant 0.0713 6 3 489 368
pottedplant 0.0206 479 349 492 374
sheep 0.0601 410 308 452 325
sheep 0.0411 6 3 489 368
sofa 0.0290 6 3 489 368
train 0.0536 6 3 489 368
train 0.0478 410 308 452 325
tvmonitor 0.0285 6 3 489 368
