bottle 0.3490 1 243 48 368
bottle 0.1847 47 207 190 369
bottle 0.0833 57 218 133 334
bottle 0.0767 0 201 50 328
bottle 0.0691 12 227 147 372
bottle 0.0507 7 247 90 370
bottle 0.0428 71 219 424 351
bottle 0.0395 -1 185 20 332
bus 0.0417 0 0 496 371
car 0.0460 0 0 496 371
chair 0.1043 0 0 496 371
diningtable 0.0389 0 0 496 371
person 0.6211 192 3 498 368
person 0.1431 3 0 437 372
person 0.0393 0 64 50 308
person 0.0386 52 204 443 361
person 0.0380 1 74 17 297
pottedplant 0.0529 0 164 11 266
pottedplant 0.0489 0 124 19 276
pottedplant 0.0424 0 64 50 308
pottedplant 0.0356 0 105 33 284
sofa 0.1281 0 0 496 371
sofa 0.0393 0 59 73 259
tvmonitor 0.0421 0 0 496 371
