aeroplane 0.0585 34 206 78 223
aeroplane 0.0337 69 203 105 221
aeroplane 0.0303 100 205 144 224
aeroplane 0.0300 50 204 93 221
boat 0.0713 34 206 78 223
boat 0.0434 -3 153 37 206
boat 0.0309 12 146 92 225
boat 0.0285 7 203 26 215
boat 0.0281 1 202 10 217
bus 0.0944 33 203 78 222
bus 0.0809 70 200 104 219
bus 0.0745 61 203 98 221
bus 0.0530 252 188 313 218
bus 0.0459 100 205 144 224
bus 0.0376 141 174 213 220
bus 0.0350 134 192 197 220
bus 0.0338 170 176 231 218
bus 0.0323 473 204 498 231
bus 0.0317 126 194 173 218
bus 0.0310 1 202 10 217
bus 0.0289 23 203 49 215
bus 0.0281 6 204 20 215
bus 0.0280 487 206 498 229
bus 0.0270 105 177 171 217
bus 0.0270 11 204 30 214
car 0.5211 346 199 437 231
car 0.4335 100 205 144 224
car 0.3926 275 206 346 228
car 0.3811 142 204 204 226
car 0.3786 473 204 498 231
car 0.3738 34 206 78 223
car 0.3596 420 200 489 230
car 0.2984 70 206 104 222
car 0.2934 203 208 244 226
car 0.2494 247 198 310 226
car 0.2004 177 205 231 225
car 0.1622 124 207 159 222
car 0.0673 317 208 380 227
car 0.0418 1 206 10 218
car 0.0273 3 135 31 154
motorbike 0.0564 243 204 283 225
motorbike 0.0535 203 208 244 226
motorbike 0.0503 223 209 255 225
motorbike 0.0502 243 209 268 225
motorbike 0.0490 109 206 150 224
motorbike 0.0424 140 204 198 225
motorbike 0.0400 134 206 173 223
motorbike 0.0382 173 205 227 225
motorbike 0.0368 66 206 100 222
motorbike 0.0332 473 204 498 231
motorbike 0.0303 248 202 309 227
motorbike 0.0272 86 207 128 222
person 0.0366 486 203 499 227
person 0.0339 115 206 152 223
person 0.0338 132 206 167 223
person 0.0336 66 206 100 222
person 0.0324 242 205 277 225
person 0.0323 208 208 247 226
person 0.0314 229 209 257 225
person 0.0288 83 207 123 221
person 0.0268 27 209 54 220
train 0.0419 34 206 78 223
train 0.0270 66 203 101 221
