boat 0.0454 0 -6 496 250
bottle 0.5241 219 43 244 128
bottle 0.4581 190 44 211 127
bottle 0.0630 224 44 240 84
bottle 0.0471 192 41 209 88
bottle 0.0315 121 267 374 270
bus 0.0463 0 -6 496 250
chair 0.2606 254 42 499 269
chair 0.0498 445 229 496 268
chair 0.0383 88 263 407 269
chair 0.0382 351 25 495 210
chair 0.0328 0 138 113 191
chair 0.0327 84 148 192 227
chair 0.0319 6 162 489 273
diningtable 0.0496 71 259 424 270
diningtable 0.0326 0 193 497 276
person 0.0748 189 42 212 125
person 0.0676 219 42 244 125
person 0.0389 195 40 213 97
person 0.0344 88 263 407 269
person 0.0319 196 42 212 69
pottedplant 0.2073 83 147 185 223
pottedplant 0.0408 219 42 244 125
pottedplant 0.0380 74 75 210 232
pottedplant 0.0321 189 46 212 128
sofa 0.1199 254 42 499 269
sofa 0.0518 6 162 489 273
sofa 0.0350 79 258 479 271
sofa 0.0340 0 228 496 274
sofa 0.0327 88 263 407 269
train 0.0504 0 -8 496 248
tvmonitor 0.1728 209 193 482 267
tvmonitor 0.0575 0 -6 496 250
