aeroplane 0.0563 0 0 372 495
bicycle 0.0400 0 0 372 495
bicycle 0.0342 3 322 368 501
bird 0.0422 0 94 372 501
bird 0.0333 334 361 371 454
boat 0.0463 0 0 372 495
boat 0.0393 4 338 367 501
bottle 0.0277 334 352 371 447
bus 0.0298 0 0 372 495
car 0.0493 0 0 372 495
cat 0.0380 334 361 371 454
chair 0.0683 0 0 372 495
chair 0.0282 0 428 77 496
diningtable 0.0466 0 0 372 495
dog 0.0281 334 361 371 454
dog 0.0280 0 0 372 495
horse 0.0252 0 94 372 501
motorbike 0.0459 0 0 372 495
person 0.4396 70 75 342 490
person 0.0273 334 361 371 454
person 0.0250 370 353 370 447
pottedplant 0.0570 0 0 372 495
sheep 0.0294 334 361 371 454
sofa 0.0708 0 0 372 495
train 0.0324 0 0 372 495
tvmonitor 0.0459 0 0 372 495
