bottle 0.3986 227 241 252 352
bottle 0.1546 383 348 424 374
bottle 0.1058 403 292 482 372
bottle 0.0961 188 235 214 312
bottle 0.0737 324 255 397 368
bottle 0.0525 378 267 429 373
bottle 0.0470 257 226 307 368
bottle 0.0373 264 240 286 307
bottle 0.0372 373 315 435 372
cat 0.0463 408 291 484 372
chair 0.0727 273 172 339 257
chair 0.0691 1 242 134 369
diningtable 0.1215 4 284 491 373
diningtable 0.0708 81 318 477 375
diningtable 0.0670 111 269 384 365
diningtable 0.0533 181 349 502 373
diningtable 0.0499 238 246 303 365
diningtable 0.0413 217 272 262 356
diningtable 0.0399 197 334 439 371
person 0.7223 0 113 175 375
person 0.5306 354 66 492 364
person 0.0386 226 244 252 355
pottedplant 0.1226 324 255 397 368
pottedplant 0.0744 260 245 321 365
pottedplant 0.0597 273 196 338 368
pottedplant 0.0535 227 241 252 352
pottedplant 0.0433 119 311 415 370
pottedplant 0.0384 233 242 410 369
pottedplant 0.0371 236 272 360 362
tvmonitor 0.0661 274 170 337 242
