bottle 0.2489 318 292 364 372
bottle 0.1663 199 306 241 370
bottle 0.1175 222 112 311 259
bottle 0.1099 338 286 477 372
bottle 0.1086 152 87 343 284
bottle 0.1017 223 164 280 242
bottle 0.0925 58 5 85 32
bottle 0.0788 73 7 102 30
bottle 0.0741 250 156 284 197
bottle 0.0705 100 3 121 28
bottle 0.0673 133 308 244 368
bottle 0.0649 183 173 226 251
bottle 0.0640 189 134 306 219
bottle 0.0592 267 155 297 198
bottle 0.0586 237 136 274 205
bottle 0.0564 154 168 192 256
bottle 0.0516 78 9 339 362
bottle 0.0470 3 2 24 41
chair 0.0479 143 0 477 371
diningtable 0.0633 10 297 273 373
diningtable 0.0497 152 87 343 284
dog 0.0509 166 0 494 371
person 0.7518 195 0 502 371
person 0.2615 -5 67 157 369
person 0.2295 1 69 79 366
person 0.1728 449 0 490 371
person 0.1076 215 73 350 298
person 0.0975 477 45 495 144
person 0.0750 483 49 495 181
person 0.0729 222 112 311 259
person 0.0664 267 155 297 198
person 0.0512 427 3 497 151
person 0.0485 0 183 495 369
sofa 0.0488 171 0 496 371
tvmonitor 0.5213 175 2 312 70
tvmonitor 0.0566 3 2 46 75
tvmonitor 0.0527 3 3 31 52
tvmonitor 0.0484 79 2 290 65
