bicycle 0.0404 364 310 490 371
bird 0.0621 305 226 353 262
boat 0.0375 305 226 353 262
bottle 0.0413 140 151 175 197
bottle 0.0369 305 226 353 262
bus 0.0700 -1 16 497 302
bus 0.0409 110 109 385 262
bus 0.0383 40 67 290 351
chair 0.1298 206 286 367 372
chair 0.0534 357 261 489 373
chair 0.0421 227 238 409 372
chair 0.0392 382 311 487 370
chair 0.0389 1 278 25 374
chair 0.0386 431 301 493 368
chair 0.0370 278 226 490 372
chair 0.0367 -1 307 19 374
chair 0.0360 0 163 43 377
chair 0.0351 75 282 263 370
chair 0.0348 306 229 353 264
cow 0.0386 306 229 353 264
dog 0.0504 306 229 353 264
dog 0.0493 -3 155 53 310
horse 0.0388 75 282 263 370
horse 0.0376 0 161 43 374
horse 0.0355 306 229 353 264
motorbike 0.0366 365 304 489 371
person 0.6907 365 225 489 369
person 0.5003 232 205 411 371
person 0.4958 79 205 267 371
person 0.3661 0 157 49 372
person 0.3006 255 162 302 209
person 0.2749 140 152 175 201
person 0.2339 302 226 350 262
person 0.1351 202 152 239 219
person 0.0811 98 205 178 288
person 0.0736 241 205 292 277
person 0.0635 -1 151 20 249
person 0.0487 110 109 385 262
person 0.0487 119 212 368 364
person 0.0416 2 19 493 311
person 0.0401 401 224 452 263
person 0.0378 312 229 394 300
person 0.0356 0 285 18 373
person 0.0356 121 204 202 278
sofa 0.0460 250 231 487 374
train 0.0581 -2 12 498 312
