aeroplane 0.0424 0 132 17 151
boat 0.0455 304 227 488 372
boat 0.0415 0 132 17 151
boat 0.0279 200 126 349 245
boat 0.0279 0 118 10 148
boat 0.0278 3 353 54 369
bottle 0.0298 182 312 194 340
bus 0.0328 5 352 67 370
bus 0.0281 200 126 349 245
bus 0.0235 1 353 40 369
car 0.0537 90 0 537 184
car 0.0463 0 131 11 152
car 0.0324 3 353 54 369
car 0.0224 183 314 194 343
car 0.0224 11 368 86 372
car 0.0217 83 368 139 371
car 0.0212 10 358 86 370
car 0.0205 41 368 118 372
chair 0.0270 475 296 496 373
chair 0.0258 492 265 495 376
chair 0.0251 4 353 60 369
chair 0.0210 2 367 48 372
chair 0.0204 48 368 119 371
chair 0.0204 17 368 87 371
chair 0.0202 81 359 132 370
chair 0.0201 76 368 122 372
cow 0.0348 202 122 354 238
person 0.0731 183 314 194 343
person 0.0538 300 161 313 180
person 0.0508 306 163 322 190
person 0.0384 293 163 319 202
person 0.0364 117 327 136 355
person 0.0287 492 116 495 302
person 0.0249 221 125 344 205
person 0.0232 492 136 494 264
person 0.0226 262 146 319 184
person 0.0219 492 254 495 375
pottedplant 0.0501 183 314 194 343
pottedplant 0.0400 147 307 183 351
pottedplant 0.0279 120 324 133 346
pottedplant 0.0252 476 222 496 371
pottedplant 0.0252 122 325 146 356
pottedplant 0.0248 117 327 136 355
pottedplant 0.0247 125 321 143 348
pottedplant 0.0216 459 193 497 371
train 0.8223 200 126 349 245
tvmonitor 0.0235 4 353 60 369
tvmonitor 0.0216 483 271 496 375
