bottle 0.1192 25 267 86 374
bottle 0.1189 1 282 32 376
bottle 0.0727 1 14 111 358
bottle 0.0677 0 328 26 372
bottle 0.0587 1 150 32 197
bottle 0.0499 18 88 86 230
bottle 0.0344 0 185 33 391
bottle 0.0339 32 65 95 200
car 0.0549 0 334 27 371
car 0.0421 4 -1 491 373
chair 0.0464 4 -1 491 373
diningtable 0.0538 17 353 478 376
diningtable 0.0406 39 329 518 376
person 0.5473 17 42 306 370
person 0.5265 279 41 497 370
person 0.2032 -1 140 35 318
person 0.1836 2 147 31 194
person 0.0851 1 14 111 358
person 0.0661 107 0 489 371
person 0.0441 11 68 94 279
person 0.0413 0 338 27 372
person 0.0346 0 54 33 241
person 0.0337 1 2 64 234
pottedplant 0.0370 0 338 27 372
sofa 0.0551 4 -1 491 373
sofa 0.0390 34 164 524 370
train 0.0364 4 -1 491 373
