bicycle 0.0363 362 225 492 328
bottle 0.1765 361 234 493 329
bottle 0.0401 184 96 208 134
bottle 0.0361 2 187 25 236
bottle 0.0245 453 2 495 328
bus 0.0375 453 2 495 328
bus 0.0315 399 0 502 331
bus 0.0285 4 189 29 239
car 0.0504 361 234 493 329
car 0.0299 4 189 29 239
car 0.0227 189 149 212 216
chair 0.0540 4 191 29 242
chair 0.0480 194 160 215 220
chair 0.0364 366 237 494 331
chair 0.0346 216 155 231 215
chair 0.0257 491 199 496 328
chair 0.0246 483 159 496 337
chair 0.0243 476 204 495 334
chair 0.0242 461 241 495 327
cow 0.2523 217 184 348 328
diningtable 0.0469 366 237 494 331
dog 0.4021 218 187 347 329
horse 0.1539 217 184 348 328
motorbike 0.0395 362 225 492 328
person 0.3678 189 149 212 216
person 0.2590 206 151 226 215
person 0.0613 190 153 203 182
person 0.0409 184 96 208 134
person 0.0313 483 159 496 337
person 0.0288 4 189 29 239
person 0.0283 491 160 496 320
person 0.0280 453 2 495 328
person 0.0275 487 27 499 302
person 0.0253 468 161 496 335
person 0.0241 490 78 497 309
pottedplant 0.0366 361 234 493 329
pottedplant 0.0334 184 96 208 134
pottedplant 0.0231 2 -101 250 181
sheep 0.0626 214 184 345 327
sofa 0.0242 4 189 29 239
train 0.0371 436 0 496 330
train 0.0341 292 0 507 330
train 0.0266 4 191 29 242
train 0.0245 464 3 498 327
tvmonitor 0.0823 4 189 29 239
tvmonitor 0.0391 453 2 495 328
tvmonitor 0.0310 363 237 492 331
tvmonitor 0.0259 399 0 502 331
