bicycle 0.1043 42 321 300 478
bicycle 0.0267 144 397 265 457
bicycle 0.0249 121 375 289 464
bird 0.0762 300 5 324 37
boat 0.0285 300 5 324 37
bottle 0.0270 204 410 242 459
bottle 0.0256 176 149 186 182
bottle 0.0252 300 5 324 37
cat 0.0435 300 2 324 33
chair 0.0395 52 126 279 492
cow 0.1376 303 5 326 36
dog 0.1267 300 5 324 37
horse 0.0910 303 5 326 36
person 0.7966 54 103 262 485
person 0.1072 300 5 324 37
person 0.0426 176 153 187 192
person 0.0226 327 5 333 29
pottedplant 0.0249 200 406 241 455
sheep 0.0918 300 5 324 37
sofa 0.0519 53 116 278 494
