bottle 0.2073 110 117 151 192
bottle 0.1861 104 111 148 249
bottle 0.1783 146 186 168 252
bottle 0.1026 119 117 142 154
bottle 0.0892 69 95 136 270
bottle 0.0781 455 44 500 332
bottle 0.0683 150 147 189 198
bottle 0.0678 95 170 141 258
bottle 0.0671 39 17 159 313
bottle 0.0628 157 174 205 249
bottle 0.0519 143 140 188 246
bottle 0.0510 114 160 146 252
bottle 0.0418 137 8 171 66
chair 0.0467 191 59 421 327
chair 0.0449 152 149 194 212
chair 0.0441 3 0 101 330
person 0.2692 451 34 498 332
person 0.2686 213 21 446 329
person 0.2331 84 169 137 259
person 0.2112 2 0 125 331
person 0.1769 252 59 313 192
person 0.1731 186 98 293 226
person 0.0950 192 89 342 267
person 0.0708 58 100 140 291
person 0.0676 359 24 471 321
person 0.0606 91 108 146 267
person 0.0594 404 17 497 328
person 0.0419 492 21 494 157
sofa 0.0535 191 58 428 328
