bicycle 0.0296 21 187 51 271
bird 0.0368 426 23 460 90
bird 0.0347 18 184 49 264
bottle 0.4378 341 48 365 94
bottle 0.1089 21 187 51 271
bottle 0.0728 380 20 419 87
bottle 0.0696 380 55 404 93
bottle 0.0493 156 199 183 266
bottle 0.0470 426 25 460 93
bottle 0.0348 202 56 309 315
bottle 0.0288 151 39 344 332
bottle 0.0266 199 130 218 164
cat 0.0553 341 51 365 95
cat 0.0528 18 185 48 268
cat 0.0526 348 220 498 373
chair 0.5524 233 269 348 371
chair 0.4842 40 235 205 370
chair 0.4275 342 219 497 374
chair 0.0695 240 350 340 372
chair 0.0481 372 304 489 372
chair 0.0405 18 188 48 270
chair 0.0378 233 271 457 375
chair 0.0326 273 315 479 372
chair 0.0316 134 237 157 287
chair 0.0310 294 342 380 368
chair 0.0295 435 223 489 317
chair 0.0288 152 231 187 292
chair 0.0256 279 363 380 371
chair 0.0245 463 213 493 328
chair 0.0233 96 217 172 324
chair 0.0230 492 205 495 342
chair 0.0230 30 58 145 242
chair 0.0229 251 338 392 373
diningtable 0.0473 233 269 348 371
diningtable 0.0431 342 219 497 374
diningtable 0.0372 232 356 341 372
diningtable 0.0308 341 51 365 95
diningtable 0.0270 38 225 207 369
dog 0.0518 18 185 48 268
dog 0.0272 341 48 365 94
person 0.0535 20 185 52 268
person 0.0412 426 23 460 90
person 0.0402 343 48 368 94
person 0.0364 340 219 492 374
person 0.0330 380 21 419 92
pottedplant 0.5283 426 23 460 90
pottedplant 0.0862 377 24 415 95
pottedplant 0.0788 400 25 439 94
pottedplant 0.0570 341 51 365 95
pottedplant 0.0440 20 185 52 268
pottedplant 0.0421 156 214 183 280
sheep 0.0270 341 48 365 94
sheep 0.0242 18 188 48 270
sofa 0.3170 342 215 497 373
sofa 0.1872 35 230 203 370
sofa 0.0706 235 269 353 372
sofa 0.0360 0 215 145 367
sofa 0.0248 358 297 496 373
train 0.0245 48 67 447 351
train 0.0232 151 39 344 332
tvmonitor 0.0397 377 16 415 74
tvmonitor 0.0376 337 84 470 234
tvmonitor 0.0346 362 303 492 373
tvmonitor 0.0326 426 23 460 90
tvmonitor 0.0319 341 48 365 94
