bicycle 0.1882 385 143 492 208
bicycle 0.0721 343 120 487 230
bicycle 0.0386 449 149 491 207
bird 0.0344 195 112 260 168
bottle 0.1445 225 179 301 237
bottle 0.0399 306 273 360 321
bottle 0.0331 357 308 395 321
bottle 0.0275 253 57 375 202
bottle 0.0273 405 54 481 165
cat 0.2808 195 112 260 168
cat 0.0537 252 56 375 194
chair 0.1844 43 167 217 321
chair 0.0633 195 113 261 171
chair 0.0577 55 180 347 317
chair 0.0362 120 130 367 281
chair 0.0348 373 189 489 318
chair 0.0287 167 104 241 185
chair 0.0287 3 292 78 321
cow 0.0319 195 113 261 171
diningtable 0.0301 117 133 370 288
diningtable 0.0278 252 56 375 194
dog 0.0869 195 112 260 168
dog 0.0303 225 179 301 237
motorbike 0.0464 378 144 492 212
person 0.6498 79 84 338 322
person 0.0813 223 179 296 237
person 0.0597 195 113 261 171
person 0.0331 253 56 374 207
sheep 0.0287 191 110 258 169
sofa 0.0542 78 91 346 325
sofa 0.0450 195 113 261 171
sofa 0.0366 253 56 374 199
tvmonitor 0.8137 253 56 374 199
tvmonitor 0.1049 364 75 420 164
tvmonitor 0.0741 408 52 485 172
tvmonitor 0.0612 195 113 261 171
tvmonitor 0.0341 382 66 456 163
