bird 0.0558 171 157 253 319
bird 0.0462 246 149 372 322
bird 0.0287 172 156 214 197
bird 0.0201 -2 0 498 231
boat 0.0222 246 149 372 322
bottle 0.0406 206 -137 508 228
bottle 0.0225 171 157 253 319
cat 0.1110 171 157 253 319
cat 0.0707 245 153 368 323
cat 0.0325 172 156 214 192
cow 0.0478 171 157 253 319
cow 0.0448 245 153 368 323
dog 0.0623 170 154 254 317
dog 0.0502 245 149 368 322
dog 0.0262 172 156 214 197
sheep 0.7492 245 149 368 322
sheep 0.6781 171 157 253 319
sheep 0.0839 174 156 219 197
sheep 0.0710 251 151 291 191
sheep 0.0464 174 162 220 227
sheep 0.0348 -1 3 497 239
