bird 0.0274 20 411 88 450
chair 0.0541 171 272 319 496
chair 0.0504 0 353 22 400
chair 0.0309 76 323 328 491
chair 0.0290 22 407 92 447
chair 0.0269 0 347 21 499
chair 0.0238 98 425 351 491
chair 0.0231 162 380 333 498
diningtable 0.0329 83 472 362 500
diningtable 0.0280 77 453 368 495
diningtable 0.0265 51 288 323 495
person 0.6799 171 272 319 496
person 0.0341 310 220 323 439
person 0.0335 320 226 323 418
person 0.0309 305 198 322 368
person 0.0233 320 268 323 453
pottedplant 0.0413 23 406 95 448
pottedplant 0.0380 0 148 42 379
pottedplant 0.0377 303 122 324 303
pottedplant 0.0246 -1 0 105 66
pottedplant 0.0245 -1 76 13 122
pottedplant 0.0239 5 -5 318 79
pottedplant 0.0236 0 89 8 148
sofa 0.0413 171 272 319 496
sofa 0.0322 0 353 22 400
sofa 0.0312 76 323 328 491
train 0.0524 55 278 268 350
train 0.0400 13 139 310 411
train 0.0288 118 300 220 336
train 0.0237 35 239 242 396
