bicycle 0.0315 415 205 440 241
bird 0.0331 137 95 232 364
bottle 0.2020 418 199 444 241
bottle 0.0904 461 205 479 242
bottle 0.0748 469 207 487 245
bottle 0.0589 374 182 394 229
bottle 0.0477 453 187 471 225
bottle 0.0316 6 185 129 362
bottle 0.0258 133 47 167 101
bottle 0.0258 0 1 104 111
bottle 0.0236 137 46 155 79
bottle 0.0228 381 193 434 236
bus 0.0572 7 191 128 367
bus 0.0509 0 1 104 111
car 0.0254 5 187 124 365
car 0.0228 180 57 409 372
car 0.0228 489 212 497 246
cat 0.0289 1 1 109 112
chair 0.0336 478 211 493 247
chair 0.0327 468 212 488 246
chair 0.0312 418 199 444 241
chair 0.0299 452 186 472 220
chair 0.0290 460 209 480 243
chair 0.0277 7 191 128 367
chair 0.0266 489 212 497 246
chair 0.0221 415 194 432 224
diningtable 0.0356 421 205 448 241
diningtable 0.0272 390 207 433 240
dog 0.0331 137 95 232 364
horse 0.0278 137 95 232 364
motorbike 0.0258 418 199 444 241
person 0.7384 137 98 226 372
person 0.7197 283 77 376 370
person 0.5932 220 81 306 372
person 0.1133 132 49 175 110
person 0.1117 473 207 490 246
person 0.1011 464 208 483 245
person 0.0658 418 199 444 241
person 0.0354 0 -1 104 104
person 0.0312 5 187 124 365
person 0.0290 274 91 299 146
person 0.0281 377 184 399 239
person 0.0277 371 181 391 231
person 0.0265 247 85 286 139
person 0.0253 340 144 405 285
person 0.0252 437 193 456 231
person 0.0233 368 179 393 262
person 0.0225 260 56 429 338
pottedplant 0.1280 374 180 393 220
pottedplant 0.0848 441 98 483 214
pottedplant 0.0430 418 199 444 241
pottedplant 0.0365 452 183 472 217
pottedplant 0.0328 478 211 493 247
pottedplant 0.0315 461 205 479 242
pottedplant 0.0309 420 192 434 220
pottedplant 0.0303 447 143 477 234
pottedplant 0.0247 489 212 497 246
pottedplant 0.0224 408 192 423 220
sofa 0.0335 1 1 109 112
sofa 0.0324 5 187 124 365
train 0.0285 7 191 128 367
tvmonitor 0.7304 0 1 104 111
tvmonitor 0.4706 5 187 124 365
tvmonitor 0.0415 452 183 472 217
tvmonitor 0.0300 6 6 20 89
tvmonitor 0.0231 9 285 126 372
tvmonitor 0.0222 -2 1 138 370
