aeroplane 0.0768 -1 151 497 366
boat 0.0915 -1 151 497 366
car 0.0964 -1 151 497 366
chair 0.1185 1 203 494 366
chair 0.0626 -2 142 67 228
chair 0.0506 379 91 483 234
diningtable 0.0793 0 168 496 367
person 0.4986 118 144 181 221
person 0.3823 381 96 488 246
person 0.3236 180 154 268 228
person 0.1826 335 102 386 227
person 0.1300 140 148 355 264
person 0.0904 -1 151 497 366
person 0.0888 88 139 407 296
person 0.0859 261 116 328 225
person 0.0845 373 102 426 228
person 0.0811 294 115 341 227
person 0.0669 217 187 380 295
person 0.0520 -1 148 60 234
person 0.0485 0 136 74 328
sofa 0.3402 1 203 494 366
sofa 0.0591 142 99 501 360
sofa 0.0533 -2 142 67 228
sofa 0.0454 379 91 483 234
train 0.0515 14 123 481 342
