bird 0.1205 42 189 101 304
cow 0.1388 39 189 96 293
cow 0.0930 453 162 495 320
cow 0.0779 403 154 498 328
cow 0.0750 78 135 151 306
cow 0.0742 17 189 79 281
cow 0.0704 115 119 208 322
cow 0.0615 387 161 436 257
cow 0.0589 473 153 498 300
cow 0.0533 491 155 496 309
cow 0.0500 0 192 50 273
dog 0.1189 43 188 100 299
dog 0.0577 90 142 162 310
dog 0.0536 54 188 135 312
horse 0.7687 165 110 399 371
horse 0.2698 108 143 215 328
horse 0.2004 395 151 498 325
horse 0.1655 391 160 440 258
horse 0.1501 452 162 496 326
horse 0.1272 392 132 470 274
horse 0.1122 43 188 100 294
horse 0.0864 78 135 151 306
horse 0.0688 141 107 205 241
horse 0.0523 169 127 209 226
person 0.6494 236 28 336 266
person 0.5579 407 80 471 261
person 0.2242 132 107 198 247
person 0.0789 180 128 213 201
person 0.0780 146 108 201 198
person 0.0672 110 111 189 318
person 0.0657 419 89 466 188
person 0.0609 387 161 436 257
person 0.0606 42 189 101 304
person 0.0492 199 143 225 187
sheep 0.1262 43 188 100 299
sheep 0.0743 4 167 77 239
sheep 0.0740 0 176 35 218
sheep 0.0652 0 192 50 273
sheep 0.0603 19 192 77 284
sheep 0.0520 54 188 135 312
sheep 0.0519 87 149 158 310
