bicycle 0.0800 265 91 483 349
bicycle 0.0398 19 155 97 489
bicycle 0.0339 356 97 475 304
bottle 0.1173 177 212 247 321
bottle 0.0895 366 253 405 304
bottle 0.0574 432 224 474 279
bottle 0.0570 138 201 241 309
car 0.0317 432 224 474 279
chair 0.2208 24 154 99 489
chair 0.1901 35 176 223 491
chair 0.0787 261 398 374 495
chair 0.0696 10 190 399 492
chair 0.0533 258 130 467 459
chair 0.0458 117 89 360 350
chair 0.0378 346 168 477 484
chair 0.0378 369 107 476 310
diningtable 0.0583 19 168 96 491
diningtable 0.0548 82 199 471 490
diningtable 0.0360 31 116 348 473
diningtable 0.0316 148 203 247 323
person 0.7324 122 68 362 317
person 0.0585 433 223 474 272
pottedplant 0.0703 444 147 477 215
pottedplant 0.0495 369 90 476 209
pottedplant 0.0346 378 97 430 140
pottedplant 0.0330 376 106 477 295
pottedplant 0.0328 444 216 476 263
sofa 0.0479 89 170 471 489
sofa 0.0321 120 85 364 347
