bird 0.0602 387 272 445 426
bird 0.0548 16 339 134 444
bird 0.0502 395 276 436 313
bird 0.0356 102 336 125 370
bird 0.0356 194 249 219 316
bird 0.0280 137 302 229 419
bird 0.0270 333 234 358 354
bird 0.0208 194 292 226 374
boat 0.0277 330 239 355 356
cat 0.0411 387 272 445 426
cat 0.0395 18 334 133 443
cat 0.0374 395 276 436 313
cat 0.0226 94 336 118 370
chair 0.0242 333 234 358 354
chair 0.0233 54 265 96 362
cow 0.1867 140 300 234 421
cow 0.1585 18 338 138 445
cow 0.0517 387 272 445 426
cow 0.0440 392 276 433 312
cow 0.0422 97 336 122 377
cow 0.0304 194 292 226 374
cow 0.0200 98 337 129 415
dog 0.0844 18 334 133 443
dog 0.0655 387 272 445 426
dog 0.0614 140 300 234 421
dog 0.0421 395 276 436 313
dog 0.0339 98 336 122 370
dog 0.0244 194 290 226 369
dog 0.0224 178 289 228 402
horse 0.0374 18 334 133 443
horse 0.0364 137 302 229 419
horse 0.0221 395 276 436 313
sheep 0.7743 387 272 445 426
sheep 0.5180 18 338 138 445
sheep 0.4122 137 302 229 419
sheep 0.1832 395 276 436 313
sheep 0.1305 98 336 122 370
sheep 0.0755 194 290 226 369
sheep 0.0610 333 234 358 354
sheep 0.0591 191 249 215 316
sheep 0.0444 98 340 130 420
sheep 0.0355 79 344 125 424
sheep 0.0352 194 250 226 347
sheep 0.0263 124 259 150 337
sheep 0.0215 392 223 424 295
