aeroplane 0.0446 212 1 244 8
bicycle 0.0379 275 118 297 142
bird 0.0350 207 1 241 8
bottle 0.0591 170 60 208 138
bottle 0.0378 0 203 11 259
bottle 0.0360 413 189 480 264
car 0.0730 207 134 241 152
car 0.0298 210 1 238 5
car 0.0293 381 232 497 279
car 0.0279 212 79 243 120
cat 0.0536 381 232 497 279
chair 0.5157 327 164 442 276
chair 0.2813 381 232 497 279
chair 0.0937 207 134 241 152
chair 0.0782 0 205 18 270
chair 0.0558 277 121 296 143
chair 0.0519 351 253 479 279
chair 0.0485 124 159 324 242
chair 0.0402 310 123 357 185
chair 0.0370 437 211 486 269
chair 0.0363 180 223 229 278
chair 0.0362 374 267 496 278
chair 0.0356 -1 232 19 278
chair 0.0350 430 231 493 275
chair 0.0287 493 181 494 264
chair 0.0284 492 195 495 267
diningtable 0.0653 381 232 497 279
diningtable 0.0352 -4 204 164 280
diningtable 0.0318 0 205 18 270
diningtable 0.0294 328 166 448 278
dog 0.0320 382 227 496 279
person 0.0655 179 128 199 150
person 0.0637 381 223 496 279
person 0.0371 492 130 495 267
person 0.0370 450 119 497 277
person 0.0332 412 185 481 264
person 0.0320 125 160 316 244
person 0.0309 363 173 499 276
person 0.0292 492 179 494 261
person 0.0279 170 60 208 138
pottedplant 0.0579 277 121 296 143
pottedplant 0.0439 381 232 497 279
pottedplant 0.0410 0 205 18 270
pottedplant 0.0352 207 134 241 152
sofa 0.8008 124 159 324 242
sofa 0.1187 381 232 497 279
sofa 0.0942 327 164 442 276
sofa 0.0285 304 222 495 280
tvmonitor 0.0415 381 232 497 279
tvmonitor 0.0345 0 205 18 270
tvmonitor 0.0342 1 201 10 253
