aeroplane 0.0256 468 160 496 216
bicycle 0.0408 12 148 61 186
boat 0.0261 468 146 495 214
bottle 0.0229 477 137 494 197
bottle 0.0227 96 112 125 144
bus 0.0512 468 146 495 214
bus 0.0388 477 137 494 197
bus 0.0292 487 162 498 214
bus 0.0227 446 129 494 205
car 0.8587 68 64 386 296
car 0.2321 468 164 496 217
car 0.0332 432 125 492 214
car 0.0328 4 102 92 180
car 0.0254 1 304 40 327
car 0.0242 263 4 490 211
chair 0.0436 469 142 495 209
chair 0.0410 3 104 77 188
chair 0.0318 8 143 58 187
chair 0.0315 430 105 494 209
chair 0.0303 469 178 495 218
chair 0.0297 423 141 470 214
chair 0.0295 283 1 391 53
chair 0.0284 0 304 35 327
chair 0.0263 467 90 496 213
chair 0.0231 488 172 498 214
motorbike 0.0235 468 155 495 216
person 0.2496 96 114 125 147
person 0.0916 283 1 391 53
person 0.0625 477 137 494 197
person 0.0394 474 160 496 216
person 0.0314 491 95 495 208
person 0.0313 474 92 497 211
person 0.0287 489 176 497 216
person 0.0246 490 40 497 211
pottedplant 0.0265 275 1 383 52
pottedplant 0.0225 4 107 69 191
train 0.0233 468 150 495 216
tvmonitor 0.0397 279 1 395 62
tvmonitor 0.0391 477 137 494 197
tvmonitor 0.0308 400 9 494 97
tvmonitor 0.0286 4 100 77 172
tvmonitor 0.0284 295 -1 497 81
