boat 0.1056 91 1 185 24
bottle 0.2078 426 155 444 192
bottle 0.1763 160 274 178 320
bottle 0.1405 143 245 195 331
bottle 0.0944 450 137 489 204
bottle 0.0919 453 129 487 178
bottle 0.0741 77 86 130 185
car 0.1307 94 2 190 28
chair 0.1352 7 146 73 201
chair 0.0930 66 180 242 377
chair 0.0829 6 137 83 275
chair 0.0769 256 69 426 266
chair 0.0733 167 123 352 295
chair 0.0627 178 150 380 373
diningtable 0.0663 101 223 214 352
person 0.6475 65 169 250 377
person 0.5971 180 141 369 364
person 0.4978 260 62 430 262
person 0.3693 261 23 304 67
person 0.2829 368 38 439 98
person 0.2493 159 67 265 192
person 0.1982 327 39 448 150
person 0.1468 308 41 374 142
person 0.1449 311 45 364 98
person 0.1086 164 274 182 320
person 0.0826 270 74 350 168
person 0.0746 139 66 394 258
person 0.0709 -1 275 90 371
sofa 0.2989 136 70 406 271
sofa 0.1313 10 186 485 373
sofa 0.0922 167 153 375 375
sofa 0.0911 254 76 451 271
sofa 0.0792 60 172 302 374
sofa 0.0709 -1 275 74 371
