bottle 0.4837 228 139 250 185
bottle 0.4652 268 214 298 281
bottle 0.4602 58 191 93 297
bottle 0.4193 133 38 174 92
bottle 0.3179 390 84 425 151
bottle 0.3001 216 291 247 367
bottle 0.1696 265 233 292 295
bottle 0.1601 456 105 499 354
bottle 0.1160 232 113 333 334
bottle 0.0942 202 144 238 186
bottle 0.0927 355 84 397 140
bottle 0.0760 0 182 81 370
bottle 0.0518 156 99 362 348
bottle 0.0488 1 137 33 228
chair 0.0517 -9 87 318 371
diningtable 0.0837 17 146 479 366
diningtable 0.0522 203 123 354 329
motorbike 0.0481 58 191 93 297
person 0.5461 111 84 290 369
person 0.4917 246 65 452 370
person 0.2664 210 67 269 192
person 0.2493 260 69 314 179
person 0.1585 -10 85 225 367
person 0.1558 49 156 108 309
person 0.1463 234 64 354 307
person 0.1364 58 180 94 297
person 0.1355 451 160 497 369
person 0.1344 25 113 134 335
person 0.1239 0 116 80 366
person 0.1138 133 38 174 92
person 0.0946 228 139 250 185
person 0.0844 68 68 427 368
person 0.0842 139 84 207 176
person 0.0776 464 2 499 369
person 0.0708 224 113 255 188
person 0.0535 390 83 424 148
person 0.0520 1 137 26 234
person 0.0510 216 291 247 367
person 0.0482 4 91 53 186
sofa 0.0664 -9 87 318 371
