bird 0.5490 181 132 266 210
bird 0.4278 1 204 119 331
bird 0.1528 78 25 424 327
bird 0.1254 126 65 360 276
bird 0.0619 59 250 115 332
bird 0.0426 0 135 49 337
bird 0.0417 252 212 406 334
bottle 0.0677 445 323 488 332
bottle 0.0505 0 157 11 221
bottle 0.0429 467 323 496 332
bottle 0.0400 421 324 480 332
car 0.0401 -1 151 6 217
cat 0.0408 9 255 431 332
cow 0.0453 16 256 440 331
dog 0.2033 17 256 431 332
dog 0.0754 60 261 255 332
horse 0.0583 17 256 431 332
horse 0.0373 -2 133 108 345
person 0.5193 106 17 444 329
person 0.2337 -1 125 114 332
person 0.1116 0 156 11 217
person 0.0989 85 195 112 230
person 0.0885 0 131 33 326
person 0.0882 1 126 18 315
person 0.0794 16 256 440 331
person 0.0584 126 69 361 278
person 0.0521 178 133 262 213
person 0.0486 63 265 267 332
person 0.0383 174 117 297 230
pottedplant 0.0455 264 212 410 333
sofa 0.0652 5 248 435 329
