aeroplane 0.1114 -1 0 497 329
bicycle 0.0389 -1 0 497 329
boat 0.1634 -1 0 497 329
bottle 0.0831 -1 0 497 329
bottle 0.0401 476 14 495 315
bus 0.1163 -1 0 497 329
bus 0.0402 440 3 492 326
bus 0.0367 467 12 496 317
car 0.0988 -1 0 497 329
cat 0.0529 -1 0 497 329
cat 0.0410 222 232 468 330
chair 0.0901 275 227 494 330
chair 0.0754 -1 0 497 329
diningtable 0.0774 -1 0 497 329
motorbike 0.0355 -1 0 497 329
person 0.1941 268 106 500 331
person 0.0647 -1 0 497 329
person 0.0483 462 11 494 318
pottedplant 0.0924 -1 0 497 329
sofa 0.0747 -1 0 497 329
sofa 0.0445 275 227 494 330
train 0.1407 -1 0 497 329
tvmonitor 0.3562 53 244 153 328
tvmonitor 0.2475 -1 0 497 329
tvmonitor 0.0860 467 12 496 317
tvmonitor 0.0717 316 93 499 324
tvmonitor 0.0443 433 55 491 320
tvmonitor 0.0436 60 237 264 325
