aeroplane 0.0268 0 0 496 330
bicycle 0.8132 30 201 191 300
bicycle 0.0533 46 198 105 282
bicycle 0.0302 37 215 83 286
boat 0.0574 0 0 496 330
bottle 0.0824 33 202 195 299
bottle 0.0409 0 0 496 330
bus 0.0443 0 0 496 330
car 0.0372 0 0 496 330
chair 0.0391 0 0 496 330
chair 0.0208 29 194 192 292
chair 0.0204 45 196 98 268
diningtable 0.0497 0 0 496 330
motorbike 0.0286 32 196 196 295
person 0.0324 0 0 496 330
person 0.0286 47 196 103 264
person 0.0202 451 5 496 324
pottedplant 0.0459 48 196 103 232
pottedplant 0.0281 0 0 496 330
pottedplant 0.0208 34 199 194 297
sofa 0.0397 0 0 496 330
train 0.0514 0 0 496 330
tvmonitor 0.1045 0 0 496 330
