bicycle 0.0376 467 0 495 53
bicycle 0.0319 427 2 474 62
boat 0.0396 220 73 493 322
bottle 0.1554 104 37 133 79
bottle 0.0732 87 52 119 126
bottle 0.0615 75 28 130 129
bottle 0.0404 8 9 135 148
bottle 0.0357 -2 0 131 329
bottle 0.0349 364 0 419 69
car 0.0334 368 0 422 69
chair 0.1668 426 2 474 66
chair 0.1330 461 0 494 53
chair 0.0422 369 0 422 73
chair 0.0382 11 0 171 329
chair 0.0320 442 2 474 26
diningtable 0.0341 462 1 493 56
diningtable 0.0330 426 2 474 66
dog 0.0325 110 0 236 59
motorbike 0.0322 394 3 444 55
person 0.6282 -2 0 131 329
person 0.4248 103 0 235 64
person 0.3788 364 0 419 69
person 0.3336 308 0 367 54
person 0.1283 96 0 235 122
person 0.1032 427 1 474 58
person 0.0715 270 2 310 51
person 0.0688 461 0 494 53
person 0.0601 402 2 445 51
person 0.0598 435 1 466 26
person 0.0536 104 37 133 79
person 0.0490 275 0 337 54
person 0.0449 460 0 487 27
person 0.0433 488 4 498 49
person 0.0418 40 19 150 241
person 0.0334 91 23 138 119
person 0.0319 34 22 125 161
person 0.0317 158 1 282 63
pottedplant 0.0361 394 3 444 55
pottedplant 0.0343 419 2 451 36
sheep 0.8410 86 51 244 251
sheep 0.7048 214 71 492 320
sheep 0.0544 483 44 496 175
sheep 0.0478 466 44 497 175
sheep 0.0388 436 46 496 184
sheep 0.0358 370 31 492 292
sheep 0.0323 452 34 495 258
sofa 0.0411 427 2 474 62
sofa 0.0349 461 0 494 53
