bird 0.0734 450 2 498 106
bottle 0.0610 210 0 293 36
cat 0.1258 449 5 499 114
cat 0.1249 328 271 494 369
cat 0.0643 290 249 454 345
chair 0.0996 399 196 494 351
chair 0.0989 243 5 409 366
chair 0.0786 303 193 496 365
chair 0.0718 12 169 312 319
chair 0.0659 15 0 480 372
chair 0.0636 1 0 49 97
dog 0.0884 320 267 496 368
dog 0.0867 449 13 499 123
dog 0.0613 22 220 137 286
dog 0.0580 0 198 495 372
person 0.2822 11 162 320 314
person 0.2082 248 7 411 364
person 0.1086 105 0 460 372
person 0.0997 449 5 499 114
person 0.0697 96 223 179 270
sofa 0.2238 10 169 321 319
sofa 0.0787 15 0 480 372
sofa 0.0724 0 222 371 371
sofa 0.0651 199 -1 421 373
tvmonitor 0.0640 211 0 291 31
