aeroplane 0.0344 94 286 119 342
bicycle 0.2971 141 221 365 468
bicycle 0.1084 198 316 373 483
bicycle 0.0884 151 189 366 360
bicycle 0.0317 170 -2 376 365
bird 0.4810 94 286 119 342
cat 0.0390 94 288 118 346
chair 0.0450 171 0 376 370
chair 0.0362 162 185 373 349
diningtable 0.0744 0 317 372 497
motorbike 0.0469 152 196 360 369
motorbike 0.0450 185 300 373 484
person 0.7675 157 206 266 367
person 0.1074 145 -2 372 364
person 0.0372 142 198 358 367
person 0.0361 94 286 119 342
pottedplant 0.1376 188 -3 376 350
pottedplant 0.1156 211 177 376 333
pottedplant 0.0631 186 150 197 196
pottedplant 0.0545 -3 3 175 171
pottedplant 0.0505 94 288 118 346
pottedplant 0.0346 5 11 172 327
pottedplant 0.0332 205 328 371 486
sheep 0.0339 94 288 118 346
