aeroplane 0.0431 37 1 395 370
bicycle 0.4723 31 0 378 371
bicycle 0.1791 297 19 393 252
bicycle 0.0756 360 84 385 164
bird 0.0477 34 1 390 370
boat 0.0372 37 1 395 370
boat 0.0365 364 12 490 107
boat 0.0278 490 88 495 136
bottle 0.0911 32 1 384 370
bottle 0.0390 286 4 381 98
bottle 0.0316 423 75 455 149
bottle 0.0298 485 90 494 140
car 0.0353 490 88 495 136
car 0.0317 291 6 383 107
chair 0.0634 425 78 459 153
chair 0.0492 34 1 390 370
chair 0.0426 484 87 495 138
chair 0.0391 455 85 485 139
chair 0.0327 461 46 494 143
chair 0.0319 447 61 486 146
chair 0.0299 491 56 495 140
chair 0.0282 291 6 384 118
chair 0.0281 298 22 392 255
dog 0.0347 34 1 390 370
horse 0.1231 34 1 390 370
motorbike 0.2731 31 0 378 371
person 0.0596 34 1 390 370
person 0.0455 423 75 455 149
person 0.0310 490 88 495 136
pottedplant 0.1232 0 67 113 316
pottedplant 0.0625 34 1 390 370
pottedplant 0.0422 0 68 97 209
pottedplant 0.0303 2 72 47 305
train 0.0594 34 1 390 370
tvmonitor 0.1615 291 6 383 107
tvmonitor 0.0499 478 81 494 137
tvmonitor 0.0362 423 78 455 152
tvmonitor 0.0315 450 84 483 140
tvmonitor 0.0298 459 35 496 137
