bird 0.5134 27 197 77 280
bird 0.2589 55 278 112 327
bird 0.2257 464 136 493 233
bird 0.0749 92 33 239 124
bird 0.0615 8 12 119 93
bird 0.0602 28 187 60 213
bird 0.0584 339 120 390 181
cat 0.1959 97 35 241 127
cat 0.1810 55 278 112 327
cat 0.1199 27 197 77 280
cat 0.0890 464 136 493 233
cat 0.0712 339 118 390 178
cat 0.0636 0 68 129 228
cat 0.0591 9 14 118 96
chair 0.0545 95 31 243 121
cow 0.2714 111 80 275 299
cow 0.1933 247 120 389 300
cow 0.1235 -1 68 129 233
cow 0.0968 464 136 493 233
cow 0.0874 35 147 101 222
cow 0.0706 8 12 119 93
cow 0.0522 -1 52 21 244
dog 0.2366 55 278 112 327
dog 0.1241 250 117 393 298
dog 0.1229 464 136 493 233
dog 0.1175 113 73 279 295
dog 0.1059 91 35 232 126
dog 0.0954 -1 68 129 233
dog 0.0729 8 12 119 93
dog 0.0727 98 34 248 210
dog 0.0608 339 120 390 181
dog 0.0578 -1 43 35 130
dog 0.0550 27 197 77 280
horse 0.1351 112 84 274 305
horse 0.0819 464 136 493 233
horse 0.0649 247 120 389 300
person 0.1024 55 278 112 327
sheep 0.5227 -1 68 129 233
sheep 0.4685 464 136 493 233
sheep 0.4660 250 117 393 298
sheep 0.1995 9 14 118 96
sheep 0.1250 -1 48 35 134
sheep 0.1219 55 278 112 327
sheep 0.1157 339 120 390 181
sheep 0.1146 40 157 95 216
sheep 0.1131 92 33 239 124
sheep 0.0886 -1 31 114 151
sheep 0.0759 -1 54 35 221
sheep 0.0699 27 197 77 280
sheep 0.0684 114 80 279 299
sheep 0.0573 -1 0 19 34
sheep 0.0533 30 182 58 207
