bottle 0.4695 260 248 288 357
bottle 0.4354 292 320 319 368
bottle 0.2830 265 313 299 368
bottle 0.1058 312 335 377 369
bottle 0.1022 66 169 85 202
bottle 0.0530 97 302 405 374
bottle 0.0512 296 346 308 369
bottle 0.0425 129 313 311 368
bottle 0.0419 355 144 390 168
chair 0.6409 88 190 149 285
chair 0.3097 -1 201 42 357
chair 0.2698 134 265 228 328
chair 0.2522 23 184 88 292
chair 0.2074 386 274 492 372
chair 0.1058 -3 161 38 304
chair 0.0964 279 219 349 257
chair 0.0876 106 158 155 195
chair 0.0653 106 156 170 220
chair 0.0643 97 170 154 248
chair 0.0555 271 223 372 318
chair 0.0550 475 290 496 374
chair 0.0549 -1 154 12 329
chair 0.0509 91 165 115 194
chair 0.0506 308 340 475 370
chair 0.0416 447 269 493 372
chair 0.0415 49 327 188 371
chair 0.0400 0 331 144 373
diningtable 0.1926 31 186 152 290
diningtable 0.1649 102 301 424 374
diningtable 0.1262 247 319 311 367
diningtable 0.0847 177 274 357 373
diningtable 0.0652 287 330 302 368
diningtable 0.0645 265 326 402 367
diningtable 0.0634 292 328 312 369
diningtable 0.0625 24 187 88 295
diningtable 0.0585 234 295 339 369
diningtable 0.0535 302 326 333 366
diningtable 0.0485 -3 190 38 356
diningtable 0.0455 -17 183 169 363
diningtable 0.0450 285 332 467 372
diningtable 0.0420 9 174 80 361
diningtable 0.0402 85 156 254 244
motorbike 0.0430 260 248 288 357
person 0.0937 -3 157 38 302
person 0.0909 0 144 50 245
person 0.0892 23 165 96 276
person 0.0660 0 153 10 195
person 0.0652 260 248 288 357
person 0.0531 292 320 319 368
person 0.0422 263 249 286 304
person 0.0416 0 108 12 198
pottedplant 0.0406 355 144 390 168
sofa 0.0686 386 274 492 372
sofa 0.0530 -3 183 38 358
sofa 0.0518 88 188 149 283
sofa 0.0493 133 262 229 326
sofa 0.0436 21 176 91 288
