aeroplane 0.0573 321 80 345 108
aeroplane 0.0538 491 181 495 225
aeroplane 0.0445 345 267 494 374
bicycle 0.0520 340 199 499 371
bicycle 0.0507 371 205 413 300
boat 0.4301 34 17 422 342
boat 0.0733 76 49 341 228
boat 0.0609 491 181 495 225
boat 0.0605 200 84 240 152
boat 0.0557 42 122 257 243
boat 0.0539 70 137 214 204
boat 0.0528 57 143 109 193
boat 0.0494 165 92 283 173
boat 0.0472 48 162 197 221
boat 0.0454 54 146 143 201
boat 0.0399 62 175 143 202
boat 0.0380 66 186 93 197
bus 0.0673 491 174 495 220
car 0.1331 491 178 495 222
car 0.0626 344 274 495 372
chair 0.0396 491 181 495 225
chair 0.0394 462 311 494 370
cow 0.0600 491 184 495 234
cow 0.0384 492 179 494 262
horse 0.0440 491 184 495 234
horse 0.0420 344 274 495 372
horse 0.0388 486 177 493 264
motorbike 0.1297 340 199 499 371
motorbike 0.0562 371 205 413 300
motorbike 0.0527 342 222 410 301
person 0.2955 385 183 415 276
person 0.1089 394 182 413 236
person 0.0781 492 178 494 269
person 0.0694 357 198 395 260
person 0.0637 491 178 495 293
person 0.0567 481 157 497 378
person 0.0515 366 194 386 242
person 0.0510 465 167 498 379
person 0.0470 321 75 345 103
person 0.0424 201 79 239 145
sheep 0.0569 491 184 495 234
train 0.0485 485 178 495 222
