aeroplane 0.0627 0 -1 371 380
bicycle 0.1659 -2 26 374 469
bicycle 0.0942 126 164 362 339
bird 0.0659 -2 26 374 469
bird 0.0592 328 249 371 363
boat 0.0617 0 -2 372 325
bottle 0.0595 -2 26 374 469
car 0.0643 -2 26 374 469
cat 0.0771 -3 217 234 489
cat 0.0465 328 260 371 367
chair 0.0730 -2 26 374 469
cow 0.0967 164 321 365 494
cow 0.0767 328 260 371 367
cow 0.0590 -2 26 374 469
diningtable 0.0676 -2 26 374 469
dog 0.0904 172 322 368 493
dog 0.0780 -2 26 374 469
dog 0.0483 328 260 371 367
horse 0.0978 -2 26 374 469
horse 0.0468 328 249 371 363
motorbike 0.1679 -2 26 374 469
motorbike 0.0642 126 164 362 339
person 0.0737 -2 26 374 469
pottedplant 0.0688 -2 26 374 469
sheep 0.2472 172 322 368 493
sheep 0.2294 328 260 371 367
sheep 0.1356 321 285 372 459
sheep 0.0606 364 290 370 408
sheep 0.0570 -2 26 374 469
sheep 0.0547 272 286 375 459
sofa 0.0587 -2 26 374 469
train 0.0918 0 5 371 388
