aeroplane 0.0358 0 130 48 177
aeroplane 0.0219 2 184 15 201
aeroplane 0.0218 3 176 15 195
boat 0.0549 0 132 40 175
boat 0.0320 1 175 10 196
boat 0.0314 5 176 20 194
boat 0.0263 3 165 22 190
boat 0.0238 7 165 34 189
boat 0.0233 439 191 475 226
boat 0.0206 440 214 482 273
bottle 0.0360 437 189 471 220
bus 0.0555 439 191 475 226
bus 0.0410 5 176 20 194
bus 0.0373 1 175 10 196
bus 0.0312 10 177 31 193
bus 0.0276 0 136 41 179
bus 0.0261 7 165 34 189
bus 0.0254 3 149 38 189
bus 0.0252 24 198 462 406
bus 0.0223 16 177 40 193
bus 0.0209 460 193 486 224
car 0.5830 17 197 453 399
car 0.0961 436 191 471 225
car 0.0797 2 180 15 198
car 0.0548 314 201 386 247
car 0.0502 436 203 479 276
car 0.0323 450 194 488 238
car 0.0308 0 136 41 179
car 0.0274 483 182 485 227
car 0.0270 481 233 488 270
car 0.0253 483 191 486 249
car 0.0244 482 239 487 280
car 0.0239 3 149 38 189
car 0.0212 3 118 53 174
chair 0.0915 440 214 482 273
chair 0.0256 436 191 471 225
chair 0.0246 140 1 292 10
chair 0.0234 96 0 321 36
diningtable 0.0225 440 204 483 275
diningtable 0.0203 451 223 487 271
motorbike 0.0207 436 191 471 225
person 0.6996 68 124 188 254
person 0.1944 202 214 231 257
person 0.1030 221 215 257 256
person 0.0902 436 191 471 225
person 0.0603 436 186 479 262
person 0.0336 2 180 15 198
person 0.0272 484 182 485 235
person 0.0270 481 200 488 272
person 0.0249 235 215 343 256
pottedplant 0.0282 436 191 471 225
pottedplant 0.0253 1 179 10 199
pottedplant 0.0211 440 214 482 273
sofa 0.0291 442 222 481 271
sofa 0.0205 66 -7 420 42
train 0.0238 439 191 475 226
train 0.0206 3 176 15 195
tvmonitor 0.0415 437 189 471 220
tvmonitor 0.0235 440 214 482 273
tvmonitor 0.0205 24 1 239 159
