aeroplane 0.0354 416 161 493 368
aeroplane 0.0264 14 62 316 374
boat 0.0397 243 147 368 282
boat 0.0338 410 161 492 368
boat 0.0299 2 197 31 303
boat 0.0266 13 57 318 373
bus 0.0669 2 194 30 300
bus 0.0356 416 161 493 368
bus 0.0310 2 200 24 230
bus 0.0291 317 102 427 363
bus 0.0289 13 67 317 374
bus 0.0258 237 140 374 266
car 0.6719 13 67 317 374
car 0.6445 416 161 493 368
car 0.2406 3 193 30 295
car 0.1959 2 200 24 230
car 0.1721 238 148 359 281
car 0.0571 234 107 449 357
car 0.0499 323 154 516 369
car 0.0381 317 102 427 363
car 0.0324 322 163 352 226
car 0.0320 176 137 381 234
car 0.0271 159 121 359 320
car 0.0263 41 129 204 266
chair 0.0330 410 161 492 368
chair 0.0313 2 208 31 309
motorbike 0.0316 319 109 425 373
motorbike 0.0285 2 200 24 230
motorbike 0.0279 234 107 449 357
motorbike 0.0254 -2 17 373 354
person 0.6844 319 109 425 373
person 0.0421 333 160 356 216
person 0.0404 327 163 348 214
person 0.0335 2 194 30 300
person 0.0316 309 152 381 249
person 0.0301 485 134 494 237
person 0.0292 0 189 3 229
person 0.0277 0 201 19 228
person 0.0265 493 137 493 222
person 0.0254 1 183 2 275
pottedplant 0.0392 190 6 367 124
sheep 0.0300 416 161 493 368
train 0.0496 2 208 31 309
train 0.0256 416 161 493 368
