bird 0.0324 -3 0 499 329
bottle 0.0315 -3 0 499 329
car 0.0406 329 1 478 6
car 0.0349 262 0 498 18
car 0.0234 -3 0 499 329
cat 0.7734 6 0 371 330
chair 0.1083 -3 0 499 329
cow 0.0323 -3 0 499 329
diningtable 0.0653 -3 0 499 329
dog 0.0963 -3 0 499 329
horse 0.0280 -3 0 499 329
person 0.1233 -3 0 499 329
person 0.0273 -1 0 43 329
pottedplant 0.0259 -3 0 499 329
sheep 0.0312 -3 0 499 329
sofa 0.1046 -3 0 499 329
tvmonitor 0.0515 -3 0 499 329
tvmonitor 0.0267 145 -1 475 35
tvmonitor 0.0240 329 1 478 6
