bus 0.7020 25 0 461 372
bus 0.0507 -1 134 35 178
car 0.5696 0 177 48 264
car 0.3643 1 156 56 192
car 0.1313 1 162 56 233
car 0.1152 36 185 60 226
car 0.0481 62 168 144 203
person 0.1428 276 103 297 150
person 0.0890 75 0 490 372
person 0.0745 232 100 263 154
person 0.0729 145 155 162 187
person 0.0690 149 140 166 190
person 0.0643 216 101 248 153
person 0.0642 142 123 173 195
person 0.0614 112 72 235 247
person 0.0578 78 34 332 279
person 0.0539 127 140 156 178
person 0.0522 152 80 265 198
person 0.0514 178 99 246 167
person 0.0514 425 131 437 152
person 0.0470 122 161 153 192
train 0.0611 47 1 510 370
