boat 0.0359 -1 0 333 308
boat 0.0262 1 166 251 308
boat 0.0221 267 171 358 254
boat 0.0208 492 117 494 148
bus 0.0779 310 141 341 158
bus 0.0398 331 142 350 157
bus 0.0371 265 170 356 254
bus 0.0289 34 32 461 277
bus 0.0236 341 142 356 156
bus 0.0229 0 44 283 308
bus 0.0214 439 137 463 162
car 0.8257 264 169 358 252
car 0.0585 311 148 331 159
car 0.0240 492 130 494 164
car 0.0240 492 117 494 148
car 0.0219 440 138 468 160
car 0.0209 492 124 495 160
motorbike 0.0252 264 169 358 252
train 0.0498 307 141 336 158
train 0.0318 331 142 350 157
train 0.0258 5 0 372 309
tvmonitor 0.0230 0 171 245 308
