aeroplane 0.0585 0 187 496 377
aeroplane 0.0399 405 206 471 242
aeroplane 0.0277 472 202 499 233
aeroplane 0.0250 326 206 387 239
bird 0.0362 278 25 311 47
boat 0.0595 0 193 497 377
boat 0.0416 6 55 75 234
boat 0.0349 405 209 471 242
boat 0.0295 326 206 387 239
boat 0.0231 467 209 496 238
boat 0.0222 473 200 498 229
boat 0.0205 487 200 499 224
bus 0.0626 234 213 323 241
bus 0.0463 405 206 471 242
bus 0.0413 472 202 499 233
bus 0.0389 475 198 496 220
bus 0.0379 326 205 386 237
bus 0.0371 131 210 364 244
bus 0.0352 465 209 492 237
bus 0.0346 486 201 500 228
bus 0.0219 260 215 344 238
car 0.7046 326 205 386 237
car 0.6864 405 206 471 242
car 0.2591 467 209 496 238
car 0.0636 247 214 325 244
car 0.0333 272 217 340 236
car 0.0322 315 215 352 232
car 0.0322 287 216 364 231
car 0.0290 420 201 457 217
car 0.0272 143 214 352 245
chair 0.0208 472 205 499 236
motorbike 0.0404 405 206 471 242
motorbike 0.0259 454 207 478 234
motorbike 0.0248 326 206 387 239
motorbike 0.0240 465 213 491 239
person 0.0353 447 210 477 237
person 0.0290 485 206 500 235
person 0.0284 487 198 499 220
person 0.0263 462 203 478 221
person 0.0263 475 198 496 220
person 0.0246 243 215 322 243
person 0.0222 490 191 496 216
person 0.0222 404 207 467 241
sheep 0.0288 405 209 471 242
sheep 0.0200 326 206 387 239
train 0.0322 236 215 321 243
train 0.0320 131 210 364 244
train 0.0306 405 209 471 242
train 0.0263 0 193 497 377
train 0.0224 326 206 387 239
