bottle 0.0323 4 -1 73 149
bottle 0.0275 178 18 223 73
bottle 0.0238 75 20 162 104
bus 0.0285 77 21 164 100
car 0.0221 78 21 163 97
cat 0.0398 178 17 223 70
chair 0.0349 6 45 290 237
chair 0.0241 254 202 316 237
chair 0.0229 275 217 316 237
chair 0.0216 275 189 316 235
chair 0.0212 245 228 321 238
diningtable 0.0213 22 226 294 240
person 0.5066 4 55 283 238
person 0.0245 21 40 185 216
person 0.0236 308 7 318 230
person 0.0235 81 8 355 229
person 0.0221 0 80 2 187
pottedplant 0.0965 177 19 224 79
sofa 0.0357 15 34 301 237
tvmonitor 0.4085 77 21 164 100
tvmonitor 0.0316 178 18 223 73
