aeroplane 0.0220 225 197 308 285
boat 0.0273 29 185 121 290
boat 0.0216 229 197 309 285
bus 0.0642 229 197 309 285
bus 0.0251 29 185 116 290
car 0.0430 225 197 308 285
car 0.0292 1 42 89 134
car 0.0284 29 185 116 290
car 0.0239 2 74 39 115
car 0.0210 311 216 316 312
chair 0.0285 222 201 306 288
cow 0.0224 100 161 234 457
horse 0.6888 102 165 237 459
person 0.7415 101 82 248 356
person 0.0485 225 197 308 285
person 0.0344 311 190 316 293
person 0.0269 312 217 315 318
person 0.0255 87 143 228 445
train 0.0687 228 193 310 282
train 0.0236 28 184 113 291
tvmonitor 0.0212 27 182 114 286
