aeroplane 0.0238 12 38 483 362
aeroplane 0.0205 9 258 283 376
bicycle 0.0329 9 1 384 370
bird 0.7927 168 79 366 204
bird 0.0401 154 263 192 313
bird 0.0345 319 82 364 125
bird 0.0332 51 47 444 283
bird 0.0276 229 281 282 353
boat 0.0234 24 31 471 351
cat 0.0375 1 3 126 134
cat 0.0272 319 82 364 125
cat 0.0226 2 0 344 371
cat 0.0222 0 2 97 64
chair 0.2116 2 0 344 371
chair 0.0297 1 0 119 126
chair 0.0246 0 1 96 54
diningtable 0.0336 3 0 335 372
dog 0.0222 2 0 344 371
dog 0.0211 3 1 125 129
horse 0.0289 6 1 372 370
person 0.0289 2 0 329 371
person 0.0221 157 80 363 203
person 0.0208 1 0 119 126
pottedplant 0.0270 7 1 378 371
pottedplant 0.0204 1 1 94 48
sheep 0.0428 324 83 366 118
sheep 0.0210 154 266 192 316
sofa 0.0986 2 0 344 371
sofa 0.0235 189 -31 509 80
