aeroplane 0.4113 0 1 495 370
bicycle 0.0656 0 1 495 370
boat 0.4355 56 0 501 371
boat 0.0777 30 6 441 224
boat 0.0565 0 221 496 372
bottle 0.0531 170 362 192 372
bottle 0.0481 355 364 437 370
bus 0.0559 2 80 493 349
car 0.0727 354 364 445 370
car 0.0508 258 308 479 373
chair 0.0585 300 304 500 372
chair 0.0571 354 364 445 370
person 0.2379 453 310 495 371
person 0.1289 408 308 500 373
person 0.1172 287 320 356 373
person 0.0660 357 364 458 370
person 0.0531 170 362 192 372
person 0.0506 379 333 498 371
pottedplant 0.0613 355 364 437 370
pottedplant 0.0532 0 1 495 370
train 0.0508 0 1 495 370
tvmonitor 0.0740 400 298 501 371
tvmonitor 0.0520 268 309 484 372
