aeroplane 0.0449 435 64 489 97
aeroplane 0.0292 170 70 215 102
aeroplane 0.0279 102 75 166 102
bicycle 0.0616 337 113 469 183
bicycle 0.0559 54 144 214 235
bicycle 0.0308 389 99 457 182
bicycle 0.0295 117 129 198 234
bird 0.0448 173 216 243 250
boat 0.0490 169 216 239 250
boat 0.0463 435 64 489 97
boat 0.0443 218 73 260 103
boat 0.0292 296 66 339 100
boat 0.0272 4 79 53 103
boat 0.0270 171 73 214 103
boat 0.0270 105 75 170 102
bus 0.1719 4 79 53 103
bus 0.0784 435 63 488 95
bus 0.0590 58 83 101 103
bus 0.0518 102 75 166 102
bus 0.0485 170 70 215 102
bus 0.0485 44 81 75 102
bus 0.0478 258 67 292 100
bus 0.0422 341 62 403 100
bus 0.0419 293 67 335 100
bus 0.0371 216 73 256 103
bus 0.0343 94 79 127 99
bus 0.0277 491 67 495 95
car 0.6082 435 64 489 97
car 0.5299 341 62 403 100
car 0.4850 102 75 166 102
car 0.4789 217 71 262 102
car 0.4781 170 70 215 102
car 0.4647 258 67 292 100
car 0.4471 296 66 339 100
car 0.3962 58 83 101 103
car 0.2273 14 83 59 104
car 0.1816 2 82 39 105
car 0.1617 92 82 121 100
car 0.1607 45 85 74 102
car 0.1500 279 68 310 98
car 0.1446 383 68 440 98
car 0.1193 318 65 364 97
car 0.0721 159 80 179 97
car 0.0719 416 69 470 98
car 0.0647 491 71 496 96
car 0.0423 344 97 463 184
car 0.0377 70 122 213 236
motorbike 0.6200 337 113 469 183
motorbike 0.6122 55 140 213 234
motorbike 0.0537 152 142 210 226
motorbike 0.0414 432 64 486 97
motorbike 0.0392 258 70 291 101
motorbike 0.0342 170 70 215 102
motorbike 0.0322 341 62 403 100
motorbike 0.0317 218 73 260 103
motorbike 0.0314 2 86 16 106
motorbike 0.0304 293 67 335 100
motorbike 0.0299 393 73 445 99
motorbike 0.0283 92 82 121 100
motorbike 0.0275 398 81 441 107
person 0.5145 374 81 449 179
person 0.2785 140 106 191 226
person 0.1232 128 105 156 155
person 0.0729 2 86 16 106
person 0.0435 36 85 67 102
person 0.0403 491 71 496 96
person 0.0399 92 82 121 100
person 0.0396 479 71 493 95
person 0.0365 461 68 494 94
person 0.0337 432 63 486 95
person 0.0314 492 55 494 91
person 0.0308 258 67 292 100
person 0.0306 282 68 314 99
person 0.0292 173 70 219 102
person 0.0288 392 75 439 102
person 0.0280 333 64 381 98
person 0.0276 448 59 491 83
person 0.0270 156 79 175 97
pottedplant 0.0273 169 216 239 250
sheep 0.0535 169 216 239 250
sheep 0.0358 218 73 260 103
train 0.0572 4 75 54 103
train 0.0442 435 64 489 97
train 0.0403 1 79 33 104
train 0.0299 170 70 215 102
train 0.0298 0 79 10 104
train 0.0296 105 75 170 102
train 0.0286 57 81 102 103
train 0.0281 215 71 258 102
