boat 0.0265 385 185 461 226
boat 0.0262 101 99 137 232
bottle 0.6632 100 101 138 234
bottle 0.4955 165 168 189 250
bottle 0.1929 144 125 163 222
bottle 0.1186 146 160 162 246
bottle 0.0850 159 138 187 239
bottle 0.0393 111 105 133 142
bottle 0.0354 399 2 463 11
bottle 0.0317 374 3 426 10
bottle 0.0310 105 161 132 233
bottle 0.0309 108 106 136 166
bottle 0.0299 383 188 456 229
bottle 0.0279 84 103 114 227
bottle 0.0254 200 159 217 200
bus 0.0276 391 2 463 11
bus 0.0273 411 1 459 7
car 0.0377 405 1 457 7
car 0.0344 385 185 461 226
car 0.0330 379 2 421 6
car 0.0277 416 249 486 280
car 0.0241 449 1 475 7
chair 0.0461 -1 141 497 370
chair 0.0449 2 90 110 216
chair 0.0265 4 269 186 371
diningtable 0.0508 0 151 496 372
diningtable 0.0312 122 115 154 238
diningtable 0.0277 101 101 141 234
motorbike 0.0300 100 101 138 234
person 0.1549 1 92 103 214
person 0.0363 100 97 138 228
person 0.0350 165 168 189 250
person 0.0311 143 125 164 227
person 0.0276 443 1 473 12
person 0.0275 -2 75 106 349
person 0.0271 412 67 490 198
person 0.0259 420 1 465 7
person 0.0251 134 116 150 214
pottedplant 0.0316 165 168 189 250
pottedplant 0.0297 145 130 162 200
pottedplant 0.0288 100 101 138 234
sofa 0.0552 5 135 428 365
sofa 0.0331 1 92 103 214
tvmonitor 0.0593 216 140 388 248
tvmonitor 0.0484 309 0 498 77
tvmonitor 0.0387 386 184 460 222
tvmonitor 0.0386 3 276 179 370
tvmonitor 0.0382 399 2 463 11
tvmonitor 0.0329 122 131 458 363
tvmonitor 0.0293 366 2 448 11
