aeroplane 0.0894 0 168 17 190
aeroplane 0.0679 249 202 323 232
aeroplane 0.0576 0 117 18 195
aeroplane 0.0428 479 152 492 195
aeroplane 0.0395 481 167 491 192
aeroplane 0.0360 490 180 496 202
aeroplane 0.0347 491 165 495 194
aeroplane 0.0322 491 138 495 198
aeroplane 0.0320 477 123 494 189
aeroplane 0.0286 450 189 473 204
aeroplane 0.0279 493 121 493 192
bicycle 0.0318 0 168 17 190
bicycle 0.0256 490 180 496 202
bird 0.1056 450 189 473 204
bird 0.0897 480 182 492 201
bird 0.0596 249 202 323 232
boat 0.6804 249 202 323 232
boat 0.2693 0 117 18 195
boat 0.1438 1 164 16 189
boat 0.1232 478 134 493 195
boat 0.0981 480 161 492 193
boat 0.0906 485 177 494 199
boat 0.0654 451 187 473 202
boat 0.0313 294 210 317 225
boat 0.0302 232 209 286 226
boat 0.0298 2 163 10 242
bottle 0.0433 246 202 321 233
bottle 0.0283 485 175 494 196
bus 0.0495 0 117 18 195
bus 0.0484 249 202 323 232
bus 0.0402 1 164 16 189
bus 0.0312 483 138 495 198
car 0.0875 1 164 16 189
car 0.0559 490 180 496 202
car 0.0555 485 175 494 196
car 0.0554 249 202 323 232
car 0.0414 0 117 18 195
car 0.0393 450 189 473 204
car 0.0265 492 128 494 190
car 0.0260 478 134 493 195
cat 0.0337 450 189 473 204
cat 0.0321 480 182 492 201
chair 0.0344 1 164 16 189
cow 0.1561 450 189 473 204
cow 0.1125 484 183 494 205
cow 0.0275 1 171 17 194
dog 0.0591 450 189 473 204
dog 0.0549 481 179 491 198
horse 0.0871 450 190 467 204
horse 0.0763 485 180 494 202
horse 0.0322 1 171 17 194
horse 0.0306 2 163 9 255
horse 0.0257 1 158 16 242
motorbike 0.0267 485 177 494 199
person 0.1059 485 180 494 202
person 0.0933 450 190 467 204
person 0.0457 491 135 495 195
person 0.0416 478 134 493 195
person 0.0406 492 128 494 190
person 0.0390 1 164 16 189
person 0.0343 245 200 321 231
person 0.0306 2 163 9 237
person 0.0281 491 84 495 199
person 0.0274 493 172 493 252
pottedplant 0.0266 485 175 494 196
pottedplant 0.0260 249 202 323 232
sheep 0.1675 450 189 473 204
sheep 0.1166 485 180 494 202
sheep 0.0651 249 202 323 232
sheep 0.0380 1 171 17 194
train 0.0554 246 202 321 233
train 0.0504 0 168 17 190
train 0.0407 0 117 18 195
train 0.0342 472 134 492 196
train 0.0339 485 171 494 194
