aeroplane 0.0439 489 253 496 317
aeroplane 0.0418 484 258 496 329
bicycle 0.0363 489 253 496 317
bird 0.0832 120 2 234 52
bird 0.0355 490 250 496 315
bird 0.0341 483 254 496 322
boat 0.0471 0 0 496 372
boat 0.0438 490 255 495 321
bottle 0.0420 325 308 490 373
bottle 0.0398 0 0 496 372
bottle 0.0355 489 253 496 317
bottle 0.0315 492 201 495 322
bus 0.0325 489 253 496 317
car 0.0699 489 258 496 324
cat 0.0437 325 308 490 373
cat 0.0302 484 252 496 318
chair 0.3199 293 238 350 332
chair 0.1920 324 228 420 318
chair 0.1515 484 258 496 329
chair 0.0811 257 249 323 338
chair 0.0704 388 227 427 314
chair 0.0630 59 249 99 303
chair 0.0515 493 267 494 385
chair 0.0414 478 281 493 382
chair 0.0408 325 308 490 373
chair 0.0343 270 322 419 371
chair 0.0302 0 0 496 372
cow 0.0340 489 258 496 324
diningtable 0.2981 325 308 490 373
diningtable 0.0834 313 230 416 321
diningtable 0.0547 0 0 496 372
diningtable 0.0317 299 234 359 330
dog 0.0300 484 257 495 325
horse 0.0482 484 257 495 325
person 0.1039 490 250 496 315
person 0.0688 491 207 495 322
person 0.0641 117 2 230 47
person 0.0511 491 259 495 352
person 0.0511 492 263 494 372
person 0.0389 320 225 417 316
pottedplant 0.0753 490 250 496 315
pottedplant 0.0625 0 0 496 372
pottedplant 0.0623 484 257 495 325
pottedplant 0.0543 491 207 495 322
pottedplant 0.0424 117 0 276 371
pottedplant 0.0393 135 1 235 42
pottedplant 0.0392 251 248 314 340
pottedplant 0.0339 3 0 249 371
pottedplant 0.0306 491 259 495 352
sheep 0.0350 489 258 496 324
sofa 0.0796 484 258 496 329
sofa 0.0614 324 228 420 318
sofa 0.0400 325 308 490 373
sofa 0.0365 485 265 494 370
sofa 0.0319 293 235 351 329
tvmonitor 0.0808 325 308 490 373
tvmonitor 0.0551 489 253 496 317
tvmonitor 0.0469 0 0 496 372
