boat 0.0257 437 287 495 328
bottle 0.0403 444 287 495 328
bottle 0.0399 420 87 450 118
bottle 0.0261 329 327 432 329
car 0.0335 444 287 495 328
cat 0.0276 119 252 180 311
chair 0.0828 437 287 495 328
chair 0.0420 372 295 490 331
chair 0.0419 332 322 452 330
chair 0.0404 342 316 473 331
chair 0.0334 5 166 381 325
chair 0.0326 -1 200 20 306
chair 0.0326 304 229 432 329
chair 0.0269 114 249 185 309
chair 0.0268 295 324 442 328
chair 0.0258 -1 217 35 331
chair 0.0248 0 179 11 291
diningtable 0.0443 437 287 495 328
diningtable 0.0288 277 186 429 320
dog 0.0342 0 222 127 330
dog 0.0315 53 250 199 323
dog 0.0298 106 249 177 314
person 0.0382 436 282 496 328
person 0.0369 0 217 120 330
person 0.0369 3 165 375 320
person 0.0296 119 252 180 311
person 0.0284 39 245 206 324
person 0.0276 -2 203 21 329
person 0.0258 0 197 12 294
person 0.0252 0 214 50 329
person 0.0250 0 202 4 309
pottedplant 0.0854 463 102 501 138
pottedplant 0.0473 437 287 495 328
pottedplant 0.0260 51 4 201 179
sofa 0.7041 4 169 382 332
sofa 0.0285 437 287 495 328
tvmonitor 0.1305 418 88 451 121
tvmonitor 0.0481 437 287 495 328
