bottle 0.0643 307 106 315 127
bottle 0.0251 261 90 297 121
bus 0.0295 261 90 296 123
cat 0.0491 261 90 298 121
chair 0.6766 189 91 243 149
chair 0.3575 49 82 183 200
chair 0.1113 129 80 153 109
chair 0.0627 2 147 34 236
chair 0.0504 21 18 186 219
chair 0.0462 139 93 182 133
chair 0.0389 275 116 316 234
chair 0.0326 293 139 318 237
chair 0.0294 315 117 316 233
chair 0.0289 224 152 307 239
chair 0.0275 305 111 316 239
chair 0.0270 103 81 188 175
chair 0.0267 314 129 317 235
chair 0.0257 261 90 296 123
diningtable 0.0631 189 91 243 149
diningtable 0.0326 52 85 184 204
person 0.0379 261 90 296 123
person 0.0308 19 16 172 221
pottedplant 0.0390 307 106 315 127
pottedplant 0.0291 5 5 146 232
sofa 0.1010 46 81 181 197
sofa 0.0585 189 91 243 149
sofa 0.0480 262 91 298 123
sofa 0.0392 21 18 186 219
tvmonitor 0.6693 261 90 297 121
tvmonitor 0.0519 306 99 315 124
tvmonitor 0.0312 126 78 150 107
tvmonitor 0.0312 287 96 299 115
tvmonitor 0.0279 0 147 26 237
