bicycle 0.0370 47 171 58 210
bus 0.8221 161 128 373 226
bus 0.4022 374 27 496 261
bus 0.3207 386 120 483 256
bus 0.2265 99 136 145 198
bus 0.1387 321 129 377 220
bus 0.1094 104 167 140 194
bus 0.1068 49 154 63 180
bus 0.0799 353 140 423 221
bus 0.0646 138 170 154 191
bus 0.0617 486 157 493 203
bus 0.0574 76 150 106 189
bus 0.0566 127 170 148 191
bus 0.0556 132 148 160 192
bus 0.0556 473 159 491 202
bus 0.0470 142 158 165 192
bus 0.0456 484 151 495 230
bus 0.0450 448 146 484 215
bus 0.0444 485 121 495 282
bus 0.0437 468 116 495 291
bus 0.0419 149 157 174 193
bus 0.0404 147 145 191 195
bus 0.0390 154 169 168 192
bus 0.0357 460 156 488 205
car 0.1940 108 176 136 194
car 0.1714 452 213 495 334
car 0.1556 50 156 62 184
car 0.0519 386 120 483 256
car 0.0513 88 172 102 194
car 0.0508 99 136 145 198
car 0.0445 469 269 494 331
car 0.0440 460 137 496 306
car 0.0376 493 154 493 207
car 0.0366 1 167 9 189
car 0.0360 492 129 494 274
car 0.0355 492 133 495 258
car 0.0347 493 151 494 230
chair 0.0417 452 213 495 334
horse 0.0370 49 161 62 205
motorbike 0.0641 49 164 62 207
motorbike 0.0484 452 184 495 327
person 0.2413 49 161 62 205
person 0.0970 389 127 474 249
person 0.0756 136 178 148 192
person 0.0636 458 192 497 329
person 0.0586 476 129 495 305
person 0.0551 113 177 138 194
person 0.0534 162 126 379 225
person 0.0480 492 127 494 285
person 0.0470 486 160 493 210
person 0.0458 492 133 495 258
person 0.0451 493 151 494 230
person 0.0442 94 137 143 197
person 0.0421 1 171 9 194
person 0.0405 491 172 495 324
person 0.0356 1 162 9 183
train 0.0587 99 136 145 198
train 0.0532 386 120 483 256
train 0.0404 48 153 64 177
train 0.0353 41 146 63 173
