aeroplane 0.0472 70 63 229 267
bird 0.1973 102 153 151 208
bird 0.1331 95 161 110 185
bird 0.0508 97 142 155 266
bird 0.0433 70 63 229 267
boat 0.1606 -35 -1 406 332
boat 0.0821 57 43 251 288
boat 0.0545 97 76 202 238
boat 0.0528 114 137 154 194
boat 0.0416 106 152 154 209
bus 0.0477 -9 0 442 331
car 0.0432 420 276 496 330
car 0.0348 356 289 428 328
chair 0.0890 414 270 495 331
chair 0.0449 297 275 409 332
chair 0.0348 362 298 422 329
cow 0.0426 104 153 149 204
dog 0.0665 104 153 149 204
dog 0.0345 94 161 111 190
horse 0.0553 102 153 151 213
person 0.2562 102 153 151 213
person 0.0721 97 142 155 266
person 0.0662 95 158 126 198
person 0.0454 76 257 130 329
pottedplant 0.0336 108 139 145 192
sheep 0.0337 107 153 152 198
sofa 0.0486 414 270 495 331
train 0.7812 73 0 492 330
tvmonitor 0.0431 414 276 496 330
