aeroplane 0.0535 113 0 273 229
bird 0.0891 159 72 180 99
bird 0.0746 110 42 156 86
bird 0.0460 294 90 304 167
boat 0.0954 122 0 274 229
bottle 0.0484 113 42 157 85
bus 0.0541 113 0 273 229
cat 0.1126 109 42 156 88
cow 0.0832 107 42 155 88
cow 0.0527 159 71 179 95
cow 0.0430 102 0 270 229
dog 0.3752 109 42 156 88
dog 0.0891 120 106 203 220
dog 0.0652 159 72 180 99
horse 0.0553 159 72 179 101
horse 0.0505 109 42 156 88
person 0.6599 36 31 110 157
person 0.4810 67 72 151 217
person 0.3714 123 106 205 220
person 0.1592 159 72 180 99
person 0.1366 129 66 171 187
person 0.0947 167 107 199 168
person 0.0941 107 42 155 88
person 0.0882 131 72 173 127
person 0.0597 95 70 146 162
person 0.0539 148 68 181 128
person 0.0482 104 62 157 138
person 0.0469 79 67 125 165
person 0.0418 298 28 305 200
person 0.0413 287 16 306 212
person 0.0405 74 2 268 226
sheep 0.1195 109 42 156 88
sheep 0.0426 292 100 305 164
train 0.1480 113 0 273 229
