aeroplane 0.0557 254 207 279 228
bicycle 0.0764 274 210 290 231
bicycle 0.0684 435 227 450 254
bicycle 0.0551 395 225 412 250
bicycle 0.0451 410 227 428 249
bicycle 0.0420 418 226 436 251
bicycle 0.0352 319 219 340 244
bird 0.0371 310 76 340 125
bird 0.0334 435 222 450 254
bird 0.0285 254 207 279 228
bird 0.0270 279 210 294 231
bird 0.0261 269 211 288 230
bird 0.0256 448 102 469 122
bird 0.0240 395 221 412 249
boat 0.2257 310 76 340 125
boat 0.0384 437 117 495 160
boat 0.0369 373 162 481 244
boat 0.0366 379 111 498 166
boat 0.0363 254 207 279 228
boat 0.0347 365 107 489 252
boat 0.0340 453 134 495 178
boat 0.0315 433 107 483 146
boat 0.0310 423 123 494 177
boat 0.0293 463 134 500 219
boat 0.0274 450 103 474 127
boat 0.0271 269 211 288 230
bottle 0.1061 310 76 340 125
bottle 0.0632 435 222 450 254
bottle 0.0489 395 221 412 249
bottle 0.0427 274 210 290 231
bottle 0.0413 255 210 279 230
bottle 0.0413 264 210 285 230
bottle 0.0340 229 203 242 232
bus 0.0357 254 207 279 228
car 0.2068 254 207 279 228
car 0.0340 310 78 340 128
car 0.0304 431 223 447 253
car 0.0280 392 222 408 248
car 0.0267 398 221 416 249
car 0.0257 327 222 355 242
chair 0.0450 255 210 279 230
chair 0.0408 269 211 288 230
chair 0.0362 279 210 294 231
chair 0.0298 435 227 450 254
chair 0.0295 398 225 416 250
cow 0.0310 255 210 279 230
cow 0.0252 5 148 239 247
diningtable 0.0316 255 210 279 230
diningtable 0.0246 264 210 285 230
dog 0.0254 269 211 288 230
dog 0.0242 258 210 282 230
horse 0.0354 258 210 282 230
horse 0.0303 279 210 294 231
horse 0.0291 269 211 288 230
motorbike 0.1614 255 210 279 230
motorbike 0.0593 435 227 450 254
motorbike 0.0486 395 221 412 249
motorbike 0.0413 233 204 245 231
motorbike 0.0362 318 215 341 244
motorbike 0.0300 410 227 428 249
person 0.2504 435 222 450 254
person 0.1562 258 208 282 228
person 0.1538 279 210 294 231
person 0.1483 318 215 341 244
person 0.1243 395 221 412 249
person 0.1158 229 203 242 232
person 0.0464 303 209 317 233
person 0.0301 310 76 340 125
person 0.0257 452 102 472 122
pottedplant 0.1114 395 221 412 249
pottedplant 0.0720 254 207 279 228
pottedplant 0.0707 431 227 447 254
pottedplant 0.0618 274 207 290 228
pottedplant 0.0439 229 203 242 232
pottedplant 0.0429 310 78 340 128
pottedplant 0.0424 318 215 341 244
pottedplant 0.0282 9 102 55 123
pottedplant 0.0253 12 98 53 115
sheep 0.0480 310 78 340 128
sheep 0.0345 255 210 279 230
sofa 0.0245 255 210 279 230
train 0.7949 3 150 241 249
train 0.0355 310 76 340 125
tvmonitor 0.0341 310 78 340 128
