bottle 0.0757 39 261 57 309
bottle 0.0688 12 269 30 301
bottle 0.0602 5 2 36 29
bottle 0.0465 280 140 293 172
bottle 0.0432 115 194 129 230
bottle 0.0375 12 2 69 35
bottle 0.0355 336 136 347 171
bottle 0.0345 424 264 477 306
bus 0.0403 295 105 338 142
cat 0.0409 293 106 336 142
chair 0.7501 187 184 268 345
chair 0.5957 338 165 469 300
chair 0.5945 124 193 191 348
chair 0.4192 59 209 123 361
chair 0.1428 55 185 120 303
chair 0.1230 289 176 347 247
chair 0.0979 59 178 115 228
chair 0.0872 410 165 475 294
chair 0.0848 418 165 467 247
chair 0.0547 430 174 494 320
chair 0.0492 459 179 496 315
chair 0.0466 35 244 61 303
chair 0.0465 353 175 384 249
chair 0.0455 18 232 62 303
chair 0.0447 259 157 283 208
chair 0.0445 161 166 240 334
chair 0.0432 47 207 73 287
chair 0.0376 442 260 498 322
chair 0.0355 52 199 67 247
chair 0.0347 14 268 35 302
chair 0.0343 189 170 212 219
chair 0.0339 27 263 55 308
chair 0.0337 9 244 41 303
chair 0.0330 1 216 9 284
chair 0.0321 263 194 286 259
chair 0.0321 176 157 225 302
diningtable 0.1991 32 195 220 352
diningtable 0.1581 119 194 189 347
diningtable 0.1226 108 192 262 343
diningtable 0.0868 183 183 266 341
diningtable 0.0760 59 209 123 361
diningtable 0.0389 280 186 348 249
diningtable 0.0345 334 166 466 304
person 0.0689 39 261 57 309
person 0.0658 56 183 119 299
person 0.0631 14 268 35 302
person 0.0439 293 106 336 142
person 0.0399 115 194 129 230
pottedplant 0.0391 14 268 35 302
pottedplant 0.0346 10 270 25 300
pottedplant 0.0344 259 155 282 204
pottedplant 0.0343 39 261 57 309
sofa 0.0760 55 179 119 286
sofa 0.0712 58 206 124 358
sofa 0.0464 187 184 268 345
sofa 0.0464 341 166 473 304
sofa 0.0438 57 178 116 233
sofa 0.0357 124 193 191 348
sofa 0.0354 293 107 336 145
tvmonitor 0.5779 293 106 336 142
tvmonitor 0.0412 6 226 51 303
tvmonitor 0.0369 168 132 202 157
