bird 0.0931 327 32 402 217
bird 0.0634 321 32 478 217
bird 0.0349 340 47 389 146
bird 0.0299 355 41 389 107
bird 0.0210 399 35 487 101
bird 0.0205 468 29 496 67
bottle 0.0227 325 32 397 217
car 0.0330 236 1 329 17
cat 0.1633 327 35 402 217
cat 0.0256 79 46 197 224
chair 0.0260 327 32 402 217
chair 0.0229 236 1 329 17
cow 0.0551 327 35 402 217
cow 0.0295 475 25 496 59
cow 0.0230 460 28 495 64
cow 0.0219 491 23 495 60
dog 0.8309 79 46 197 224
dog 0.4380 325 35 397 218
dog 0.0373 332 102 388 221
dog 0.0237 475 27 496 61
dog 0.0219 357 39 387 101
dog 0.0207 390 33 487 94
horse 0.0499 327 32 402 217
person 0.0512 327 35 402 217
person 0.0227 79 45 197 222
person 0.0202 492 11 494 51
pottedplant 0.0218 233 0 324 15
sheep 0.1152 325 32 397 217
sheep 0.0426 475 27 496 61
sheep 0.0290 446 26 494 62
sheep 0.0204 403 35 490 96
sofa 0.0371 80 47 197 227
tvmonitor 0.0240 233 0 324 15
