bottle 0.0871 333 0 497 329
bottle 0.0725 430 0 495 329
bottle 0.0515 438 0 494 49
cat 0.1253 334 46 497 330
cat 0.0804 324 54 389 108
cat 0.0735 459 2 496 172
cat 0.0547 438 0 494 330
chair 0.1065 3 1 139 120
chair 0.0824 8 15 151 220
chair 0.0651 -3 3 101 191
chair 0.0521 319 0 496 329
dog 0.0766 299 48 406 162
dog 0.0735 322 55 391 113
dog 0.0661 443 1 497 177
dog 0.0557 438 0 494 330
dog 0.0463 333 0 497 329
person 0.5762 118 30 353 330
person 0.1834 319 0 496 329
person 0.1108 421 0 495 329
person 0.0596 466 -2 497 332
person 0.0579 450 3 497 176
person 0.0478 467 -3 496 131
