bottle 0.3560 166 53 203 141
bottle 0.3220 40 96 72 175
bottle 0.1941 203 44 238 134
bottle 0.1362 17 91 40 186
bottle 0.0747 2 90 16 172
bottle 0.0492 208 70 240 155
bottle 0.0469 18 117 46 207
bottle 0.0413 227 69 268 135
bottle 0.0390 377 323 445 329
chair 0.1193 176 141 272 261
chair 0.0904 434 116 490 213
chair 0.0537 467 103 496 205
chair 0.0454 467 162 497 333
chair 0.0452 427 217 497 331
chair 0.0404 386 280 491 329
chair 0.0402 251 58 494 333
chair 0.0398 492 104 495 215
chair 0.0395 458 236 497 327
chair 0.0385 2 57 305 329
chair 0.0383 446 281 494 328
diningtable 0.0461 173 137 275 255
diningtable 0.0380 55 317 441 330
person 0.7518 255 50 498 331
person 0.7469 -3 51 248 331
person 0.2132 207 45 248 138
person 0.1088 -1 99 20 215
person 0.0971 166 51 203 138
person 0.0838 1 97 10 180
person 0.0822 0 79 27 292
person 0.0608 13 92 37 190
person 0.0591 40 96 72 175
person 0.0458 252 61 313 127
sofa 0.0508 251 64 494 332
sofa 0.0453 -4 47 249 330
sofa 0.0450 434 116 490 213
tvmonitor 0.1173 429 117 488 212
tvmonitor 0.0800 467 100 496 203
