aeroplane 0.0655 28 87 109 193
aeroplane 0.0440 173 156 236 179
aeroplane 0.0301 449 137 490 171
bird 0.0399 28 87 109 193
bird 0.0223 449 101 490 174
bird 0.0219 93 166 104 183
bird 0.0201 93 154 104 177
boat 0.8790 28 87 109 193
boat 0.4720 173 156 236 179
boat 0.2264 450 142 490 170
boat 0.1040 449 101 490 174
boat 0.0737 39 181 88 200
boat 0.0320 -2 81 21 195
boat 0.0287 135 149 227 177
boat 0.0239 420 119 457 184
boat 0.0237 170 118 224 176
boat 0.0220 0 97 50 197
boat 0.0216 39 182 49 194
boat 0.0210 418 95 468 194
boat 0.0203 14 100 67 189
bottle 0.0367 28 87 109 193
bottle 0.0218 449 123 490 171
bus 0.0239 168 155 234 180
car 0.0263 173 156 236 179
car 0.0206 456 146 490 170
person 0.0907 48 174 72 193
person 0.0849 43 176 54 191
person 0.0827 91 166 100 182
person 0.0794 91 172 99 186
person 0.0660 39 181 88 200
person 0.0449 90 154 100 176
pottedplant 0.0288 449 123 490 171
sheep 0.0518 28 87 109 193
sheep 0.0251 173 152 235 179
sheep 0.0231 108 213 473 301
train 0.0243 173 156 236 179
