bottle 0.4538 72 268 103 331
bottle 0.1224 144 80 155 109
bottle 0.0510 2 45 31 133
bottle 0.0503 150 106 383 300
bottle 0.0479 166 73 188 116
bottle 0.0422 4 34 22 67
car 0.0429 491 42 495 88
chair 0.0779 0 202 25 339
chair 0.0714 148 106 378 300
chair 0.0515 402 157 468 266
chair 0.0487 0 14 25 357
chair 0.0473 107 90 161 240
diningtable 0.2646 0 230 496 369
diningtable 0.0667 148 106 378 300
diningtable 0.0424 22 276 386 370
person 0.6589 1 3 135 298
person 0.6423 339 1 437 270
person 0.5797 243 39 314 121
person 0.5090 167 45 226 109
person 0.1136 411 17 459 260
person 0.1059 336 11 377 137
person 0.0830 0 10 25 285
person 0.0805 423 21 471 156
person 0.0789 491 42 494 100
person 0.0773 0 33 26 115
person 0.0712 466 18 497 283
person 0.0656 492 37 494 140
person 0.0540 140 77 152 107
person 0.0528 350 18 371 54
person 0.0504 352 4 439 132
person 0.0491 148 78 159 105
person 0.0483 165 64 205 125
person 0.0463 483 4 496 274
person 0.0444 492 34 494 178
person 0.0432 72 271 103 333
person 0.0411 148 106 378 300
pottedplant 0.3779 147 108 379 303
pottedplant 0.2701 403 151 467 260
pottedplant 0.0501 22 104 474 378
tvmonitor 0.0488 148 106 378 300
