aeroplane 0.0565 0 150 35 203
aeroplane 0.0464 -2 162 37 238
bicycle 0.0851 370 207 406 239
bicycle 0.0459 0 146 34 178
bicycle 0.0436 471 128 493 160
bicycle 0.0423 453 128 479 160
bird 0.0556 0 325 89 374
bird 0.0473 233 154 301 188
boat 0.0500 233 157 308 190
bottle 0.0443 231 150 303 186
car 0.0575 0 150 35 203
car 0.0479 -3 166 37 246
car 0.0448 1 144 32 174
car 0.0431 491 153 495 200
car 0.0423 477 126 494 157
cat 0.1016 -3 320 92 373
chair 0.5592 27 236 117 345
chair 0.1228 1 238 56 332
chair 0.0797 367 208 401 239
chair 0.0550 0 181 49 313
chair 0.0390 35 162 77 191
diningtable 0.0601 -3 153 499 370
diningtable 0.0515 30 238 129 349
dog 0.0407 0 325 89 374
motorbike 0.0566 0 146 34 178
motorbike 0.0456 471 128 493 160
motorbike 0.0427 454 127 478 156
person 0.1046 477 126 494 157
person 0.0957 457 127 482 156
person 0.0417 418 127 436 162
person 0.0388 1 144 32 174
pottedplant 0.3413 149 91 197 127
pottedplant 0.3390 96 154 187 187
pottedplant 0.3279 233 154 301 188
pottedplant 0.3154 415 193 493 377
pottedplant 0.2944 157 155 189 186
pottedplant 0.2250 90 95 139 129
pottedplant 0.1803 96 161 125 181
pottedplant 0.1440 230 89 304 141
pottedplant 0.1374 203 168 237 185
pottedplant 0.1366 342 92 387 144
pottedplant 0.1362 454 127 478 156
pottedplant 0.1151 477 126 494 157
pottedplant 0.0945 -1 149 35 199
pottedplant 0.0924 294 93 318 120
pottedplant 0.0895 226 81 323 178
pottedplant 0.0808 418 126 436 157
pottedplant 0.0746 257 85 323 128
pottedplant 0.0683 147 95 199 176
pottedplant 0.0683 332 104 389 191
pottedplant 0.0566 154 120 192 180
pottedplant 0.0556 100 107 200 182
pottedplant 0.0525 40 156 72 180
pottedplant 0.0508 92 103 145 156
pottedplant 0.0457 317 120 349 169
pottedplant 0.0407 99 101 169 135
pottedplant 0.0392 347 147 382 183
pottedplant 0.0382 73 100 163 183
sofa 0.0596 27 236 117 345
