bird 0.0284 290 30 306 55
bottle 0.0342 419 82 443 118
bottle 0.0251 290 31 306 58
bottle 0.0249 144 85 163 122
bottle 0.0225 414 88 448 136
bottle 0.0216 384 68 424 92
bus 0.0248 -3 69 452 308
car 0.7556 -1 70 457 307
car 0.0594 384 68 424 92
car 0.0229 292 30 311 59
chair 0.0296 467 103 496 168
chair 0.0226 384 68 424 92
chair 0.0210 415 86 446 132
chair 0.0209 419 81 442 114
cow 0.0211 290 31 306 58
dog 0.0212 292 30 311 59
horse 0.0264 292 30 311 59
motorbike 0.0202 292 30 311 59
person 0.2002 144 87 163 126
person 0.1264 290 31 306 58
person 0.0429 356 33 365 63
person 0.0427 165 92 190 132
person 0.0308 242 90 284 146
person 0.0205 419 82 443 118
pottedplant 0.0217 384 68 424 92
pottedplant 0.0200 290 31 306 58
tvmonitor 0.0321 475 30 496 112
tvmonitor 0.0237 384 68 424 92
tvmonitor 0.0224 419 81 442 114
tvmonitor 0.0205 491 28 496 108
