bottle 0.0229 473 55 490 93
chair 0.0383 295 1 497 370
chair 0.0262 342 125 496 374
chair 0.0228 418 139 515 361
chair 0.0220 364 239 497 372
cow 0.0514 67 119 553 369
horse 0.4678 14 120 488 368
horse 0.0520 56 116 345 308
horse 0.0251 208 145 490 343
horse 0.0233 270 182 443 306
motorbike 0.0218 67 92 553 343
person 0.7724 324 0 499 371
person 0.0497 373 3 497 251
person 0.0327 309 203 435 285
person 0.0280 476 9 504 362
person 0.0276 446 6 518 365
person 0.0255 181 44 509 374
person 0.0221 473 53 490 89
pottedplant 0.0320 473 53 490 89
sofa 0.0367 295 1 497 370
