bottle 0.0532 0 78 33 204
chair 0.0716 280 35 339 71
chair 0.0457 165 40 392 238
diningtable 0.3719 1 205 495 274
diningtable 0.0733 0 140 496 269
person 0.4026 15 56 143 200
person 0.3899 426 63 475 118
person 0.3447 327 31 496 277
person 0.3392 210 40 387 242
person 0.2994 106 37 240 223
person 0.0985 69 41 426 241
person 0.0664 0 67 33 163
person 0.0560 0 65 18 112
person 0.0431 436 25 496 253
sofa 0.0868 0 41 496 272
sofa 0.0503 165 40 392 238
sofa 0.0443 33 56 337 239
tvmonitor 0.1265 280 35 339 71
