bicycle 0.0223 91 156 254 453
boat 0.0202 0 309 7 332
car 0.0320 0 310 11 330
car 0.0231 313 251 314 329
car 0.0224 312 259 315 351
car 0.0201 314 238 313 320
cow 0.0658 256 279 316 406
cow 0.0286 312 254 315 386
cow 0.0273 303 258 314 359
cow 0.0254 247 314 276 416
cow 0.0244 243 303 310 457
cow 0.0212 290 262 312 378
cow 0.0205 93 157 256 452
dog 0.0253 257 275 315 395
horse 0.7757 93 157 256 452
horse 0.3475 253 284 315 416
horse 0.0550 295 255 312 370
horse 0.0549 303 258 314 367
horse 0.0403 308 250 315 405
motorbike 0.0232 256 258 317 382
motorbike 0.0219 304 255 313 339
motorbike 0.0203 312 259 315 351
person 0.8633 114 101 250 306
person 0.1197 304 255 313 339
person 0.0440 249 316 279 421
person 0.0422 273 252 314 373
person 0.0340 245 302 298 428
person 0.0327 313 258 315 420
person 0.0243 297 163 315 350
person 0.0236 258 297 314 447
person 0.0225 103 280 122 330
person 0.0200 276 149 316 379
train 0.0530 3 272 88 338
train 0.0210 0 291 51 334
