bottle 0.0375 0 0 495 344
bottle 0.0284 304 0 496 344
bottle 0.0248 -1 0 161 344
bus 0.0426 0 0 495 344
car 0.0407 0 0 495 344
cat 0.0430 0 0 495 344
chair 0.0994 0 0 495 344
chair 0.0232 304 0 496 344
diningtable 0.0417 0 0 495 344
dog 0.0454 0 0 495 344
horse 0.0237 0 0 495 344
motorbike 0.0340 0 0 495 344
person 0.7120 0 0 495 344
person 0.0643 257 0 496 343
person 0.0520 -1 0 239 344
person 0.0359 0 -1 42 345
person 0.0334 0 0 105 344
person 0.0244 -2 14 13 330
pottedplant 0.0287 0 0 495 344
pottedplant 0.0242 304 0 496 344
sofa 0.1349 0 0 495 344
sofa 0.0292 0 177 495 344
tvmonitor 0.0459 0 0 495 344
tvmonitor 0.0239 320 0 495 344
