bicycle 0.0353 2 140 9 371
bicycle 0.0277 3 83 8 288
bird 0.0319 3 83 8 288
bird 0.0303 4 111 7 242
boat 0.0324 130 123 217 242
boat 0.0292 3 83 8 288
bottle 0.0335 3 83 8 288
bottle 0.0299 2 140 9 371
bus 0.0560 437 102 455 111
bus 0.0282 485 102 494 116
car 0.9094 151 116 446 360
car 0.1856 438 105 455 113
car 0.1165 130 125 224 252
car 0.0783 401 105 414 114
car 0.0576 484 99 495 114
car 0.0430 377 100 391 112
car 0.0325 3 83 8 288
car 0.0277 2 140 9 371
chair 0.0497 132 121 222 233
chair 0.0399 1 172 10 380
chair 0.0385 -1 189 20 387
chair 0.0348 2 96 8 369
chair 0.0265 3 151 38 372
cow 0.0335 3 83 8 288
dog 0.0295 3 83 8 288
horse 0.0377 3 83 8 288
horse 0.0347 2 140 9 371
horse 0.0272 1 77 24 364
motorbike 0.0337 2 145 23 372
person 0.1575 1 136 17 375
person 0.0942 3 83 8 288
person 0.0689 1 39 33 379
person 0.0689 3 83 14 317
person 0.0466 -1 0 67 371
person 0.0456 438 105 455 113
person 0.0402 0 171 11 387
person 0.0296 432 105 446 113
person 0.0290 0 11 10 266
pottedplant 0.0350 1 142 18 375
pottedplant 0.0303 3 83 8 288
sheep 0.0256 3 83 8 288
