boat 0.0315 1 -7 494 134
bus 0.0441 233 85 261 109
bus 0.0370 -1 70 114 202
car 0.2171 233 87 261 112
car 0.0960 112 77 289 190
car 0.0934 0 69 129 214
car 0.0556 -1 65 153 150
car 0.0522 244 89 305 111
car 0.0478 2 97 56 221
car 0.0398 -1 57 215 189
car 0.0349 157 60 188 87
car 0.0348 267 44 392 119
motorbike 0.7526 11 66 272 269
motorbike 0.6515 240 33 474 280
motorbike 0.0892 126 76 283 248
motorbike 0.0532 233 87 261 112
motorbike 0.0491 164 81 307 201
motorbike 0.0489 3 62 172 231
motorbike 0.0366 29 66 287 175
person 0.0775 233 87 261 112
person 0.0709 157 60 188 87
