bottle 0.6784 376 127 439 321
bottle 0.6735 36 163 77 308
bottle 0.5917 307 134 351 313
bottle 0.5701 442 142 489 316
bottle 0.5412 90 142 138 310
bottle 0.5383 147 150 176 303
bottle 0.4215 241 135 284 317
bottle 0.4028 1 164 32 312
bottle 0.3555 282 141 306 299
bottle 0.3464 178 139 215 313
bottle 0.2908 218 141 238 300
bottle 0.1985 247 132 271 186
bottle 0.1869 172 118 213 224
bottle 0.1766 312 134 346 207
bottle 0.1723 355 143 374 298
bottle 0.1435 387 132 427 221
bottle 0.1312 96 141 133 212
bottle 0.1244 0 202 19 344
bottle 0.1192 180 321 236 361
bottle 0.1146 0 244 12 338
bottle 0.0978 5 166 29 216
bottle 0.0956 346 144 368 215
bottle 0.0764 126 139 158 308
bottle 0.0747 278 149 303 240
bottle 0.0740 236 127 275 250
bottle 0.0711 374 128 403 319
bottle 0.0702 212 127 243 262
bottle 0.0656 40 168 71 209
bottle 0.0653 136 131 163 186
bottle 0.0618 494 156 492 303
bottle 0.0607 217 141 247 195
diningtable 0.3115 1 227 494 361
diningtable 0.0854 124 187 621 360
diningtable 0.0569 140 279 542 368
person 0.3025 167 108 218 192
person 0.1949 90 142 138 310
person 0.1535 177 131 216 316
person 0.1266 237 128 281 314
person 0.1114 376 127 439 321
person 0.1092 307 134 351 313
person 0.0919 219 136 237 299
person 0.0892 146 141 177 300
person 0.0811 440 135 486 318
person 0.0726 282 141 306 299
person 0.0648 173 125 212 240
pottedplant 0.0585 90 142 138 310
tvmonitor 0.0740 177 321 232 360
tvmonitor 0.0582 448 122 492 202
