bicycle 0.0236 125 145 168 225
bird 0.0584 125 121 167 218
bird 0.0339 259 140 274 165
bird 0.0335 225 160 247 214
bird 0.0316 279 159 302 210
bird 0.0316 253 148 273 212
bird 0.0278 180 146 220 223
boat 0.0393 370 28 453 291
boat 0.0263 370 174 382 191
boat 0.0246 283 160 305 209
car 0.1695 0 189 496 316
car 0.0341 229 164 249 215
car 0.0312 123 152 169 223
car 0.0307 181 152 219 222
car 0.0281 279 159 302 210
car 0.0280 253 156 272 213
car 0.0253 260 157 280 212
cow 0.1436 125 145 168 225
cow 0.1362 181 143 220 222
cow 0.0793 228 160 250 214
cow 0.0418 279 159 302 210
cow 0.0404 253 156 272 213
cow 0.0295 211 155 236 215
cow 0.0257 259 140 274 165
cow 0.0232 164 164 189 216
dog 0.0807 125 124 167 221
dog 0.0387 180 146 220 223
dog 0.0317 225 160 247 214
dog 0.0274 279 156 302 208
dog 0.0257 257 153 276 211
horse 0.2598 124 134 168 225
horse 0.2424 181 143 220 222
horse 0.1270 228 160 250 214
horse 0.0831 279 159 302 210
horse 0.0816 257 153 276 211
horse 0.0436 166 152 196 218
horse 0.0363 150 152 181 218
horse 0.0314 259 141 274 173
motorbike 0.0471 125 145 168 225
motorbike 0.0354 180 146 220 223
motorbike 0.0314 228 160 250 214
motorbike 0.0243 279 159 302 210
person 0.3123 125 121 167 218
person 0.2501 257 153 276 211
person 0.2494 228 160 250 214
person 0.2203 279 156 302 208
person 0.1333 180 146 220 223
person 0.0751 259 141 274 173
person 0.0569 206 159 233 215
person 0.0371 129 125 155 169
person 0.0295 167 157 195 217
person 0.0270 468 182 480 208
person 0.0231 149 157 181 217
sheep 0.0569 123 152 169 223
sheep 0.0339 181 143 220 222
sheep 0.0282 225 165 246 214
sheep 0.0227 279 159 302 210
train 0.0230 124 130 168 225
train 0.0227 181 143 220 222
