bicycle 0.0596 -1 2 35 176
bicycle 0.0538 466 98 497 174
boat 0.1190 32 163 158 192
boat 0.0670 0 42 41 214
boat 0.0552 3 103 180 278
boat 0.0411 103 165 165 190
bottle 0.3008 364 152 388 203
bottle 0.1298 60 302 99 329
bottle 0.0667 342 157 363 198
bottle 0.0663 430 158 479 218
bottle 0.0576 399 2 416 21
bottle 0.0499 172 144 189 170
bottle 0.0459 0 34 42 201
bottle 0.0432 478 137 493 270
bus 0.0624 0 37 41 209
bus 0.0425 164 148 183 176
bus 0.0406 32 163 158 192
chair 0.3327 248 210 379 317
chair 0.2329 295 227 488 331
chair 0.1972 4 196 124 320
chair 0.1604 255 273 365 321
chair 0.0590 7 264 120 309
chair 0.0523 475 234 496 334
chair 0.0508 166 285 368 329
chair 0.0490 187 310 409 331
chair 0.0487 224 259 458 330
chair 0.0468 0 286 42 329
chair 0.0462 230 308 491 334
diningtable 0.3000 2 265 391 329
diningtable 0.0427 127 286 375 329
person 0.6795 190 68 280 287
person 0.1631 0 173 33 208
person 0.1454 288 111 308 151
person 0.0824 164 148 183 176
person 0.0644 340 54 365 88
person 0.0583 475 123 496 232
person 0.0497 2 154 31 274
person 0.0495 466 108 497 205
person 0.0409 12 153 155 197
pottedplant 0.1541 304 8 354 81
pottedplant 0.0915 363 0 405 22
pottedplant 0.0582 388 2 412 21
pottedplant 0.0565 321 44 369 155
pottedplant 0.0537 340 54 365 88
pottedplant 0.0523 46 95 144 182
pottedplant 0.0474 61 306 98 330
pottedplant 0.0432 0 25 43 190
sofa 0.0509 2 265 391 329
sofa 0.0493 4 195 124 317
train 0.0925 0 41 41 210
train 0.0799 22 157 160 193
train 0.0404 -7 38 65 292
tvmonitor 0.0472 0 34 42 201
tvmonitor 0.0465 429 154 479 216
