bird 0.2033 327 3 371 28
bird 0.1814 155 129 199 165
bird 0.1541 234 122 292 149
bird 0.1304 208 124 388 324
bird 0.1070 3 122 86 150
bird 0.1066 362 95 399 118
bird 0.0994 185 79 231 110
bird 0.0909 90 131 209 193
bird 0.0800 102 1 134 12
bird 0.0798 233 126 395 227
bird 0.0794 197 66 235 94
bird 0.0778 274 125 361 158
bird 0.0677 216 124 264 147
bird 0.0496 283 2 352 17
bird 0.0479 340 8 451 47
bird 0.0448 219 111 455 260
boat 0.0711 4 124 84 153
cat 0.0703 204 122 376 325
cat 0.0486 7 124 89 153
cat 0.0481 76 138 207 209
cat 0.0469 342 4 465 45
cat 0.0464 362 95 399 118
cow 0.0654 8 171 213 370
cow 0.0643 7 124 89 153
cow 0.0627 76 140 208 213
dog 0.3103 206 125 382 327
dog 0.0607 76 140 208 213
dog 0.0538 231 120 411 228
dog 0.0523 215 86 490 309
dog 0.0514 7 122 89 150
dog 0.0509 100 128 207 178
dog 0.0498 155 129 199 165
dog 0.0485 275 128 368 161
horse 0.0520 206 125 382 327
person 0.0466 162 131 199 164
sheep 0.3127 76 140 208 213
sheep 0.1719 7 124 89 153
sheep 0.1655 8 171 213 370
sheep 0.0887 207 122 382 325
sheep 0.0745 362 95 399 118
sheep 0.0679 102 1 134 12
sheep 0.0642 185 79 231 110
sheep 0.0639 36 130 217 293
sheep 0.0623 162 131 199 164
sheep 0.0623 343 6 464 48
sheep 0.0595 197 66 235 94
sheep 0.0500 234 122 292 149
