aeroplane 0.0348 81 1 492 370
bicycle 0.0940 0 60 18 111
bicycle 0.0326 81 1 492 370
boat 0.0263 0 27 13 109
bottle 0.0652 64 115 79 144
bottle 0.0602 56 116 72 143
bottle 0.0548 48 117 63 143
bottle 0.0530 40 117 56 143
bottle 0.0502 371 113 389 158
bottle 0.0374 368 0 494 372
bottle 0.0354 0 18 26 306
bottle 0.0338 0 71 26 195
bottle 0.0294 404 1 481 66
bottle 0.0282 0 27 13 109
car 0.0352 -2 42 7 112
car 0.0336 0 27 13 109
chair 0.0538 1 315 24 372
chair 0.0468 351 0 496 372
chair 0.0396 -1 66 13 111
chair 0.0353 0 27 13 109
chair 0.0277 436 2 496 369
chair 0.0268 467 3 496 368
dog 0.0282 351 0 496 372
horse 0.7088 83 29 490 371
motorbike 0.0494 0 60 18 111
motorbike 0.0265 351 0 496 372
person 0.4541 351 0 496 372
person 0.0641 436 2 496 369
person 0.0549 467 3 496 368
person 0.0540 482 5 497 366
person 0.0441 362 92 406 202
person 0.0371 307 44 454 268
person 0.0323 0 27 13 109
person 0.0294 403 2 443 58
person 0.0294 -2 42 7 112
person 0.0291 382 3 495 180
person 0.0290 491 92 496 343
person 0.0284 0 19 19 352
person 0.0282 201 0 496 372
person 0.0261 483 1 496 42
person 0.0259 492 105 495 354
person 0.0258 470 0 493 32
pottedplant 0.0610 0 60 18 111
pottedplant 0.0493 0 17 12 107
pottedplant 0.0293 0 63 26 179
sofa 0.0257 360 0 494 371
