aeroplane 0.0248 143 1 280 9
bicycle 0.8393 97 192 316 350
bird 0.0248 221 4 316 7
bird 0.0234 160 2 284 9
boat 0.0241 138 1 280 10
boat 0.0233 224 3 319 7
boat 0.0205 18 1 150 10
bottle 0.0427 96 196 316 353
bottle 0.0242 0 0 54 18
car 0.0352 143 1 280 9
car 0.0330 -2 1 51 25
car 0.0304 231 4 316 7
car 0.0264 191 2 315 8
car 0.0221 -1 3 29 23
car 0.0216 -1 0 24 11
car 0.0205 13 0 150 10
chair 0.0231 92 142 315 337
chair 0.0209 -2 1 51 25
motorbike 0.0253 98 189 315 346
person 0.7856 118 95 268 313
person 0.0324 -2 1 51 25
person 0.0215 221 4 316 7
person 0.0204 181 2 315 9
pottedplant 0.0296 231 4 316 7
pottedplant 0.0255 160 2 284 9
pottedplant 0.0233 -3 1 67 24
pottedplant 0.0218 3 0 50 11
pottedplant 0.0216 201 3 316 8
tvmonitor 0.0283 0 0 54 18
tvmonitor 0.0247 -11 0 102 26
tvmonitor 0.0247 3 1 124 10
tvmonitor 0.0219 47 2 162 9
tvmonitor 0.0212 143 1 280 9
tvmonitor 0.0212 43 0 177 18
tvmonitor 0.0201 231 4 316 7
