aeroplane 0.4962 0 29 496 264
aeroplane 0.4371 281 65 440 139
aeroplane 0.0914 262 23 490 249
aeroplane 0.0419 489 225 497 260
aeroplane 0.0320 424 170 500 242
aeroplane 0.0306 492 207 494 258
aeroplane 0.0289 191 52 467 199
aeroplane 0.0242 492 193 494 251
bicycle 0.0427 489 233 497 262
bicycle 0.0275 491 238 496 267
bird 0.0410 483 229 496 261
boat 0.0343 489 229 496 261
boat 0.0279 2 225 23 250
boat 0.0239 282 65 447 139
bottle 0.0332 489 233 497 262
bus 0.0507 2 225 23 250
bus 0.0412 492 205 494 255
bus 0.0346 489 221 497 259
car 0.0827 489 225 497 260
car 0.0616 492 207 494 258
car 0.0575 2 230 23 250
car 0.0413 339 234 359 252
car 0.0412 426 228 459 247
car 0.0412 111 241 133 254
car 0.0411 395 234 420 246
car 0.0393 347 234 366 251
car 0.0384 356 235 373 251
car 0.0336 368 233 384 248
car 0.0334 375 233 393 247
car 0.0323 380 234 404 246
car 0.0304 492 186 495 242
chair 0.0317 489 233 497 262
cow 0.0370 489 229 496 261
dog 0.0258 483 229 496 261
horse 0.0526 483 229 496 261
motorbike 0.0521 489 225 497 260
motorbike 0.0278 340 237 358 253
motorbike 0.0264 347 234 366 251
motorbike 0.0247 356 235 373 251
person 0.2894 484 225 495 260
person 0.1845 287 230 302 256
person 0.0652 351 235 370 251
person 0.0650 342 234 363 251
person 0.0285 426 228 459 247
pottedplant 0.0369 489 229 496 261
pottedplant 0.0280 109 238 135 253
pottedplant 0.0277 491 211 495 259
pottedplant 0.0256 291 233 304 256
pottedplant 0.0240 336 238 354 252
sheep 0.0247 489 233 497 262
