bottle 0.1456 442 315 490 372
bottle 0.1251 409 346 437 371
bottle 0.0713 383 307 494 374
bottle 0.0507 483 46 496 125
bottle 0.0455 393 298 469 355
bottle 0.0449 400 300 447 340
bottle 0.0281 477 256 495 320
bus 0.0595 482 44 496 122
car 0.0414 490 47 496 124
car 0.0316 491 69 495 144
cat 0.0414 59 0 201 14
cat 0.0359 59 -1 256 27
chair 0.7333 2 202 64 298
chair 0.2392 128 269 250 372
chair 0.1090 96 188 133 288
chair 0.0717 105 191 155 297
chair 0.0622 279 240 365 295
chair 0.0519 2 209 8 285
chair 0.0458 104 185 132 244
chair 0.0436 23 203 58 244
chair 0.0360 3 224 7 293
chair 0.0345 490 47 496 124
chair 0.0332 2 182 24 283
chair 0.0287 289 308 479 373
chair 0.0285 2 249 8 292
chair 0.0283 125 185 151 245
chair 0.0280 134 317 399 376
diningtable 0.1309 297 302 495 373
diningtable 0.0346 381 315 480 372
diningtable 0.0344 3 199 64 296
diningtable 0.0340 99 185 145 291
person 0.1055 483 46 496 125
person 0.1053 219 129 245 172
person 0.0513 99 184 138 286
person 0.0402 103 185 133 251
person 0.0338 0 243 10 374
person 0.0324 77 0 183 8
person 0.0292 492 307 494 374
person 0.0285 131 193 153 254
person 0.0283 441 310 491 372
pottedplant 0.0549 96 132 125 163
pottedplant 0.0423 125 161 152 192
pottedplant 0.0398 125 163 158 226
pottedplant 0.0321 104 185 132 244
pottedplant 0.0303 99 184 138 286
pottedplant 0.0298 490 49 496 129
sofa 0.1183 128 273 250 373
sofa 0.0706 3 199 64 296
sofa 0.0374 99 184 138 286
tvmonitor 0.0916 478 48 495 124
tvmonitor 0.0446 478 30 494 95
tvmonitor 0.0397 95 132 126 169
tvmonitor 0.0371 -8 5 198 249
tvmonitor 0.0358 -9 -1 145 21
tvmonitor 0.0331 99 184 138 286
tvmonitor 0.0319 126 164 157 230
tvmonitor 0.0300 128 163 156 196
tvmonitor 0.0298 294 244 365 296
tvmonitor 0.0294 103 185 133 251
