aeroplane 0.0438 272 110 293 144
bicycle 0.0437 272 116 293 149
bicycle 0.0325 178 143 309 245
bird 0.0486 272 113 293 146
bird 0.0321 231 111 271 154
boat 0.0480 273 106 293 142
boat 0.0295 226 109 270 145
boat 0.0289 180 104 315 138
boat 0.0283 19 -10 476 218
boat 0.0262 101 61 394 169
boat 0.0258 269 79 297 145
boat 0.0244 238 119 287 205
boat 0.0230 243 114 282 163
bottle 0.0403 272 116 293 149
bottle 0.0330 229 111 273 166
bottle 0.0312 264 130 293 194
bottle 0.0308 259 117 283 149
bottle 0.0305 229 119 289 229
bottle 0.0267 283 140 298 190
bottle 0.0261 209 111 255 167
car 0.0528 173 145 306 243
car 0.0348 272 113 293 146
car 0.0259 218 114 277 228
chair 0.0428 272 116 293 149
chair 0.0315 217 108 270 221
chair 0.0281 229 111 272 172
chair 0.0243 234 116 284 214
chair 0.0242 205 112 259 189
chair 0.0241 184 105 240 225
chair 0.0225 243 114 282 163
dog 0.0290 229 111 273 166
dog 0.0243 218 108 269 216
dog 0.0228 183 110 241 237
dog 0.0222 193 125 294 240
horse 0.0539 170 150 301 244
horse 0.0313 181 113 242 240
horse 0.0229 231 111 271 160
motorbike 0.2096 170 155 309 245
motorbike 0.0287 272 116 293 149
person 0.4493 183 109 241 233
person 0.3944 250 129 299 253
person 0.2217 226 111 269 172
person 0.0969 272 118 293 153
person 0.0610 267 127 290 179
person 0.0558 282 143 298 199
pottedplant 0.1347 272 113 293 146
pottedplant 0.0247 241 112 276 148
tvmonitor 0.0261 272 110 293 144
