aeroplane 0.0221 492 282 495 396
bird 0.0274 99 179 138 203
bird 0.0241 492 319 494 398
boat 0.0228 491 279 495 392
bottle 0.0348 370 1 499 283
bottle 0.0209 96 177 134 200
bus 0.0332 414 193 495 308
bus 0.0296 373 15 496 335
bus 0.0221 0 217 73 303
car 0.0329 422 200 494 314
car 0.0318 491 279 495 392
car 0.0274 371 1 499 277
car 0.0228 492 317 494 394
cat 0.0244 99 177 138 200
cow 0.0254 492 319 494 398
cow 0.0205 491 296 495 395
horse 0.0203 492 309 495 395
person 0.0376 99 179 138 203
person 0.0239 492 282 495 396
person 0.0208 415 93 494 322
person 0.0206 492 200 494 301
person 0.0205 366 9 495 328
person 0.0204 494 104 493 312
person 0.0203 493 192 494 296
pottedplant 0.0241 96 177 134 200
pottedplant 0.0238 369 0 500 260
sheep 0.0319 492 319 494 398
sheep 0.0246 491 296 495 395
train 0.6790 1 182 495 352
train 0.1202 421 194 495 306
train 0.0449 2 201 110 326
train 0.0289 5 181 170 352
train 0.0223 282 188 439 319
train 0.0216 0 239 50 295
tvmonitor 0.0486 370 1 499 283
