bird 0.1185 0 0 315 371
boat 0.0295 490 94 496 130
boat 0.0280 0 0 495 371
bottle 0.0326 3 0 344 371
car 0.0440 490 94 496 130
car 0.0359 491 87 495 126
car 0.0314 491 95 495 165
cat 0.5819 4 0 334 372
chair 0.0735 0 0 495 371
cow 0.0367 0 0 495 371
diningtable 0.0565 0 0 495 371
dog 0.0634 0 0 495 371
horse 0.0327 0 0 495 371
person 0.0740 0 0 495 371
person 0.0724 0 0 42 372
person 0.0553 490 93 496 184
person 0.0479 484 95 496 206
person 0.0387 491 86 495 238
person 0.0380 490 97 496 139
person 0.0365 -3 0 93 371
pottedplant 0.0764 1 0 322 371
pottedplant 0.0554 483 95 496 130
pottedplant 0.0450 484 95 496 165
pottedplant 0.0386 268 131 484 369
sheep 0.0350 0 0 495 371
sofa 0.0691 0 0 495 371
tvmonitor 0.0351 0 0 495 371
