bird 0.0472 310 308 419 350
bird 0.0448 210 278 269 333
bird 0.0396 235 291 455 349
bird 0.0332 206 294 258 340
bird 0.0207 201 271 388 346
bird 0.0206 183 288 218 334
boat 0.0330 73 130 491 341
car 0.0200 3 142 492 352
cat 0.0384 216 280 435 348
cat 0.0348 214 275 280 324
cat 0.0226 294 299 435 347
cat 0.0203 210 280 299 343
chair 0.0396 74 134 490 343
chair 0.0299 120 132 430 240
cow 0.1836 210 276 418 346
cow 0.0328 214 275 288 336
cow 0.0230 394 157 492 284
diningtable 0.0316 74 142 483 346
diningtable 0.0200 113 127 445 244
dog 0.1654 213 276 422 347
dog 0.0467 214 275 280 324
horse 0.0551 213 276 422 347
horse 0.0248 400 157 494 284
person 0.0228 492 140 495 249
person 0.0210 226 285 448 349
person 0.0206 212 274 282 331
pottedplant 0.0231 174 297 211 338
sheep 0.1344 213 276 422 347
sheep 0.0587 214 275 280 324
sheep 0.0348 204 274 330 343
sheep 0.0223 294 299 435 347
sheep 0.0209 187 234 456 348
sheep 0.0209 74 145 491 349
tvmonitor 0.0201 3 146 492 354
