aeroplane 0.0752 0 0 496 372
aeroplane 0.0230 -1 282 89 369
bird 0.0266 249 64 325 137
boat 0.1450 0 0 496 372
boat 0.0200 -1 280 89 367
bottle 0.0375 0 0 496 372
bus 0.1434 0 0 496 372
bus 0.0341 -1 282 89 369
car 0.8096 -1 280 89 367
car 0.1175 0 0 496 372
car 0.0355 12 291 29 314
car 0.0311 13 297 29 331
car 0.0297 20 287 53 318
car 0.0261 7 291 35 349
car 0.0219 1 276 2 312
chair 0.0356 0 0 496 372
cow 0.0497 0 0 496 372
diningtable 0.0262 0 0 496 372
dog 0.0207 0 0 496 372
horse 0.0241 0 0 496 372
motorbike 0.0320 -1 282 89 369
motorbike 0.0277 0 0 496 372
person 0.0293 0 0 496 372
person 0.0281 2 274 2 320
person 0.0273 1 271 2 311
person 0.0264 13 293 29 317
person 0.0240 17 288 40 312
person 0.0236 2 267 2 303
pottedplant 0.0206 0 0 496 372
sheep 0.0347 0 0 496 372
sofa 0.0280 0 0 496 372
train 0.2549 0 0 496 372
tvmonitor 0.0706 0 0 496 372
