boat 0.0283 0 225 27 257
boat 0.0267 1 175 25 248
bottle 0.0259 349 210 388 255
bus 0.8315 25 29 462 365
bus 0.1419 0 172 25 239
bus 0.0535 27 190 46 239
bus 0.0512 456 210 492 266
bus 0.0428 -4 139 30 226
bus 0.0426 0 225 27 257
bus 0.0397 440 192 492 273
bus 0.0331 228 16 494 366
bus 0.0292 448 70 500 348
bus 0.0275 30 209 43 243
car 0.5053 0 225 27 257
car 0.0932 2 186 30 255
car 0.0430 24 198 42 243
car 0.0424 29 215 44 243
car 0.0336 -1 165 6 247
car 0.0298 50 225 62 246
car 0.0273 -2 140 7 202
motorbike 0.0329 1 229 30 258
person 0.4402 349 212 388 258
person 0.1202 392 220 423 256
person 0.0590 28 194 45 241
person 0.0519 11 191 38 250
person 0.0437 2 186 30 255
person 0.0386 0 177 19 246
person 0.0373 19 2 492 369
person 0.0351 -1 174 5 268
person 0.0293 105 206 124 230
person 0.0266 -4 198 8 266
person 0.0259 493 213 494 275
train 0.0607 0 172 25 239
train 0.0339 0 225 27 257
tvmonitor 0.0281 462 210 494 266
