aeroplane 0.0519 281 1 323 5
bird 0.0618 281 1 323 5
bird 0.0427 233 2 292 5
bottle 0.3815 118 86 142 139
bottle 0.0364 60 70 106 126
car 0.0452 281 1 323 5
cat 0.5018 1 115 495 249
cat 0.3387 0 0 495 296
cat 0.0345 3 142 155 213
chair 0.0739 0 0 495 296
chair 0.0398 0 118 495 251
diningtable 0.0451 0 0 495 296
diningtable 0.0420 -1 219 497 299
dog 0.0516 0 1 58 135
dog 0.0405 6 0 426 248
dog 0.0357 3 142 155 213
horse 0.0323 0 2 57 138
person 0.2108 0 2 57 138
person 0.0532 118 86 142 139
person 0.0450 0 0 495 296
person 0.0432 281 1 323 5
person 0.0428 2 0 39 221
person 0.0371 1 7 17 190
person 0.0349 479 25 500 307
pottedplant 0.0344 281 1 323 5
sofa 0.0592 0 0 495 296
sofa 0.0367 0 118 495 255
tvmonitor 0.0662 0 0 495 296
tvmonitor 0.0330 116 4 480 142
