bird 0.0366 412 269 496 330
bird 0.0210 135 183 155 198
bird 0.0209 226 183 246 198
cat 0.0228 2 -84 493 175
cow 0.2470 133 183 153 198
cow 0.1760 226 183 246 198
cow 0.1140 181 183 199 199
cow 0.0725 265 184 282 197
cow 0.0673 293 181 312 195
cow 0.0673 261 185 274 196
cow 0.0639 330 180 353 194
diningtable 0.0225 0 242 496 342
dog 0.0381 135 183 155 198
dog 0.0242 226 183 246 198
dog 0.0211 183 183 201 199
dog 0.0203 331 179 352 193
horse 0.0513 135 183 155 198
horse 0.0310 226 183 246 198
horse 0.0208 181 183 199 199
sheep 0.5253 330 180 353 194
sheep 0.4415 226 183 246 198
sheep 0.4376 183 183 201 199
sheep 0.4313 293 181 312 195
sheep 0.3251 135 183 155 198
sheep 0.2957 263 184 279 197
sheep 0.0500 201 182 215 195
sheep 0.0405 210 182 222 194
sheep 0.0283 393 186 407 200
sheep 0.0263 149 182 174 194
sheep 0.0208 161 182 178 194
