aeroplane 0.0314 10 178 94 223
aeroplane 0.0215 76 159 106 176
boat 0.0509 12 181 98 224
bus 0.0525 11 180 93 225
car 0.6647 10 178 94 223
car 0.0654 79 162 110 179
car 0.0639 55 180 111 215
car 0.0614 17 179 32 191
car 0.0579 74 167 101 186
car 0.0497 80 171 110 194
car 0.0464 21 171 83 200
car 0.0286 51 167 92 187
car 0.0220 71 145 103 162
car 0.0202 -11 154 15 217
cat 0.1981 278 166 451 340
chair 0.0428 275 165 469 369
chair 0.0236 271 293 481 370
chair 0.0212 11 180 93 225
chair 0.0207 395 288 490 370
dog 0.3202 278 166 451 334
motorbike 0.0348 10 178 94 223
motorbike 0.0243 55 180 111 215
person 0.0282 18 177 31 188
person 0.0260 63 182 111 218
person 0.0237 79 176 111 201
person 0.0234 87 180 119 202
person 0.0215 74 167 101 186
person 0.0208 280 164 471 353
pottedplant 0.0262 272 289 480 369
pottedplant 0.0212 10 178 94 223
sheep 0.0339 11 180 93 225
sheep 0.0325 278 165 451 329
sofa 0.0308 274 165 462 369
train 0.0304 10 178 94 223
