bottle 0.2679 117 284 139 343
bottle 0.2293 195 372 254 498
bottle 0.0340 0 215 13 264
bus 0.5248 108 189 164 252
bus 0.5173 154 51 331 389
bus 0.0691 51 192 112 240
bus 0.0492 63 198 131 250
bus 0.0440 281 175 329 304
bus 0.0416 45 194 66 223
bus 0.0402 312 200 329 279
bus 0.0341 301 198 329 297
bus 0.0338 0 212 23 259
car 0.1825 0 235 48 275
car 0.1286 0 216 23 262
car 0.0844 109 194 163 253
car 0.0675 47 194 110 239
car 0.0641 47 198 69 226
car 0.0501 159 47 331 385
chair 0.0536 -1 378 181 491
chair 0.0486 0 244 55 383
chair 0.0352 0 360 331 494
diningtable 0.1325 -1 367 331 494
diningtable 0.0354 190 377 254 499
motorbike 0.0472 0 215 18 264
motorbike 0.0397 -1 225 39 269
person 0.7554 49 190 113 399
person 0.1660 286 151 324 219
person 0.0893 0 215 18 264
person 0.0828 155 42 330 383
person 0.0556 108 189 164 252
person 0.0532 117 284 139 343
person 0.0525 0 183 12 382
person 0.0483 61 199 117 256
person 0.0483 0 194 7 395
person 0.0453 217 74 325 350
person 0.0450 327 163 329 231
person 0.0412 0 228 54 368
person 0.0403 238 127 315 266
person 0.0357 272 169 328 310
person 0.0354 328 219 328 307
person 0.0347 328 186 328 278
person 0.0345 328 236 329 314
person 0.0343 175 230 201 304
pottedplant 0.0457 117 284 139 343
train 0.1425 154 39 331 378
train 0.0806 109 187 167 253
train 0.0525 51 192 112 240
tvmonitor 0.0391 162 44 333 381
