bottle 0.2321 456 247 483 317
bottle 0.0910 6 274 82 373
bottle 0.0602 81 94 109 130
chair 0.0990 18 216 109 365
chair 0.0840 395 315 490 372
chair 0.0633 2 37 493 287
chair 0.0502 395 239 498 372
diningtable 0.3847 2 250 494 361
diningtable 0.1062 -1 142 497 358
diningtable 0.0654 108 199 574 371
person 0.5658 208 42 381 264
person 0.2737 39 62 252 285
person 0.1249 484 165 495 253
person 0.1102 3 42 492 288
person 0.1020 29 75 145 278
person 0.0929 80 96 110 134
person 0.0710 485 87 494 285
person 0.0656 493 175 494 307
person 0.0605 493 179 493 315
person 0.0573 447 185 492 309
person 0.0487 492 89 494 265
pottedplant 0.0538 80 96 110 134
sofa 0.1267 2 37 493 287
tvmonitor 0.0487 401 320 491 373
