bird 0.0620 441 152 476 172
bird 0.0470 340 152 366 177
bird 0.0387 148 171 191 201
bird 0.0359 267 170 305 219
bird 0.0314 365 170 380 218
bird 0.0286 356 168 381 250
boat 0.0382 151 173 194 203
boat 0.0377 441 152 476 172
bottle 0.0581 356 175 382 260
bottle 0.0365 364 170 381 230
car 0.0536 148 171 191 201
car 0.0378 444 153 480 172
cat 0.0371 338 152 367 172
cat 0.0354 151 171 193 201
cat 0.0321 365 170 380 218
cat 0.0307 356 168 381 250
cat 0.0305 267 170 305 219
cat 0.0281 441 152 476 172
chair 0.0313 356 172 382 257
chair 0.0280 364 170 381 230
cow 0.2278 267 173 305 221
cow 0.1402 148 173 192 203
cow 0.0943 340 152 366 177
cow 0.0788 441 152 476 172
cow 0.0513 319 154 370 246
cow 0.0419 357 167 380 245
cow 0.0371 345 159 376 241
cow 0.0361 347 153 374 200
cow 0.0343 359 158 377 195
cow 0.0324 337 149 368 216
cow 0.0317 303 157 325 202
dog 0.0647 267 170 305 219
dog 0.0499 340 152 366 177
dog 0.0487 356 168 381 250
dog 0.0456 365 170 380 218
dog 0.0441 441 152 476 172
dog 0.0413 148 171 191 201
dog 0.0305 330 160 376 252
horse 0.0582 267 173 305 221
horse 0.0466 441 152 476 172
horse 0.0440 340 152 366 177
horse 0.0419 148 173 192 203
horse 0.0379 356 168 381 250
horse 0.0294 345 158 376 237
horse 0.0293 319 154 370 246
person 0.0610 356 170 381 254
person 0.0483 364 170 381 230
person 0.0295 330 166 376 258
sheep 0.4787 267 170 305 219
sheep 0.4315 151 171 193 201
sheep 0.2554 338 152 367 172
sheep 0.1206 444 153 480 172
sheep 0.1058 312 154 363 246
sheep 0.0935 303 157 325 197
sheep 0.0928 306 153 337 212
sheep 0.0819 333 154 372 240
sheep 0.0564 279 158 301 196
sheep 0.0547 359 158 377 195
sheep 0.0547 360 166 377 217
sheep 0.0444 356 168 381 250
