bottle 0.3252 337 235 376 288
bottle 0.1865 216 41 241 75
bottle 0.0528 -3 8 38 223
cat 0.0516 382 163 496 332
chair 0.0766 60 103 372 324
chair 0.0716 0 182 81 324
cow 0.0853 381 160 497 330
dog 0.4786 382 163 496 332
dog 0.1714 89 169 328 326
horse 0.1061 381 160 497 330
person 0.4585 62 80 308 327
person 0.1609 -2 15 44 231
person 0.0672 382 168 496 332
person 0.0570 337 235 376 288
person 0.0517 93 163 393 328
pottedplant 0.3043 38 132 144 202
pottedplant 0.0721 5 113 153 299
sofa 0.0980 63 96 361 327
sofa 0.0554 378 164 493 331
tvmonitor 0.0895 206 5 422 95
tvmonitor 0.0571 119 -2 485 181
