bottle 0.0614 51 351 84 371
bottle 0.0480 408 14 447 69
bottle 0.0476 -1 309 67 373
bottle 0.0372 -2 63 37 373
bottle 0.0368 132 205 190 341
bottle 0.0361 -2 23 130 348
bus 0.0402 260 55 361 151
bus 0.0377 148 54 253 164
cat 0.0413 264 56 362 151
chair 0.5302 208 279 372 373
chair 0.0944 308 260 499 375
chair 0.0935 67 258 131 371
chair 0.0521 309 339 490 371
chair 0.0472 0 290 81 374
chair 0.0446 92 338 254 372
chair 0.0377 89 315 304 372
chair 0.0355 138 351 334 371
chair 0.0354 151 364 320 370
chair 0.0349 -2 63 37 373
chair 0.0334 -2 189 99 375
chair 0.0327 51 283 358 375
chair 0.0325 6 327 90 372
diningtable 0.0629 4 150 491 373
diningtable 0.0405 206 280 367 372
dog 0.0370 -1 272 67 374
person 0.1260 -3 190 77 374
person 0.1236 156 1 221 59
person 0.0852 -2 63 37 373
person 0.0744 0 297 67 373
person 0.0469 260 55 361 151
person 0.0432 45 346 83 370
person 0.0421 150 53 251 155
person 0.0397 38 335 90 370
person 0.0379 -1 24 67 347
person 0.0337 0 262 18 373
person 0.0329 0 45 19 297
pottedplant 0.2655 408 14 447 69
pottedplant 0.0527 7 37 120 99
pottedplant 0.0462 -1 41 114 149
pottedplant 0.0391 1 34 127 237
sofa 0.0810 206 280 367 372
sofa 0.0510 304 270 495 376
sofa 0.0420 264 56 362 151
sofa 0.0346 314 333 493 372
sofa 0.0332 153 55 255 158
sofa 0.0331 0 277 81 374
tvmonitor 0.7920 264 56 362 151
tvmonitor 0.7786 148 54 253 164
tvmonitor 0.0648 66 254 132 369
