bicycle 0.0866 309 -3 372 194
bicycle 0.0779 251 83 348 177
bicycle 0.0545 258 9 365 181
bicycle 0.0500 287 41 318 71
bicycle 0.0466 301 73 357 148
bicycle 0.0411 313 71 369 174
bicycle 0.0355 285 22 356 89
bicycle 0.0351 289 36 339 76
bird 0.0604 287 41 318 71
bird 0.0354 322 106 370 193
bird 0.0303 276 452 305 487
boat 0.0445 274 452 303 488
boat 0.0381 346 196 371 228
boat 0.0343 323 136 369 194
boat 0.0330 287 44 318 75
bottle 0.0394 276 452 305 487
bottle 0.0322 287 41 318 71
bottle 0.0292 371 83 369 186
bottle 0.0287 322 113 370 194
car 0.0344 287 41 318 71
cat 0.0609 138 170 250 425
chair 0.0568 305 -4 370 132
chair 0.0354 288 44 322 75
chair 0.0295 330 0 369 73
cow 0.0390 135 171 249 425
cow 0.0286 285 44 315 75
dog 0.7466 138 170 250 425
dog 0.0414 287 44 318 75
horse 0.0321 135 171 249 425
horse 0.0306 287 41 318 71
motorbike 0.0438 287 41 318 71
motorbike 0.0289 247 72 346 173
person 0.0402 284 41 315 71
person 0.0367 135 171 249 425
pottedplant 0.3454 319 114 369 193
pottedplant 0.0677 321 -2 372 192
pottedplant 0.0632 256 94 366 190
pottedplant 0.0586 347 56 369 189
pottedplant 0.0557 360 68 368 184
pottedplant 0.0525 371 85 369 192
pottedplant 0.0477 287 41 318 71
pottedplant 0.0454 289 89 357 163
pottedplant 0.0394 358 5 370 193
pottedplant 0.0338 350 194 372 223
sheep 0.0470 285 44 315 75
sheep 0.0346 74 174 103 219
sofa 0.0288 141 166 252 423
