bicycle 0.0237 355 338 499 373
boat 0.0371 444 220 495 327
boat 0.0243 11 1 288 370
bottle 0.0790 415 181 462 207
bottle 0.0617 444 220 495 327
bottle 0.0290 2 0 258 372
bottle 0.0235 256 196 489 368
bus 0.0458 415 181 462 207
car 0.0443 415 181 462 207
cat 0.0307 3 0 250 371
chair 0.0656 3 0 250 371
chair 0.0589 351 247 496 370
chair 0.0480 288 193 496 371
chair 0.0303 415 181 462 207
chair 0.0291 255 186 404 366
chair 0.0289 326 330 497 375
chair 0.0261 245 1 484 370
diningtable 0.1279 254 196 482 368
diningtable 0.0316 3 0 250 371
diningtable 0.0248 349 225 497 369
diningtable 0.0243 3 151 492 373
person 0.0425 415 181 462 207
person 0.0353 252 1 484 370
person 0.0305 490 53 497 318
person 0.0278 487 79 500 339
person 0.0245 461 71 502 353
pottedplant 0.0473 444 216 495 320
pottedplant 0.0263 2 0 258 372
sofa 0.0246 3 0 250 371
train 0.0265 415 181 462 207
tvmonitor 0.5790 169 5 341 172
tvmonitor 0.2357 415 181 462 207
tvmonitor 0.0423 2 0 258 372
tvmonitor 0.0252 436 217 496 329
tvmonitor 0.0241 356 176 467 218
