bicycle 0.0706 0 152 11 219
bottle 0.2291 84 274 122 354
bottle 0.1100 360 128 385 166
bottle 0.1051 0 155 11 222
chair 0.0726 153 128 452 366
chair 0.0573 181 126 345 339
chair 0.0513 122 131 145 163
diningtable 0.1021 44 215 232 372
diningtable 0.0504 55 219 190 304
diningtable 0.0499 59 288 225 370
diningtable 0.0497 0 207 371 369
person 0.5864 216 91 498 367
person 0.4411 3 133 132 291
person 0.3534 184 126 357 338
person 0.2031 359 123 385 165
person 0.0901 115 156 247 267
person 0.0676 122 131 145 163
person 0.0519 1 155 10 298
pottedplant 0.5549 130 86 201 161
pottedplant 0.2344 122 131 145 163
pottedplant 0.1642 197 139 227 167
pottedplant 0.1081 50 219 187 310
pottedplant 0.0708 138 136 160 159
pottedplant 0.0692 0 158 11 225
pottedplant 0.0691 156 141 182 159
pottedplant 0.0657 142 120 188 162
pottedplant 0.0587 119 93 164 154
pottedplant 0.0585 132 115 167 156
sofa 0.1298 151 136 469 369
sofa 0.0593 0 204 496 366
tvmonitor 0.1443 0 88 20 154
