bottle 0.0276 412 134 457 167
bottle 0.0249 491 132 495 163
bus 0.0248 491 132 495 163
car 0.0320 491 134 495 166
chair 0.0402 479 134 493 166
chair 0.0303 -31 113 472 364
chair 0.0257 3 193 125 371
chair 0.0232 430 135 494 178
chair 0.0216 427 136 496 246
dog 0.0268 292 136 484 234
dog 0.0243 412 134 457 167
person 0.1994 412 134 457 167
person 0.1518 412 133 496 237
person 0.1007 322 134 493 237
person 0.0785 485 134 494 167
person 0.0400 493 130 494 200
person 0.0386 493 126 493 216
person 0.0357 493 124 494 229
person 0.0334 493 125 493 241
person 0.0301 348 128 468 190
person 0.0262 492 142 494 258
person 0.0207 492 138 495 298
pottedplant 0.0232 491 132 495 163
pottedplant 0.0205 479 134 493 166
sofa 0.8201 46 108 496 362
tvmonitor 0.0262 485 136 494 170
