boat 0.0518 99 24 396 288
bottle 0.5923 231 165 270 317
bottle 0.1345 5 0 123 372
bottle 0.0747 232 158 263 243
bottle 0.0663 265 205 323 294
bottle 0.0533 283 194 298 212
bottle 0.0471 213 101 282 270
bottle 0.0431 60 269 106 365
bus 0.0480 8 0 127 372
car 0.0448 459 179 473 192
cat 0.0408 337 200 493 370
chair 0.2441 337 200 493 370
chair 0.1830 335 184 418 222
chair 0.0911 269 208 327 292
chair 0.0811 119 215 227 308
chair 0.0809 4 197 108 368
chair 0.0718 78 213 174 363
chair 0.0559 309 190 327 210
chair 0.0538 316 209 351 274
chair 0.0523 5 0 123 372
chair 0.0507 331 196 375 274
chair 0.0496 297 194 314 211
chair 0.0476 348 168 435 203
chair 0.0455 416 181 438 195
chair 0.0446 325 192 349 220
chair 0.0440 327 196 362 251
chair 0.0426 392 181 431 195
chair 0.0414 290 194 306 212
chair 0.0409 93 216 238 371
diningtable 0.2119 117 281 339 365
diningtable 0.0675 335 184 418 222
diningtable 0.0625 136 203 359 372
diningtable 0.0430 265 205 323 294
person 0.0735 5 0 123 372
person 0.0612 286 194 302 212
person 0.0539 231 163 270 314
pottedplant 0.1325 330 177 407 217
pottedplant 0.0897 338 165 430 206
pottedplant 0.0736 416 181 438 195
pottedplant 0.0581 444 178 458 193
pottedplant 0.0541 312 189 330 211
pottedplant 0.0512 326 185 348 215
pottedplant 0.0475 289 191 307 209
pottedplant 0.0442 297 191 315 209
sofa 0.2258 335 194 495 370
sofa 0.1198 336 186 416 225
train 0.0710 5 0 123 372
tvmonitor 0.0676 86 4 135 97
tvmonitor 0.0667 335 184 418 222
tvmonitor 0.0626 8 0 127 372
tvmonitor 0.0586 265 205 323 294
tvmonitor 0.0411 124 217 230 312
