aeroplane 0.0369 104 64 156 107
aeroplane 0.0275 99 68 129 105
bicycle 0.0455 100 75 121 107
boat 0.0604 109 66 158 106
boat 0.0368 99 70 129 107
boat 0.0364 3 93 218 149
boat 0.0264 101 80 121 108
boat 0.0251 307 167 336 199
boat 0.0211 7 109 34 133
boat 0.0206 100 59 145 78
bottle 0.0873 100 75 121 107
bottle 0.0323 307 168 336 203
bottle 0.0301 109 68 158 108
bus 0.0877 104 64 156 107
bus 0.0424 108 140 279 241
car 0.8698 108 140 279 241
car 0.2596 104 64 156 107
car 0.0364 6 107 28 129
car 0.0226 65 64 78 78
chair 0.0334 104 66 157 110
chair 0.0319 99 70 129 107
chair 0.0290 101 80 121 108
cow 0.0313 99 71 122 106
cow 0.0218 104 64 156 107
dog 0.0217 99 70 129 107
horse 0.0316 99 70 129 107
motorbike 0.0890 99 70 129 107
motorbike 0.0425 105 70 156 112
person 0.2045 99 71 122 106
person 0.0290 65 64 78 78
pottedplant 0.0400 100 75 121 107
pottedplant 0.0250 104 64 156 107
sheep 0.0321 307 167 336 199
sheep 0.0281 109 68 158 108
sheep 0.0244 99 70 129 107
train 0.0585 104 64 156 107
train 0.0439 99 70 129 107
tvmonitor 0.0357 104 66 157 110
tvmonitor 0.0240 374 102 488 375
