bicycle 0.0482 5 214 20 262
boat 0.0422 0 65 496 276
bottle 0.0373 5 205 21 258
bus 0.5265 0 79 495 292
bus 0.0411 454 194 478 224
bus 0.0409 459 203 474 227
bus 0.0401 444 176 489 230
bus 0.0396 391 149 479 257
bus 0.0343 427 165 490 241
bus 0.0308 463 197 485 221
bus 0.0302 468 188 495 219
bus 0.0299 485 187 495 220
bus 0.0295 466 204 482 225
bus 0.0279 449 201 467 229
car 0.1430 -11 124 460 288
car 0.0389 462 204 478 226
car 0.0361 492 188 495 223
car 0.0356 493 195 494 229
car 0.0352 8 195 18 211
car 0.0306 4 201 21 257
car 0.0290 0 201 4 257
motorbike 0.0496 5 209 20 261
person 0.3331 4 199 21 253
person 0.3090 457 207 482 264
person 0.0830 458 206 474 235
person 0.0683 353 166 376 193
person 0.0671 361 168 384 191
person 0.0652 5 196 13 216
person 0.0359 392 174 416 191
person 0.0337 404 174 427 191
person 0.0299 0 56 495 273
pottedplant 0.0395 5 209 20 261
train 0.0477 0 102 495 292
tvmonitor 0.0885 0 91 495 291
tvmonitor 0.0472 -1 4 497 167
