aeroplane 0.0345 219 103 354 115
aeroplane 0.0219 492 210 494 267
aeroplane 0.0219 457 55 491 111
aeroplane 0.0207 493 196 493 269
aeroplane 0.0200 270 106 365 113
bird 0.0801 483 283 496 328
bird 0.0713 471 273 492 297
bird 0.0486 484 285 495 373
bird 0.0311 50 170 116 206
bird 0.0239 258 356 291 372
bird 0.0234 492 210 494 267
bird 0.0227 426 290 490 368
boat 0.0317 471 273 492 297
boat 0.0294 493 207 493 264
boat 0.0291 490 284 496 327
boat 0.0288 230 104 358 115
boat 0.0255 491 285 495 349
boat 0.0238 161 99 350 119
boat 0.0224 493 211 494 283
boat 0.0213 477 276 494 311
boat 0.0211 111 86 384 121
car 0.0356 493 207 493 264
car 0.0314 493 213 493 270
car 0.0278 493 211 494 283
car 0.0230 490 287 496 336
car 0.0210 50 170 116 206
car 0.0203 381 139 402 151
cat 0.0336 483 283 496 328
cat 0.0270 471 273 492 297
cat 0.0252 50 170 116 206
cow 0.5277 50 170 116 206
cow 0.0455 489 287 496 330
cow 0.0413 94 177 111 195
cow 0.0341 477 276 494 306
cow 0.0303 492 210 494 267
cow 0.0289 491 284 495 356
cow 0.0231 493 196 493 269
cow 0.0226 493 208 493 292
cow 0.0220 492 204 494 307
dog 0.1412 50 170 116 206
dog 0.0439 483 283 496 328
dog 0.0352 71 175 118 201
dog 0.0294 471 273 492 297
dog 0.0281 94 178 111 198
horse 0.1157 50 170 116 206
horse 0.0338 483 285 496 331
horse 0.0218 476 275 494 301
person 0.0417 255 356 287 373
person 0.0344 491 285 495 349
person 0.0330 490 284 496 327
person 0.0300 48 170 113 207
person 0.0273 490 285 496 373
person 0.0255 101 177 112 194
person 0.0251 493 207 493 264
person 0.0239 493 213 493 270
person 0.0235 493 211 494 283
person 0.0227 492 206 494 300
person 0.0212 490 208 496 309
person 0.0209 490 275 496 312
pottedplant 0.0620 255 356 287 373
pottedplant 0.0338 202 321 355 378
pottedplant 0.0233 492 293 495 382
pottedplant 0.0210 93 357 316 372
pottedplant 0.0202 49 262 446 391
pottedplant 0.0201 476 307 495 380
sheep 0.2128 50 170 116 206
sheep 0.0935 483 283 496 328
sheep 0.0798 472 275 492 300
sheep 0.0387 492 210 494 267
sheep 0.0336 94 178 111 198
sheep 0.0333 490 284 496 369
sheep 0.0276 493 208 493 292
sheep 0.0254 492 204 494 307
sheep 0.0220 490 209 496 314
train 0.0368 48 170 113 207
