bird 0.0410 109 30 331 83
bird 0.0345 30 5 402 90
bottle 0.0587 450 207 475 264
bottle 0.0376 406 213 425 239
bottle 0.0371 461 156 495 303
chair 0.6405 128 202 219 351
chair 0.3228 93 191 144 297
chair 0.1981 236 205 344 371
chair 0.1552 245 188 320 276
chair 0.0858 217 215 473 372
chair 0.0692 231 186 264 220
chair 0.0639 159 176 188 207
chair 0.0526 113 188 296 336
chair 0.0508 222 183 280 287
chair 0.0451 191 184 218 211
chair 0.0422 229 189 273 241
chair 0.0408 460 212 496 376
chair 0.0363 168 188 249 294
chair 0.0344 103 178 149 205
diningtable 0.3037 109 200 324 347
diningtable 0.1874 299 227 493 373
diningtable 0.0870 124 193 215 313
diningtable 0.0528 105 191 179 309
diningtable 0.0525 218 191 324 361
diningtable 0.0428 216 178 467 369
diningtable 0.0343 87 190 135 292
person 0.0595 460 124 495 264
person 0.0539 482 134 497 354
person 0.0529 451 198 481 278
person 0.0515 466 134 497 365
person 0.0488 491 128 496 261
pottedplant 0.0861 84 119 145 210
pottedplant 0.0467 55 31 181 234
sofa 0.0519 127 202 227 350
sofa 0.0504 96 192 148 296
sofa 0.0369 247 189 326 276
sofa 0.0363 220 221 477 373
