aeroplane 0.0324 0 209 10 232
aeroplane 0.0243 0 193 4 231
bicycle 0.0209 0 209 10 232
boat 0.0383 0 209 10 232
boat 0.0277 0 199 5 231
boat 0.0260 2 166 8 229
boat 0.0239 0 172 4 234
boat 0.0234 31 178 66 199
bottle 0.0306 0 3 19 34
bottle 0.0243 0 206 6 235
bus 0.7453 105 120 382 269
bus 0.0486 34 174 69 197
bus 0.0434 2 166 8 229
bus 0.0311 0 209 10 232
bus 0.0278 0 199 5 231
bus 0.0256 361 114 493 234
bus 0.0239 1 154 9 205
bus 0.0228 284 157 398 203
car 0.1019 0 209 10 232
car 0.0444 0 166 4 234
car 0.0294 32 175 64 196
car 0.0238 0 0 5 26
car 0.0220 373 190 388 222
chair 0.0273 0 209 10 232
chair 0.0221 0 3 19 34
chair 0.0216 0 -1 121 39
chair 0.0205 0 186 4 232
motorbike 0.0267 0 209 10 232
motorbike 0.0209 0 193 4 231
person 0.0431 373 190 388 222
person 0.0430 0 206 6 235
person 0.0412 0 186 4 232
person 0.0355 1 159 9 218
person 0.0316 31 178 66 199
person 0.0289 0 3 19 28
person 0.0282 109 124 386 270
person 0.0232 192 211 208 253
person 0.0220 270 162 389 203
person 0.0202 71 169 104 208
pottedplant 0.0393 0 209 10 232
pottedplant 0.0241 0 3 12 28
sheep 0.0209 0 210 5 237
sofa 0.0200 2 0 141 66
train 0.0448 32 175 64 196
train 0.0272 0 206 6 235
train 0.0247 2 166 8 229
train 0.0244 0 186 4 232
train 0.0208 -1 113 387 264
tvmonitor 0.1033 7 2 355 153
tvmonitor 0.0693 0 0 136 67
tvmonitor 0.0496 5 2 83 35
tvmonitor 0.0414 0 3 19 28
tvmonitor 0.0281 0 -1 137 133
tvmonitor 0.0263 58 6 366 89
tvmonitor 0.0212 0 209 10 232
tvmonitor 0.0202 28 -22 467 112
