aeroplane 0.0292 463 116 494 197
aeroplane 0.0278 422 135 455 170
boat 0.0467 465 117 496 200
bottle 0.0267 463 116 494 197
bus 0.8190 138 7 427 235
bus 0.1925 463 116 494 197
bus 0.0811 16 2 142 199
bus 0.0725 384 121 407 145
bus 0.0675 422 135 455 170
bus 0.0475 424 98 462 167
bus 0.0448 471 96 492 170
bus 0.0446 131 15 223 145
bus 0.0392 462 94 486 172
bus 0.0282 437 94 479 171
bus 0.0265 75 9 185 198
car 0.4446 422 135 455 170
car 0.4240 463 116 494 197
car 0.0699 448 134 469 172
car 0.0422 470 106 493 171
car 0.0346 145 7 435 236
car 0.0321 387 120 412 145
car 0.0262 450 99 482 178
person 0.0689 384 121 407 145
person 0.0664 463 116 494 197
person 0.0511 145 10 434 243
person 0.0423 320 100 338 125
person 0.0407 16 2 142 199
person 0.0387 332 109 351 139
person 0.0366 348 117 366 143
person 0.0339 245 38 398 210
person 0.0338 319 87 340 114
person 0.0335 335 111 356 148
person 0.0331 470 106 493 171
person 0.0294 452 126 472 175
person 0.0285 214 71 273 118
person 0.0276 486 109 500 198
person 0.0275 419 136 452 170
person 0.0254 442 134 466 172
train 0.1225 3 3 133 192
train 0.0671 465 117 496 200
train 0.0372 1 4 49 179
train 0.0281 422 135 455 170
train 0.0277 44 2 177 188
train 0.0271 142 7 430 235
tvmonitor 0.0405 463 116 494 197
tvmonitor 0.0272 142 7 430 235
