aeroplane 0.0581 3 34 15 56
bicycle 0.1993 2 40 16 61
bicycle 0.0633 23 52 58 96
bicycle 0.0539 56 30 72 82
bird 0.1809 101 223 190 376
bird 0.0765 2 36 15 58
boat 0.0614 25 49 63 93
bottle 0.0567 2 36 15 58
bottle 0.0555 480 22 492 50
car 0.2083 88 4 297 180
car 0.1162 351 17 495 160
car 0.1111 428 24 496 147
car 0.1013 187 3 252 51
car 0.0824 3 34 15 56
car 0.0741 212 5 275 43
car 0.0653 137 36 155 54
car 0.0649 98 35 108 55
car 0.0632 77 1 347 346
car 0.0611 105 36 116 53
car 0.0590 258 3 292 81
car 0.0536 90 35 100 55
chair 0.1857 22 54 59 100
chair 0.0697 29 78 99 187
chair 0.0631 5 37 19 58
cow 0.0646 97 37 108 57
cow 0.0619 3 34 15 56
cow 0.0540 90 37 100 58
dog 0.0721 2 36 15 58
horse 0.0923 2 36 15 58
horse 0.0794 97 37 108 57
horse 0.0587 60 29 75 77
horse 0.0572 83 36 92 59
motorbike 0.2153 94 71 354 352
motorbike 0.2053 344 3 487 158
motorbike 0.1688 2 36 15 58
motorbike 0.0840 68 -1 325 280
motorbike 0.0715 263 4 294 91
motorbike 0.0587 374 8 402 64
person 0.3952 60 28 74 67
person 0.2277 87 36 96 59
person 0.1537 2 36 15 58
person 0.1360 432 0 470 44
person 0.1084 42 36 54 60
person 0.0991 262 3 294 86
person 0.0959 134 40 149 55
person 0.0725 480 22 492 50
person 0.0604 429 6 479 66
person 0.0600 269 4 288 28
person 0.0567 23 47 58 90
person 0.0562 175 8 202 41
person 0.0546 181 4 220 45
pottedplant 0.1007 480 22 492 50
pottedplant 0.0973 263 4 294 91
pottedplant 0.0795 472 5 492 44
pottedplant 0.0769 2 36 15 58
pottedplant 0.0727 433 0 475 48
pottedplant 0.0727 405 220 488 333
pottedplant 0.0617 477 -3 495 30
pottedplant 0.0549 398 0 425 25
sheep 0.0604 3 34 15 56
