aeroplane 0.5528 64 59 501 294
aeroplane 0.0892 0 208 56 245
aeroplane 0.0674 333 133 489 215
aeroplane 0.0539 322 228 493 318
aeroplane 0.0338 260 104 492 238
aeroplane 0.0336 75 205 146 248
aeroplane 0.0318 40 191 118 250
aeroplane 0.0313 59 190 162 251
aeroplane 0.0274 259 103 431 191
aeroplane 0.0269 35 150 155 244
aeroplane 0.0265 0 188 18 218
bicycle 0.0252 415 79 431 93
bird 0.0429 418 81 435 96
bird 0.0351 434 137 459 158
boat 0.1963 216 313 270 332
boat 0.1286 1 214 56 245
boat 0.0584 277 293 312 312
boat 0.0519 338 135 492 218
boat 0.0481 322 228 493 318
boat 0.0333 0 179 42 227
boat 0.0307 0 221 10 244
bus 0.0297 -1 115 75 186
bus 0.0291 1 214 56 245
car 0.0674 1 214 56 245
car 0.0458 216 313 270 332
car 0.0418 315 227 492 319
car 0.0355 0 221 10 244
car 0.0329 -1 114 75 180
car 0.0292 0 206 10 236
car 0.0264 470 160 493 188
car 0.0254 491 274 495 325
car 0.0254 491 156 495 186
chair 0.0425 120 226 187 303
chair 0.0369 476 198 496 324
chair 0.0360 491 200 496 324
chair 0.0290 2 221 55 249
chair 0.0255 490 257 496 325
person 0.0685 483 191 495 321
person 0.0583 434 137 459 158
person 0.0453 490 178 496 293
person 0.0368 276 213 312 304
person 0.0353 491 153 495 282
person 0.0347 250 237 260 257
person 0.0306 418 81 435 96
person 0.0305 103 228 126 254
person 0.0305 136 220 179 279
person 0.0303 490 257 496 325
person 0.0281 334 127 355 144
person 0.0263 491 278 495 327
person 0.0262 197 236 235 305
person 0.0259 492 142 494 270
person 0.0252 0 213 3 251
pottedplant 0.0279 99 229 122 253
pottedplant 0.0276 418 81 435 96
sheep 0.0362 216 313 270 332
train 0.0285 1 214 56 245
tvmonitor 0.0262 216 313 270 332
