aeroplane 0.1660 1 0 494 371
bicycle 0.0862 1 34 495 384
car 0.3324 1 0 494 371
car 0.0918 447 1 485 8
car 0.0884 428 2 473 6
car 0.0688 243 2 306 5
car 0.0671 231 2 287 6
car 0.0535 64 58 352 208
car 0.0519 215 0 241 9
car 0.0517 146 99 465 370
horse 0.0650 1 0 494 371
motorbike 0.4380 1 34 495 384
motorbike 0.0744 217 0 246 12
motorbike 0.0560 201 0 231 13
motorbike 0.0540 179 0 214 19
person 0.3798 52 12 99 101
person 0.3520 142 12 172 47
person 0.3284 -2 66 37 124
person 0.2870 121 15 147 51
person 0.2803 96 16 125 68
person 0.2513 26 33 47 91
person 0.2104 2 32 24 81
person 0.1560 6 30 19 53
person 0.1310 33 25 48 47
person 0.1016 60 13 91 47
person 0.0914 1 60 41 170
person 0.0746 215 0 241 9
person 0.0616 1 34 495 384
person 0.0578 166 2 211 23
person 0.0524 198 0 227 13
person 0.0524 181 0 212 14
train 0.0538 1 0 494 371
