bicycle 0.0813 3 207 46 352
bicycle 0.0480 462 106 493 218
bicycle 0.0416 336 167 361 197
bicycle 0.0377 193 159 269 288
bird 0.0550 456 87 492 202
boat 0.0358 458 106 490 217
bottle 0.2035 245 144 258 174
bottle 0.0779 335 163 363 196
bottle 0.0520 256 144 332 309
bottle 0.0402 189 157 266 285
bottle 0.0380 101 142 128 229
car 0.0403 458 106 490 217
cat 0.0399 331 164 359 195
cat 0.0370 457 101 491 211
chair 0.6230 194 162 268 290
chair 0.3374 135 142 172 206
chair 0.2600 169 146 216 266
chair 0.2314 152 138 194 215
chair 0.1107 3 206 46 341
chair 0.0942 458 106 490 217
chair 0.0936 331 164 359 195
chair 0.0933 109 140 135 213
chair 0.0848 0 185 42 291
chair 0.0818 179 140 198 172
chair 0.0615 193 142 216 170
chair 0.0484 240 163 271 279
chair 0.0458 456 68 492 296
chair 0.0424 246 154 280 258
chair 0.0349 241 145 270 220
chair 0.0343 0 197 11 344
cow 0.0544 458 106 490 217
diningtable 0.3313 189 157 266 285
diningtable 0.0584 240 163 271 279
diningtable 0.0525 132 142 168 205
diningtable 0.0410 213 150 275 227
diningtable 0.0402 143 139 188 214
diningtable 0.0360 331 164 359 195
diningtable 0.0358 252 148 322 311
dog 0.0554 458 106 490 217
dog 0.0373 331 164 359 195
horse 0.1034 458 106 490 217
person 0.0836 458 106 490 217
person 0.0713 237 199 351 371
person 0.0477 335 163 363 196
person 0.0443 456 52 492 319
person 0.0410 189 157 266 285
person 0.0348 248 144 261 174
person 0.0346 105 145 131 225
person 0.0344 3 207 46 352
pottedplant 0.0382 241 142 254 170
pottedplant 0.0362 5 212 51 358
pottedplant 0.0352 336 167 361 197
sheep 0.0453 457 101 491 211
sofa 0.0663 191 159 265 288
sofa 0.0503 462 106 493 218
sofa 0.0398 135 142 172 206
tvmonitor 0.0443 324 49 397 134
tvmonitor 0.0405 105 140 132 214
