aeroplane 0.0618 477 140 495 183
aeroplane 0.0352 477 113 494 176
aeroplane 0.0347 234 158 292 184
bicycle 0.0608 234 158 292 184
bicycle 0.0509 275 152 290 177
bicycle 0.0486 477 140 495 183
bicycle 0.0327 237 144 250 179
bird 0.0927 275 147 290 176
bird 0.0857 236 138 250 174
bird 0.0740 234 147 292 183
bird 0.0706 478 143 494 186
bird 0.0402 486 143 493 227
bird 0.0370 479 121 493 267
boat 0.2199 234 164 292 183
boat 0.1013 477 137 495 181
boat 0.0716 476 83 495 177
bottle 0.0503 237 144 250 179
bottle 0.0485 234 147 292 183
bottle 0.0467 275 152 290 177
bottle 0.0462 260 145 290 178
bottle 0.0375 477 140 495 183
bottle 0.0288 238 136 249 165
bus 0.0331 477 137 495 181
bus 0.0287 234 164 292 183
car 0.1817 477 140 495 183
car 0.0352 234 164 292 183
car 0.0331 476 83 495 177
cat 0.0450 477 140 495 183
chair 0.0473 478 143 494 186
cow 0.1508 477 140 495 183
cow 0.0569 483 150 495 203
cow 0.0516 275 147 290 176
cow 0.0441 237 140 250 177
cow 0.0380 239 148 294 181
cow 0.0360 494 138 492 244
cow 0.0313 239 160 264 181
dog 0.0784 275 147 290 176
dog 0.0752 478 143 494 186
dog 0.0651 238 140 256 178
dog 0.0624 260 145 290 178
dog 0.0602 240 143 294 180
dog 0.0320 484 150 494 215
horse 0.1024 477 140 495 183
horse 0.0786 275 147 290 176
horse 0.0673 260 145 290 178
horse 0.0667 237 140 250 177
horse 0.0633 240 143 294 180
motorbike 0.0818 477 140 495 183
person 0.2927 236 138 250 174
person 0.2568 275 144 290 174
person 0.1846 240 143 294 180
person 0.0794 477 137 495 181
person 0.0431 491 150 495 203
person 0.0420 490 105 496 179
person 0.0388 479 150 493 202
person 0.0362 494 141 492 236
person 0.0356 493 149 493 216
person 0.0346 485 88 494 330
person 0.0333 493 125 493 276
person 0.0313 494 133 493 256
pottedplant 0.0405 477 140 495 183
sheep 0.2169 477 140 495 183
sheep 0.0430 275 147 290 176
sheep 0.0417 237 170 266 182
sheep 0.0390 239 160 264 181
sheep 0.0362 237 140 250 177
sheep 0.0353 257 160 292 181
sheep 0.0346 260 145 290 178
sheep 0.0345 234 158 285 183
sheep 0.0320 240 143 294 180
sheep 0.0290 239 143 262 180
train 0.0618 477 140 495 183
train 0.0464 234 164 292 183
train 0.0385 235 142 292 182
