bottle 0.0849 398 234 417 283
bottle 0.0638 198 203 219 250
bottle 0.0592 193 168 224 249
bottle 0.0499 247 141 263 171
bottle 0.0498 167 227 468 372
bottle 0.0488 71 2 120 23
bottle 0.0440 210 108 246 163
bottle 0.0430 257 216 285 243
bottle 0.0395 330 227 352 255
bottle 0.0393 303 141 332 172
bottle 0.0374 197 143 212 174
bottle 0.0374 244 120 266 168
bottle 0.0353 205 144 219 174
bottle 0.0344 46 0 113 31
chair 0.6259 90 228 225 371
chair 0.1231 140 238 331 373
chair 0.1227 102 189 174 252
chair 0.0802 167 232 469 373
chair 0.0494 109 202 190 268
chair 0.0420 90 202 194 315
chair 0.0420 260 218 288 246
chair 0.0410 393 211 422 265
chair 0.0403 392 197 438 256
chair 0.0394 427 302 497 373
chair 0.0389 2 220 126 367
chair 0.0382 433 246 491 365
chair 0.0380 326 224 348 252
chair 0.0377 428 339 495 372
chair 0.0361 193 168 224 249
chair 0.0337 37 231 122 333
diningtable 0.6188 172 236 471 375
diningtable 0.0889 116 216 371 366
diningtable 0.0559 94 225 244 369
sofa 0.0479 166 236 462 374
sofa 0.0351 88 224 220 370
tvmonitor 0.0687 192 165 225 235
tvmonitor 0.0420 172 236 471 375
tvmonitor 0.0375 309 144 342 174
tvmonitor 0.0371 207 108 241 158
