aeroplane 0.0520 202 145 238 166
aeroplane 0.0422 3 144 46 168
aeroplane 0.0404 323 135 383 169
aeroplane 0.0389 473 146 497 165
aeroplane 0.0361 101 145 152 167
aeroplane 0.0344 447 146 493 166
aeroplane 0.0344 46 145 97 167
aeroplane 0.0292 153 145 192 163
aeroplane 0.0285 242 148 261 164
boat 0.1266 145 162 168 191
boat 0.1124 232 162 262 199
boat 0.1081 332 163 358 185
boat 0.0985 265 162 285 191
boat 0.0668 202 145 238 166
boat 0.0518 206 167 218 190
boat 0.0517 3 144 46 168
boat 0.0446 242 149 260 167
boat 0.0407 327 135 385 168
boat 0.0371 150 146 189 165
boat 0.0345 105 145 154 167
boat 0.0331 49 145 101 167
boat 0.0315 307 145 336 166
boat 0.0287 1 174 10 204
bus 0.0776 202 145 238 166
bus 0.0619 3 142 47 166
bus 0.0528 242 148 261 164
bus 0.0478 323 135 383 169
bus 0.0478 101 145 152 167
bus 0.0442 153 145 192 163
bus 0.0427 488 145 498 163
bus 0.0425 46 145 97 167
bus 0.0425 473 146 497 165
bus 0.0328 447 146 493 166
bus 0.0307 216 146 254 166
bus 0.0301 406 145 448 163
bus 0.0291 0 145 10 164
bus 0.0279 303 141 341 163
car 0.4550 323 135 383 169
car 0.4495 101 145 152 167
car 0.4211 202 145 238 166
car 0.4108 46 145 97 167
car 0.3960 153 145 192 163
car 0.3569 434 144 490 165
car 0.2337 3 142 47 166
car 0.2117 402 145 444 163
car 0.1752 304 143 339 164
car 0.1341 242 148 261 164
car 0.1132 379 144 428 164
car 0.0933 284 144 312 164
car 0.0563 122 147 169 165
car 0.0372 181 147 204 162
chair 0.0394 1 176 10 213
chair 0.0372 202 145 238 166
chair 0.0340 242 149 260 167
chair 0.0329 324 136 381 175
chair 0.0323 489 150 497 169
chair 0.0315 3 144 46 168
chair 0.0305 473 146 497 165
chair 0.0287 311 145 340 166
chair 0.0277 150 146 189 165
motorbike 0.0330 374 147 394 169
motorbike 0.0327 467 149 495 167
motorbike 0.0313 324 136 381 175
motorbike 0.0294 283 144 306 164
motorbike 0.0282 437 145 488 166
person 0.0690 371 147 389 169
person 0.0550 281 145 300 166
person 0.0527 488 147 497 164
person 0.0521 242 149 260 167
person 0.0387 489 141 497 159
person 0.0353 1 149 17 167
person 0.0325 81 148 108 168
person 0.0304 239 148 263 193
person 0.0299 324 136 381 175
person 0.0299 307 145 336 166
person 0.0280 490 149 496 180
pottedplant 0.0303 332 159 357 185
pottedplant 0.0275 281 145 300 166
sheep 0.0354 202 145 238 166
train 0.0479 202 145 238 166
train 0.0432 3 142 47 166
train 0.0282 101 145 152 167
train 0.0276 327 135 385 168
train 0.0276 153 145 192 163
