aeroplane 0.0579 0 193 496 371
bird 0.1233 318 39 497 332
bird 0.0921 2 -1 86 373
bird 0.0592 143 47 515 370
boat 0.0660 0 199 495 371
boat 0.0602 9 0 486 372
bottle 0.0480 0 0 81 372
car 0.0780 120 300 288 369
car 0.0602 72 287 423 371
cat 0.1340 319 49 496 299
cat 0.0524 0 0 81 372
cow 0.0732 2 -1 86 373
cow 0.0480 146 286 482 372
dog 0.1149 0 0 81 372
dog 0.0875 318 39 497 332
dog 0.0630 153 286 490 371
horse 0.1254 2 -1 86 373
horse 0.0458 -1 0 176 371
horse 0.0445 125 292 464 371
person 0.2515 0 0 81 372
person 0.1524 0 0 284 371
person 0.0931 315 42 500 370
person 0.0620 146 286 482 372
person 0.0466 4 68 171 372
person 0.0427 0 -1 105 67
pottedplant 0.0702 9 0 486 372
sheep 0.0424 2 -1 86 373
