bicycle 0.0351 1 2 371 493
bird 0.0346 1 2 371 493
car 0.0434 1 2 371 493
cat 0.0728 0 -3 371 264
cat 0.0393 0 173 372 494
cat 0.0360 100 155 342 253
chair 0.0804 1 2 371 493
cow 0.1616 108 150 351 243
cow 0.0391 1 2 371 493
cow 0.0305 10 124 361 270
dog 0.2385 106 153 346 248
dog 0.0808 86 123 361 317
dog 0.0666 1 2 371 493
dog 0.0387 0 -8 371 238
horse 0.0721 1 2 371 493
horse 0.0581 110 153 348 247
motorbike 0.0367 1 2 371 493
person 0.0876 1 2 371 493
sheep 0.0617 104 149 349 245
sofa 0.0931 1 2 371 493
sofa 0.0326 2 93 369 277
