aeroplane 0.0207 0 147 11 176
aeroplane 0.0206 109 170 159 190
aeroplane 0.0205 18 143 156 185
bicycle 0.0246 0 154 18 184
boat 0.0801 24 151 158 187
boat 0.0649 104 169 156 190
boat 0.0453 104 128 157 190
boat 0.0379 103 2 180 78
boat 0.0346 26 168 141 201
boat 0.0331 8 -2 182 82
boat 0.0281 0 148 11 180
car 0.0355 0 148 11 180
car 0.0224 9 151 110 182
chair 0.0388 0 148 11 180
cow 0.0374 111 173 408 264
dog 0.0203 110 176 401 266
horse 0.5973 111 173 408 264
horse 0.0220 101 188 268 264
motorbike 0.0269 133 129 377 266
person 0.8084 169 98 326 261
person 0.0243 0 143 4 185
pottedplant 0.0251 0 154 11 184
