aeroplane 0.0330 0 262 236 373
bird 0.0344 419 160 442 235
boat 0.0965 1 75 220 214
boat 0.0589 123 75 231 144
boat 0.0520 137 72 232 111
boat 0.0510 -4 257 195 372
boat 0.0413 235 107 291 123
boat 0.0335 291 110 329 132
bottle 0.1051 6 77 27 112
bottle 0.0858 395 113 420 152
bottle 0.0796 427 116 451 150
bottle 0.0675 358 113 394 146
bottle 0.0617 331 114 367 140
bottle 0.0540 376 115 407 150
bottle 0.0474 291 110 329 132
bottle 0.0452 350 202 371 233
bottle 0.0419 416 162 438 239
bottle 0.0418 358 204 378 237
bottle 0.0394 337 202 353 228
bottle 0.0385 307 111 344 132
bus 0.0393 241 106 300 124
car 0.0750 58 277 296 369
car 0.0434 235 107 291 123
car 0.0383 -2 262 216 372
car 0.0356 325 115 357 138
car 0.0328 129 76 233 143
car 0.0328 297 116 330 138
chair 0.0447 121 65 202 100
chair 0.0383 87 59 150 89
chair 0.0376 328 115 362 139
chair 0.0370 318 115 349 138
chair 0.0354 99 45 154 80
chair 0.0353 297 116 330 138
chair 0.0348 137 72 232 111
chair 0.0343 337 204 353 231
chair 0.0327 47 277 276 369
person 0.0656 430 115 455 151
person 0.0559 6 81 27 114
person 0.0369 419 160 442 235
pottedplant 0.2481 416 166 438 246
pottedplant 0.2020 363 116 397 149
pottedplant 0.1939 354 204 375 237
pottedplant 0.1841 417 208 436 250
pottedplant 0.1811 391 113 417 152
pottedplant 0.1362 247 312 326 369
pottedplant 0.0853 428 119 450 152
pottedplant 0.0578 6 77 27 112
pottedplant 0.0558 383 177 416 252
pottedplant 0.0373 421 159 472 252
pottedplant 0.0365 229 153 250 182
pottedplant 0.0337 358 144 410 256
sofa 0.0459 3 108 234 333
train 0.0335 241 106 300 124
tvmonitor 0.0532 291 110 329 132
tvmonitor 0.0511 325 115 357 138
tvmonitor 0.0392 308 116 343 138
tvmonitor 0.0364 1 86 220 296
tvmonitor 0.0340 127 68 220 104
tvmonitor 0.0324 359 116 394 149
