bird 0.0498 483 297 496 373
boat 0.0232 491 241 495 370
boat 0.0206 490 292 496 371
bottle 0.0349 226 364 284 370
bottle 0.0204 491 273 495 374
car 0.0295 491 241 495 370
car 0.0236 63 72 432 369
cat 0.0245 483 297 496 373
chair 0.0259 104 93 391 372
chair 0.0254 492 235 495 371
chair 0.0229 252 137 368 374
chair 0.0227 491 281 496 372
cow 0.0406 490 292 496 371
cow 0.0349 492 266 494 375
dog 0.0465 483 297 496 373
horse 0.0357 483 297 496 373
horse 0.0265 491 247 495 376
person 0.6950 259 88 369 370
person 0.6939 155 127 284 373
person 0.0511 490 288 496 370
person 0.0482 492 229 495 370
person 0.0255 490 201 496 364
person 0.0227 289 92 339 167
person 0.0216 174 310 227 371
person 0.0204 491 142 495 352
pottedplant 0.0201 219 364 299 370
sheep 0.0433 490 292 496 371
sheep 0.0350 492 266 494 375
sofa 0.0306 79 83 416 370
sofa 0.0204 146 132 349 373
train 0.0275 54 54 441 317
