bicycle 0.0452 2 175 493 371
boat 0.0489 165 117 330 195
bottle 0.1414 338 172 360 200
bottle 0.0494 304 1 339 29
car 0.0399 439 339 493 366
cat 0.0480 339 175 359 201
chair 0.3492 4 111 201 365
chair 0.2021 8 256 205 373
chair 0.1520 0 240 58 371
chair 0.0960 363 5 444 67
chair 0.0871 413 0 496 196
chair 0.0802 3 104 93 291
chair 0.0461 -3 157 69 372
chair 0.0416 364 2 404 58
chair 0.0381 0 171 27 370
chair 0.0379 369 0 439 32
chair 0.0372 6 310 114 372
chair 0.0367 1 183 10 358
diningtable 0.1277 8 243 205 374
diningtable 0.0408 368 8 446 70
person 0.0875 373 0 442 31
person 0.0648 361 0 391 54
person 0.0553 338 172 360 200
person 0.0385 304 1 339 29
pottedplant 0.1187 304 1 339 29
pottedplant 0.0864 373 0 442 31
pottedplant 0.0739 338 172 360 200
pottedplant 0.0721 367 0 447 61
pottedplant 0.0592 362 2 390 58
pottedplant 0.0527 363 0 412 44
pottedplant 0.0384 439 339 493 366
pottedplant 0.0371 406 3 455 23
pottedplant 0.0364 402 4 460 39
sofa 0.0823 8 256 205 373
sofa 0.0420 4 107 202 364
sofa 0.0400 88 27 196 127
sofa 0.0394 363 0 444 61
sofa 0.0373 3 104 93 291
tvmonitor 0.5413 88 27 196 127
tvmonitor 0.1801 311 42 426 165
tvmonitor 0.0938 8 256 205 373
tvmonitor 0.0828 420 49 496 211
tvmonitor 0.0682 184 116 318 185
tvmonitor 0.0625 338 172 360 200
tvmonitor 0.0578 5 48 99 141
tvmonitor 0.0498 2 102 86 293
