bird 0.0367 477 189 495 249
bottle 0.0354 478 164 494 248
cat 0.0718 476 186 495 247
chair 0.0817 312 211 487 327
chair 0.0662 476 180 495 242
chair 0.0472 104 35 367 278
chair 0.0446 478 167 494 319
chair 0.0432 155 81 316 263
chair 0.0401 173 134 299 227
chair 0.0383 470 133 493 259
chair 0.0379 485 95 494 276
chair 0.0354 461 175 495 331
cow 0.0374 477 184 495 243
diningtable 0.3477 0 176 496 325
diningtable 0.0792 4 219 280 329
diningtable 0.0438 313 221 486 327
dog 0.0635 476 186 495 247
horse 0.0374 476 186 495 247
person 0.5038 148 28 331 223
person 0.0647 483 163 495 250
person 0.0483 485 95 494 276
person 0.0407 492 100 495 255
person 0.0356 493 169 494 322
person 0.0348 492 172 494 308
sheep 0.0387 477 184 495 243
sofa 0.0487 98 40 397 253
sofa 0.0410 312 211 487 327
sofa 0.0358 476 186 495 247
tvmonitor 0.0850 314 225 486 328
