bicycle 0.0368 251 89 369 236
bird 0.0350 251 89 369 236
bottle 0.0876 479 138 493 156
bottle 0.0540 458 140 482 154
bottle 0.0506 120 182 148 216
bottle 0.0371 143 100 164 158
bottle 0.0351 251 89 369 236
bottle 0.0351 192 129 209 150
car 0.0672 479 138 493 156
car 0.0530 458 140 482 154
cat 0.0468 73 72 179 201
cat 0.0389 141 96 166 177
cat 0.0341 145 102 163 150
chair 0.1445 215 171 272 254
chair 0.0749 430 171 495 326
chair 0.0514 251 89 369 236
chair 0.0441 76 73 183 205
chair 0.0421 158 159 251 260
chair 0.0386 471 162 492 231
chair 0.0372 479 165 492 218
chair 0.0349 436 131 496 278
diningtable 0.0656 179 173 269 267
diningtable 0.0448 252 92 367 237
diningtable 0.0357 74 73 179 205
person 0.1114 141 97 166 181
person 0.0748 83 74 184 199
person 0.0661 248 85 371 235
person 0.0656 146 104 162 143
person 0.0639 479 138 493 156
person 0.0631 197 40 211 60
person 0.0580 435 134 496 300
person 0.0489 487 172 492 221
person 0.0420 495 164 492 244
person 0.0397 493 156 493 263
person 0.0392 492 149 494 281
person 0.0366 492 134 495 223
pottedplant 0.3959 251 89 369 236
pottedplant 0.1045 279 164 348 234
pottedplant 0.0865 339 69 382 172
pottedplant 0.0582 192 131 209 152
pottedplant 0.0477 479 138 493 156
pottedplant 0.0463 405 133 426 151
pottedplant 0.0423 266 157 314 220
pottedplant 0.0414 397 132 418 150
pottedplant 0.0391 342 61 394 138
pottedplant 0.0368 370 88 429 164
pottedplant 0.0366 480 169 492 218
pottedplant 0.0362 309 75 366 172
pottedplant 0.0360 357 63 442 178
sofa 0.0878 430 171 495 326
sofa 0.0550 73 72 179 201
tvmonitor 0.5439 74 73 179 205
