bicycle 0.0680 239 156 286 208
bicycle 0.0578 307 190 344 234
bicycle 0.0508 191 143 305 228
bicycle 0.0458 198 181 235 249
bicycle 0.0449 312 187 370 237
bicycle 0.0448 266 178 354 228
bicycle 0.0441 338 197 376 237
bicycle 0.0438 373 181 418 230
bicycle 0.0390 239 163 381 231
bicycle 0.0379 247 173 334 216
bicycle 0.0357 149 176 196 229
bird 0.3515 198 181 235 249
bird 0.2512 147 169 191 225
bird 0.0456 209 151 287 202
bird 0.0450 0 6 495 254
bird 0.0445 237 156 282 208
boat 0.1024 198 184 235 250
boat 0.0764 146 167 191 222
boat 0.0656 239 156 286 208
boat 0.0443 191 143 305 228
boat 0.0369 137 174 232 237
boat 0.0365 0 12 496 271
boat 0.0344 307 190 344 234
boat 0.0331 153 189 201 234
boat 0.0323 130 121 365 215
bottle 0.3568 338 188 383 235
bottle 0.2954 309 189 349 234
bottle 0.2874 373 181 418 230
bottle 0.1808 349 178 403 233
bottle 0.1682 242 156 291 208
bottle 0.1170 198 184 235 250
bottle 0.0854 147 169 191 225
bottle 0.0712 257 178 340 222
bottle 0.0701 251 165 330 211
cat 0.0626 146 167 191 222
cat 0.0614 200 181 238 249
cat 0.0327 373 181 418 230
cow 0.0377 -1 0 497 238
cow 0.0322 200 181 238 249
diningtable 0.0541 312 187 370 237
diningtable 0.0406 341 209 372 237
diningtable 0.0398 346 188 398 235
dog 0.0870 198 181 235 249
dog 0.0819 147 169 191 225
dog 0.0504 373 176 419 230
dog 0.0370 237 156 282 208
horse 0.0355 198 181 235 249
motorbike 0.0575 373 181 418 230
motorbike 0.0531 334 187 380 236
motorbike 0.0430 309 189 349 234
motorbike 0.0354 242 156 291 208
person 0.1634 198 181 235 249
person 0.0774 373 176 419 230
person 0.0599 334 187 380 236
person 0.0582 307 190 344 234
person 0.0564 147 169 191 225
person 0.0400 343 178 401 234
person 0.0398 239 156 286 208
pottedplant 0.1172 201 183 238 251
pottedplant 0.0649 147 169 191 225
pottedplant 0.0392 373 181 418 230
pottedplant 0.0387 336 192 378 237
pottedplant 0.0382 237 156 282 208
pottedplant 0.0323 -8 16 105 355
sheep 0.0847 147 169 191 225
sheep 0.0679 198 181 235 249
sheep 0.0510 0 2 496 245
sheep 0.0414 379 183 419 228
sheep 0.0378 237 156 282 208
train 0.0330 239 163 381 231
