bicycle 0.0325 350 113 379 159
bottle 0.0286 115 85 138 114
bus 0.0299 483 74 496 141
car 0.0361 430 107 448 123
car 0.0323 492 92 494 143
chair 0.0994 206 79 289 317
chair 0.0774 355 114 381 157
chair 0.0453 157 139 338 325
chair 0.0376 183 148 272 322
chair 0.0319 266 103 385 330
chair 0.0317 3 76 47 113
chair 0.0293 4 90 45 119
diningtable 0.0394 56 159 439 336
diningtable 0.0383 107 215 403 327
diningtable 0.0323 157 139 338 325
person 0.7059 96 38 211 327
person 0.5758 272 91 386 326
person 0.2273 203 73 292 308
person 0.0399 55 8 306 322
person 0.0395 336 102 378 159
person 0.0287 483 40 496 331
person 0.0280 491 81 495 332
pottedplant 0.2334 117 85 143 114
pottedplant 0.0859 174 215 259 307
pottedplant 0.0445 354 103 383 148
pottedplant 0.0444 275 230 367 317
pottedplant 0.0291 43 65 68 103
pottedplant 0.0289 147 219 308 318
pottedplant 0.0277 76 93 98 117
pottedplant 0.0272 92 102 114 128
sofa 0.0687 206 79 289 317
sofa 0.0463 154 125 466 329
sofa 0.0371 174 139 320 320
sofa 0.0314 228 92 392 326
tvmonitor 0.0467 1 16 33 110
tvmonitor 0.0337 40 43 64 89
