cat 0.0782 228 194 338 371
chair 0.0996 431 297 495 372
chair 0.0952 215 115 343 373
chair 0.0703 356 280 459 372
chair 0.0642 0 218 18 299
chair 0.0627 4 223 29 289
dog 0.1015 232 193 341 371
dog 0.0521 224 117 341 324
person 0.7325 138 140 231 371
person 0.4504 219 109 346 367
person 0.3491 222 116 257 208
person 0.0590 250 116 299 190
person 0.0579 231 114 334 257
person 0.0536 155 120 253 209
person 0.0525 209 105 263 307
person 0.0521 436 270 496 370
pottedplant 0.5020 13 170 98 219
pottedplant 0.4350 29 230 82 275
pottedplant 0.1805 5 254 123 369
pottedplant 0.1233 0 283 49 369
pottedplant 0.1180 18 197 94 368
pottedplant 0.1048 127 188 158 230
pottedplant 0.0697 15 232 49 274
pottedplant 0.0680 125 135 205 218
pottedplant 0.0651 -3 256 38 349
pottedplant 0.0621 359 0 487 325
pottedplant 0.0618 0 245 64 361
pottedplant 0.0612 14 179 97 256
pottedplant 0.0605 128 161 171 216
pottedplant 0.0598 9 228 40 289
pottedplant 0.0596 94 186 143 238
pottedplant 0.0543 44 172 114 216
sofa 0.1110 214 130 343 375
sofa 0.0979 100 137 395 374
sofa 0.0929 436 298 496 372
tvmonitor 0.0801 261 38 343 110
