bicycle 0.0397 239 129 318 201
bird 0.0472 140 131 346 315
bottle 0.6910 174 74 236 185
bottle 0.0956 239 129 318 201
bottle 0.0386 181 114 227 192
bottle 0.0322 133 120 346 315
bottle 0.0275 180 98 322 250
car 0.0251 239 129 318 201
cat 0.1976 139 121 347 314
cat 0.0205 175 72 235 182
chair 0.0350 134 125 346 316
cow 0.0421 140 131 346 315
diningtable 0.0221 178 75 237 185
dog 0.1240 140 131 346 315
horse 0.0253 135 136 344 323
motorbike 0.0732 239 129 318 201
motorbike 0.0273 175 72 235 182
person 0.0417 239 129 318 201
person 0.0334 133 100 346 312
person 0.0251 175 72 235 182
pottedplant 0.0398 239 129 318 201
pottedplant 0.0223 177 72 237 182
sheep 0.0986 140 131 346 315
sheep 0.0214 175 72 235 182
