bird 0.0609 105 136 125 179
bird 0.0559 116 134 138 181
bird 0.0422 139 133 162 174
bird 0.0392 128 136 149 179
bird 0.0383 166 134 181 150
bird 0.0339 169 135 190 156
cat 0.0420 105 136 125 179
cat 0.0377 116 134 138 181
cat 0.0335 141 133 165 174
cow 0.4350 152 156 206 245
cow 0.1950 177 136 211 179
cow 0.1244 120 135 140 180
cow 0.1211 139 133 162 174
cow 0.1122 107 135 128 180
cow 0.1021 293 190 365 281
cow 0.0913 241 158 347 282
cow 0.0459 146 78 354 206
cow 0.0440 150 152 179 194
cow 0.0365 122 130 137 147
cow 0.0353 123 124 136 136
dog 0.0905 150 156 204 246
dog 0.0694 120 135 140 180
dog 0.0629 107 135 128 180
dog 0.0478 141 135 165 179
dog 0.0448 241 158 347 282
dog 0.0421 167 136 192 162
dog 0.0381 176 135 206 164
dog 0.0356 294 187 365 269
dog 0.0330 131 136 152 178
horse 0.0837 152 156 206 245
horse 0.0538 116 134 138 181
horse 0.0536 178 136 210 171
horse 0.0523 169 135 190 156
horse 0.0511 171 135 200 164
horse 0.0441 105 136 125 179
horse 0.0426 141 133 165 174
horse 0.0339 128 136 149 179
pottedplant 0.0806 0 147 154 488
sheep 0.5171 241 158 347 282
sheep 0.4021 120 135 140 180
sheep 0.3946 141 133 165 174
sheep 0.3456 107 135 128 180
sheep 0.2152 150 156 204 246
sheep 0.2003 294 187 365 269
sheep 0.1831 161 136 180 156
sheep 0.1316 124 128 135 140
sheep 0.1033 178 136 210 171
sheep 0.0546 114 97 139 109
sheep 0.0462 115 104 139 117
sheep 0.0457 244 166 291 258
sheep 0.0433 156 82 362 209
sheep 0.0380 254 80 369 274
sheep 0.0360 135 96 154 109
sheep 0.0348 134 88 155 102
sheep 0.0339 300 191 369 351
sheep 0.0338 197 151 215 203
sheep 0.0326 219 117 333 253
sheep 0.0324 101 97 130 108
sheep 0.0320 278 141 368 260
