bicycle 0.4481 254 156 342 280
bicycle 0.0567 443 103 497 350
bicycle 0.0311 156 110 339 320
bird 0.0298 443 111 497 353
bottle 0.0461 443 103 497 350
bottle 0.0406 340 2 380 52
bottle 0.0378 254 156 342 280
bottle 0.0338 157 0 182 31
car 0.0430 340 1 381 48
chair 0.0914 116 3 168 110
chair 0.0803 437 175 496 365
chair 0.0455 124 55 269 368
chair 0.0313 254 156 342 280
chair 0.0275 443 302 496 374
dog 0.0277 117 1 168 106
horse 0.0331 254 159 342 282
motorbike 0.1115 254 156 342 280
motorbike 0.0435 442 96 498 351
motorbike 0.0297 340 2 380 52
person 0.6757 124 55 269 368
person 0.0714 340 1 381 48
person 0.0426 432 6 500 365
person 0.0378 157 0 182 31
person 0.0370 117 1 168 106
person 0.0342 480 11 499 360
person 0.0332 438 163 495 366
person 0.0325 53 5 67 26
person 0.0281 125 1 159 48
pottedplant 0.1426 443 112 497 358
pottedplant 0.0501 340 1 381 48
pottedplant 0.0394 254 156 342 280
pottedplant 0.0277 157 0 182 31
sofa 0.0426 438 218 495 369
sofa 0.0384 119 55 267 369
