aeroplane 0.0245 58 23 143 86
bicycle 0.0330 247 97 315 155
bicycle 0.0246 59 24 132 86
bus 0.0245 196 44 316 93
car 0.0633 187 45 314 91
car 0.0235 84 11 232 79
car 0.0226 120 13 196 90
car 0.0206 58 23 143 86
chair 0.0280 265 100 316 156
horse 0.8341 69 27 253 192
horse 0.0288 86 89 240 186
horse 0.0251 251 97 315 155
horse 0.0214 59 24 142 89
motorbike 0.0235 60 25 121 85
person 0.5813 124 12 173 111
person 0.0605 294 26 312 90
person 0.0332 309 24 317 185
person 0.0282 62 27 119 87
person 0.0259 312 18 319 165
person 0.0251 314 22 317 92
person 0.0237 315 70 316 166
person 0.0232 53 1 264 80
person 0.0230 314 32 317 161
person 0.0229 315 61 316 158
person 0.0225 63 24 168 103
person 0.0205 315 16 316 71
train 0.0221 62 5 254 79
train 0.0206 205 45 316 98
