aeroplane 0.0751 447 125 493 153
aeroplane 0.0446 35 109 123 150
aeroplane 0.0418 19 103 132 174
boat 0.0968 441 125 492 153
boat 0.0606 264 113 285 140
boat 0.0588 0 112 495 365
boat 0.0564 296 122 378 149
boat 0.0526 51 108 123 146
boat 0.0449 296 123 331 142
boat 0.0445 7 97 488 198
bus 0.0627 52 106 122 142
car 0.1493 35 109 123 150
car 0.0952 2 103 126 192
car 0.0781 -1 96 19 193
car 0.0700 0 92 496 361
car 0.0464 18 141 141 201
car 0.0456 446 126 494 156
chair 0.2292 458 232 481 285
chair 0.1826 292 249 406 350
chair 0.0663 192 206 373 358
chair 0.0616 446 127 494 161
chair 0.0514 454 138 494 191
chair 0.0404 489 244 498 285
chair 0.0386 385 267 492 373
diningtable 0.0711 0 153 496 370
diningtable 0.0562 458 236 482 287
diningtable 0.0400 118 207 400 362
motorbike 0.0535 0 121 19 214
person 0.0759 0 130 19 223
person 0.0717 458 232 481 285
person 0.0641 -1 98 19 197
person 0.0534 1 126 32 250
person 0.0528 263 116 286 143
person 0.0464 51 108 123 146
person 0.0417 0 91 18 157
sofa 0.0544 458 232 481 285
sofa 0.0392 0 133 497 367
train 0.0520 0 88 441 171
train 0.0484 4 87 304 149
train 0.0484 51 108 123 146
train 0.0440 0 81 496 349
