aeroplane 0.0361 97 1 281 74
boat 0.0207 97 1 281 74
bottle 0.0465 417 147 461 171
bottle 0.0437 125 55 143 81
bottle 0.0412 59 0 311 184
bottle 0.0373 127 49 149 78
bottle 0.0263 97 56 117 81
bottle 0.0248 322 152 360 198
bottle 0.0223 313 97 354 191
bus 0.1112 54 1 316 193
car 0.0254 66 3 311 186
cat 0.0211 417 147 461 171
chair 0.4990 393 169 493 280
chair 0.0477 308 255 491 329
chair 0.0445 308 195 389 316
chair 0.0423 322 152 360 198
chair 0.0414 409 159 484 238
chair 0.0321 350 281 495 328
chair 0.0283 417 147 461 171
chair 0.0273 319 102 354 175
chair 0.0254 292 195 445 327
chair 0.0220 222 194 389 328
diningtable 0.0710 393 163 493 276
diningtable 0.0372 409 159 484 238
diningtable 0.0220 417 147 461 171
person 0.0554 211 62 228 85
person 0.0544 67 2 317 192
person 0.0492 222 60 242 87
person 0.0337 128 56 148 86
person 0.0275 -1 3 43 326
person 0.0275 224 75 248 103
person 0.0267 0 9 19 321
person 0.0219 317 95 357 197
person 0.0216 97 3 250 76
person 0.0211 101 56 120 80
pottedplant 0.0226 393 163 493 276
sofa 0.0602 393 169 493 280
sofa 0.0237 255 261 497 328
sofa 0.0237 64 2 314 197
train 0.0207 112 188 375 329
tvmonitor 0.7639 52 3 318 206
tvmonitor 0.2224 318 100 356 183
tvmonitor 0.0853 322 152 360 198
tvmonitor 0.0386 417 147 461 171
tvmonitor 0.0273 356 0 420 11
tvmonitor 0.0261 393 169 493 280
tvmonitor 0.0252 -1 6 27 323
tvmonitor 0.0218 393 1 445 6
tvmonitor 0.0216 -2 233 225 330
