bicycle 0.0322 315 40 415 146
bird 0.0263 319 40 418 146
bottle 0.0322 10 106 71 345
bottle 0.0320 319 38 417 143
bottle 0.0292 21 114 60 256
bottle 0.0274 39 152 245 224
bottle 0.0254 359 357 424 365
bottle 0.0238 114 160 225 222
chair 0.0595 454 159 486 194
chair 0.0589 315 43 414 148
chair 0.0412 122 126 327 239
chair 0.0409 241 136 277 229
chair 0.0340 156 161 237 215
chair 0.0324 276 122 320 243
chair 0.0293 416 202 493 284
chair 0.0269 180 161 291 215
chair 0.0251 285 153 311 200
chair 0.0229 8 107 73 355
cow 0.0271 430 199 494 292
diningtable 0.0422 315 43 414 148
horse 0.0241 430 199 494 292
person 0.1514 10 106 71 345
person 0.1480 22 117 59 230
person 0.1217 26 120 61 164
person 0.0304 319 40 418 146
person 0.0254 360 357 417 365
person 0.0247 28 207 467 365
pottedplant 0.4639 319 40 418 146
pottedplant 0.0630 333 44 404 235
pottedplant 0.0328 365 53 434 156
pottedplant 0.0248 378 0 500 215
pottedplant 0.0236 345 130 392 217
sheep 0.0237 431 201 493 302
sofa 0.6978 39 210 518 374
sofa 0.0558 48 284 510 368
sofa 0.0230 454 157 486 191
tvmonitor 0.0857 454 157 486 191
tvmonitor 0.0319 319 40 418 146
tvmonitor 0.0267 127 2 313 155
