bicycle 0.2052 119 0 289 372
bicycle 0.1297 22 86 324 373
bicycle 0.0747 83 52 475 372
bottle 0.0504 -3 0 272 372
car 0.0578 414 208 495 315
chair 0.0559 280 50 449 373
cow 0.0721 252 174 484 372
dog 0.2446 232 176 482 370
horse 0.0616 245 180 484 372
horse 0.0549 153 68 467 373
motorbike 0.0752 23 99 330 371
motorbike 0.0570 102 0 291 372
person 0.4370 289 31 448 369
pottedplant 0.1549 0 0 284 372
pottedplant 0.1545 147 0 262 231
pottedplant 0.0955 1 249 79 368
sheep 0.0685 257 180 488 372
tvmonitor 0.3481 265 2 503 198
