aeroplane 0.0590 1 54 104 166
aeroplane 0.0436 401 95 444 120
aeroplane 0.0395 0 9 440 280
bicycle 0.0912 450 58 497 209
bicycle 0.0834 1 103 16 143
bicycle 0.0388 458 124 496 217
bicycle 0.0374 491 61 496 202
bird 0.0534 489 39 497 82
bird 0.0396 0 103 11 143
boat 0.0402 490 40 496 86
bottle 0.1483 225 81 246 129
bottle 0.0738 205 73 234 126
bus 0.0832 398 95 442 120
bus 0.0515 371 101 397 120
bus 0.0424 335 98 370 123
bus 0.0371 351 100 386 120
car 0.4268 398 95 442 120
car 0.3570 371 101 397 120
car 0.3179 335 98 370 123
car 0.0559 0 101 11 141
car 0.0418 0 70 11 135
car 0.0408 445 85 496 208
car 0.0397 0 52 104 163
car 0.0382 490 36 496 80
car 0.0362 38 20 458 268
cow 0.0459 489 39 497 82
cow 0.0397 0 103 11 143
horse 0.7270 15 55 464 333
horse 0.0674 0 103 11 143
horse 0.0502 126 27 385 261
horse 0.0476 450 47 497 200
motorbike 0.3264 449 90 498 208
motorbike 0.1010 1 103 16 143
motorbike 0.0674 460 130 495 221
motorbike 0.0411 215 8 311 254
motorbike 0.0394 371 101 397 120
person 0.6557 234 5 323 241
person 0.1327 0 101 11 141
person 0.1152 191 72 226 123
person 0.1142 459 52 496 169
person 0.0847 223 74 249 126
person 0.0742 475 54 496 145
person 0.0599 491 45 496 124
person 0.0547 490 40 496 86
person 0.0485 227 67 260 165
person 0.0456 375 101 400 119
person 0.0405 186 45 286 196
person 0.0397 450 100 498 209
person 0.0370 428 99 449 116
person 0.0364 491 80 496 204
pottedplant 0.0512 225 81 246 129
sheep 0.0634 489 39 497 82
train 0.0476 401 95 444 120
