bicycle 0.0200 467 178 481 194
bird 0.0207 167 61 344 183
boat 0.0280 3 89 46 238
boat 0.0204 53 152 82 221
bus 0.0352 4 86 53 241
bus 0.0343 3 138 47 286
bus 0.0316 53 156 82 221
bus 0.0315 58 180 77 218
bus 0.0227 68 193 82 216
car 0.0224 491 171 495 192
car 0.0218 2 200 9 281
car 0.0215 471 175 484 193
car 0.0212 3 184 1 277
chair 0.0253 471 175 484 193
chair 0.0238 463 175 478 193
person 0.0349 61 190 75 218
person 0.0331 467 174 481 194
person 0.0269 225 215 246 240
person 0.0257 231 213 256 242
person 0.0240 50 152 79 220
person 0.0240 491 171 495 192
pottedplant 0.0293 2 262 72 327
train 0.6513 108 132 410 261
train 0.1786 53 152 82 221
train 0.1355 4 147 53 231
train 0.0301 109 170 159 218
train 0.0225 105 182 131 216
train 0.0221 106 144 287 244
train 0.0212 95 177 127 212
