aeroplane 0.0476 273 202 290 215
aeroplane 0.0289 0 224 47 276
bicycle 0.0594 275 205 289 216
bicycle 0.0441 303 246 354 323
bicycle 0.0279 442 202 459 225
bird 0.0284 273 202 290 215
boat 0.0496 273 202 290 215
boat 0.0416 0 224 47 276
boat 0.0390 199 178 233 219
boat 0.0313 154 194 200 244
boat 0.0294 320 203 338 219
bottle 0.0695 273 202 290 215
bottle 0.0327 317 206 335 222
bus 0.4216 199 178 233 219
bus 0.0817 154 192 200 242
bus 0.0641 273 199 290 214
bus 0.0433 386 188 398 210
bus 0.0415 0 224 47 276
bus 0.0386 40 218 80 267
bus 0.0356 241 192 253 210
bus 0.0321 121 208 163 252
bus 0.0305 405 170 465 211
car 0.7193 0 223 47 274
car 0.4905 154 194 200 244
car 0.4848 39 216 81 264
car 0.4765 72 208 126 256
car 0.3565 125 208 166 252
car 0.2308 273 202 290 215
car 0.2063 96 209 141 255
car 0.0953 201 184 231 222
car 0.0681 386 191 397 211
car 0.0632 317 202 335 216
car 0.0625 192 194 209 223
car 0.0431 441 189 459 224
car 0.0353 329 193 345 209
car 0.0304 239 199 248 213
car 0.0300 1 221 9 254
car 0.0298 414 188 432 219
car 0.0295 405 186 426 216
car 0.0294 420 177 458 225
car 0.0276 1 231 10 270
chair 0.0417 275 205 289 216
cow 0.0294 387 193 396 213
cow 0.0281 273 202 290 215
diningtable 0.0276 275 205 289 216
horse 0.0312 387 193 396 213
horse 0.0297 441 189 459 224
horse 0.0282 273 202 290 215
motorbike 0.5660 303 250 354 323
motorbike 0.0999 273 202 290 215
motorbike 0.0446 129 213 168 251
motorbike 0.0355 442 202 459 225
motorbike 0.0342 0 224 47 276
motorbike 0.0328 154 194 200 244
motorbike 0.0298 317 204 335 219
motorbike 0.0293 37 218 76 267
motorbike 0.0290 162 212 191 246
motorbike 0.0279 386 191 397 211
person 0.6300 305 208 354 309
person 0.1462 273 202 290 215
person 0.1378 386 191 397 211
person 0.0907 317 204 335 219
person 0.0657 417 197 429 221
person 0.0603 308 209 351 261
person 0.0586 441 189 459 224
person 0.0406 314 205 344 244
person 0.0369 158 192 202 241
person 0.0365 187 200 206 228
person 0.0361 197 178 230 219
person 0.0359 201 193 224 223
person 0.0358 196 195 214 223
person 0.0337 125 208 166 252
person 0.0301 37 218 76 267
person 0.0281 148 211 182 247
person 0.0279 168 213 193 246
person 0.0279 239 199 248 213
pottedplant 0.0838 273 202 290 215
pottedplant 0.0377 317 204 335 219
sheep 0.0437 273 202 290 215
sheep 0.0340 0 224 47 276
train 0.1426 199 178 233 219
train 0.0390 154 190 200 239
train 0.0371 422 172 463 220
train 0.0364 273 199 290 214
train 0.0336 388 184 404 208
train 0.0326 441 189 459 224
train 0.0309 401 171 462 200
train 0.0281 397 178 434 214
tvmonitor 0.0343 199 178 233 219
tvmonitor 0.0295 273 202 290 215
