bicycle 0.0376 408 141 493 370
bicycle 0.0360 97 167 116 234
bottle 0.0478 101 159 120 218
bottle 0.0439 399 175 416 237
bottle 0.0395 92 169 113 237
bottle 0.0388 97 162 124 244
bottle 0.0306 62 114 81 169
bottle 0.0299 408 141 493 370
bottle 0.0273 83 75 200 331
bus 0.0412 426 106 491 230
bus 0.0311 417 65 499 306
bus 0.0279 411 144 435 197
car 0.0389 432 110 492 225
car 0.0327 425 68 499 303
car 0.0317 136 144 397 362
chair 0.1185 87 179 111 244
chair 0.0813 91 143 138 280
chair 0.0465 74 77 187 335
chair 0.0411 0 101 42 235
chair 0.0398 308 164 343 248
chair 0.0337 405 127 496 367
chair 0.0333 384 170 408 242
chair 0.0318 399 174 416 232
chair 0.0274 424 56 500 321
diningtable 0.0271 92 171 113 241
horse 0.0292 415 212 494 370
motorbike 0.7810 131 145 395 366
motorbike 0.0398 408 161 493 374
motorbike 0.0339 78 149 269 316
motorbike 0.0322 205 148 337 287
person 0.4460 84 73 200 339
person 0.0798 408 141 493 370
person 0.0516 97 163 116 225
person 0.0383 171 159 192 206
person 0.0353 160 136 195 252
person 0.0338 400 176 415 241
person 0.0334 167 143 195 198
person 0.0313 60 115 83 179
person 0.0295 100 148 121 194
person 0.0283 100 141 137 201
pottedplant 0.0401 308 164 343 248
pottedplant 0.0328 399 175 416 237
pottedplant 0.0307 92 160 113 223
pottedplant 0.0284 256 147 278 171
train 0.0410 432 110 492 225
train 0.0383 417 65 499 306
tvmonitor 0.0361 412 146 435 207
tvmonitor 0.0297 426 106 491 230
tvmonitor 0.0268 417 65 499 306
