aeroplane 0.0303 329 214 331 282
boat 0.0500 329 223 331 280
boat 0.0405 141 159 222 258
boat 0.0332 129 206 239 335
boat 0.0309 330 232 330 302
boat 0.0288 1 255 16 334
boat 0.0253 21 62 258 355
bottle 0.0283 329 223 331 280
bus 0.0429 329 223 331 280
bus 0.0335 129 206 239 335
car 0.0666 329 223 331 280
car 0.0446 330 232 330 302
car 0.0303 0 262 13 334
chair 0.0273 329 227 331 284
cow 0.0266 125 206 238 335
person 0.0368 329 223 331 280
person 0.0226 202 232 218 271
person 0.0210 132 171 241 332
person 0.0203 190 232 220 286
pottedplant 0.0249 329 214 331 282
sheep 0.0224 329 214 331 282
train 0.7119 125 206 238 335
train 0.0492 42 201 247 348
train 0.0375 329 214 331 282
tvmonitor 0.0324 329 214 331 282
