bird 0.0260 16 95 56 202
boat 0.0260 269 87 311 136
boat 0.0255 41 95 70 197
boat 0.0244 177 56 380 194
bottle 0.0276 17 125 48 203
bottle 0.0228 36 99 60 167
car 0.0243 1 105 3 193
car 0.0233 2 99 2 188
car 0.0228 -5 2 180 190
chair 0.0260 17 125 48 203
cow 0.0350 30 -4 426 307
horse 0.0304 16 95 56 202
horse 0.0228 42 94 69 193
person 0.6171 16 95 56 202
person 0.0696 4 101 14 196
person 0.0403 36 101 61 144
person 0.0396 45 102 67 142
person 0.0283 264 89 302 145
person 0.0279 2 162 8 204
person 0.0278 1 154 2 223
person 0.0244 240 24 317 84
pottedplant 0.0309 399 138 494 307
pottedplant 0.0251 448 178 492 310
pottedplant 0.0242 379 56 499 326
train 0.7471 34 1 422 333
train 0.0408 -8 5 183 208
train 0.0342 18 16 329 234
train 0.0316 53 65 130 222
train 0.0279 17 49 142 285
train 0.0271 55 97 96 200
train 0.0241 177 56 380 194
