bird 0.0416 0 0 495 371
bottle 0.3113 123 256 193 331
bottle 0.0897 0 0 175 371
bottle 0.0388 130 302 154 332
car 0.0489 0 0 160 371
cat 0.0796 0 0 495 371
cat 0.0714 0 0 175 371
chair 0.1224 0 0 160 371
chair 0.0743 424 3 500 369
chair 0.0630 0 0 495 371
cow 0.1134 0 0 495 371
diningtable 0.0550 0 0 175 371
dog 0.7138 133 0 455 371
horse 0.0860 0 0 495 371
person 0.0664 139 0 458 371
person 0.0466 0 0 175 371
pottedplant 0.0520 0 0 160 371
sheep 0.0619 0 0 495 371
sofa 0.0854 0 0 495 371
sofa 0.0380 0 0 160 371
tvmonitor 0.0739 0 0 175 371
