aeroplane 0.0383 6 -126 426 199
bottle 0.0318 342 296 387 368
bottle 0.0301 371 365 437 369
bottle 0.0233 59 147 84 177
bottle 0.0205 364 369 428 370
car 0.0208 4 227 53 267
cat 0.0422 161 224 263 318
cat 0.0250 134 309 446 373
chair 0.0667 137 315 436 372
chair 0.0642 4 227 53 267
chair 0.0554 112 320 273 373
chair 0.0338 1 217 49 371
chair 0.0311 381 364 433 370
chair 0.0301 342 301 386 368
chair 0.0248 109 356 386 372
chair 0.0243 176 362 420 373
chair 0.0231 197 367 415 373
chair 0.0220 204 369 376 371
chair 0.0220 383 365 479 370
chair 0.0209 392 332 493 372
chair 0.0201 105 316 195 371
diningtable 0.1004 137 322 436 371
diningtable 0.0234 342 296 387 368
diningtable 0.0214 158 354 524 375
diningtable 0.0213 160 225 264 322
person 0.0271 59 149 83 181
person 0.0262 134 309 446 373
person 0.0206 157 224 262 323
pottedplant 0.0711 59 147 84 177
pottedplant 0.0383 8 144 41 186
pottedplant 0.0276 1 148 17 188
pottedplant 0.0238 4 225 53 263
sofa 0.0792 139 322 441 370
sofa 0.0282 160 225 264 322
tvmonitor 0.8292 160 225 264 322
tvmonitor 0.0285 119 0 485 371
tvmonitor 0.0264 342 296 387 368
tvmonitor 0.0263 122 320 420 372
tvmonitor 0.0239 3 228 69 371
tvmonitor 0.0227 54 150 81 185
