cat 0.1616 187 123 260 201
cat 0.0633 179 109 261 268
chair 0.7677 280 112 362 253
chair 0.6286 397 91 496 315
chair 0.1738 71 127 228 314
chair 0.0958 475 97 496 138
chair 0.0904 183 114 264 275
chair 0.0887 462 88 494 224
chair 0.0788 188 121 260 198
chair 0.0749 368 88 447 271
chair 0.0691 474 88 497 172
chair 0.0674 478 86 493 274
chair 0.0550 -2 204 20 272
chair 0.0536 123 118 223 188
chair 0.0496 17 68 142 309
cow 0.0716 187 123 260 201
diningtable 0.1561 21 157 239 325
diningtable 0.0973 393 81 493 301
diningtable 0.0549 372 88 451 276
diningtable 0.0479 280 112 362 253
dog 0.7948 222 239 328 372
dog 0.4430 187 123 260 201
dog 0.0693 151 234 352 377
horse 0.0719 187 123 260 201
person 0.0689 183 125 258 204
person 0.0631 179 109 261 268
person 0.0474 222 239 328 372
pottedplant 0.2320 65 10 125 97
pottedplant 0.0629 37 49 106 99
pottedplant 0.0554 470 96 494 129
sheep 0.0618 188 121 260 198
sofa 0.0828 190 119 264 199
sofa 0.0687 179 109 261 268
sofa 0.0519 22 136 230 317
sofa 0.0504 224 235 333 371
sofa 0.0492 393 80 493 297
sofa 0.0465 139 128 254 290
sofa 0.0458 275 112 361 252
sofa 0.0451 184 112 302 218
