bird 0.0210 468 211 495 258
bottle 0.0486 46 152 65 178
bottle 0.0414 463 208 493 256
bottle 0.0336 442 220 467 250
bottle 0.0285 148 183 167 229
bottle 0.0278 189 125 352 211
bottle 0.0240 485 128 494 190
bottle 0.0202 491 143 495 199
bus 0.0237 185 126 349 210
car 0.0307 185 126 349 210
car 0.0218 467 208 495 257
chair 0.0980 371 252 421 300
chair 0.0475 68 276 90 312
chair 0.0391 97 230 124 293
chair 0.0331 469 214 494 261
chair 0.0283 62 262 81 285
chair 0.0279 185 126 349 210
chair 0.0240 55 263 73 284
chair 0.0230 135 242 157 299
chair 0.0225 442 220 467 250
chair 0.0210 449 217 475 253
chair 0.0209 46 263 66 284
dog 0.0214 468 211 495 258
person 0.3478 467 208 495 257
person 0.0560 50 153 70 183
person 0.0323 66 266 85 298
person 0.0287 68 272 90 310
person 0.0275 98 228 123 289
person 0.0229 375 253 423 299
pottedplant 0.0518 68 276 90 312
pottedplant 0.0307 135 242 157 299
pottedplant 0.0301 468 211 495 258
pottedplant 0.0300 442 220 467 250
pottedplant 0.0228 35 186 61 220
pottedplant 0.0214 101 254 120 299
pottedplant 0.0205 46 153 66 182
pottedplant 0.0203 98 228 123 289
pottedplant 0.0200 93 270 113 305
sofa 0.0577 371 252 421 300
sofa 0.0279 185 126 349 210
tvmonitor 0.4098 185 126 349 210
tvmonitor 0.0327 371 252 421 300
tvmonitor 0.0231 135 242 157 299
