aeroplane 0.0373 328 5 362 58
bicycle 0.0436 404 5 442 58
bicycle 0.0396 395 8 420 56
bicycle 0.0383 383 12 408 57
bird 0.0489 328 5 362 58
bird 0.0404 375 7 401 56
bird 0.0364 413 1 448 52
bird 0.0314 395 8 420 56
bottle 0.1001 450 0 498 215
bottle 0.0339 458 0 505 330
car 0.8521 109 29 362 227
car 0.0468 328 5 362 58
car 0.0420 375 11 401 57
car 0.0416 400 2 423 46
car 0.0395 396 6 411 32
car 0.0391 408 3 431 35
car 0.0391 393 4 414 44
car 0.0378 403 5 420 33
car 0.0362 398 6 409 22
car 0.0362 405 5 417 23
car 0.0361 411 4 427 24
car 0.0307 362 5 383 43
car 0.0306 348 13 381 56
car 0.0304 379 4 397 34
car 0.0297 417 2 437 26
chair 0.0548 376 21 400 58
chair 0.0495 330 9 367 59
chair 0.0470 348 13 381 56
chair 0.0305 401 9 437 59
cow 0.0493 328 5 362 58
cow 0.0451 383 12 408 57
cow 0.0348 338 12 375 56
cow 0.0297 413 1 448 52
cow 0.0295 357 12 387 57
dog 0.0426 413 1 448 52
dog 0.0408 328 5 362 58
dog 0.0399 389 22 410 56
dog 0.0390 380 21 403 57
dog 0.0344 395 8 420 56
horse 0.1294 328 5 362 58
horse 0.0994 379 12 405 57
horse 0.0684 413 2 449 56
horse 0.0642 348 13 381 56
horse 0.0612 399 7 431 56
motorbike 0.0536 413 2 449 56
motorbike 0.0506 379 12 405 57
motorbike 0.0503 398 7 425 56
motorbike 0.0459 327 3 363 56
person 0.3881 238 2 272 36
person 0.3244 327 3 363 56
person 0.2971 413 1 448 52
person 0.2899 274 1 307 37
person 0.2584 375 5 401 54
person 0.1869 391 5 416 53
person 0.1564 375 4 393 34
person 0.1297 155 3 183 55
person 0.0600 221 5 251 38
person 0.0558 187 0 230 44
person 0.0554 100 26 121 68
person 0.0404 235 4 284 70
person 0.0378 454 0 502 330
person 0.0329 228 45 275 92
person 0.0298 313 4 330 29
person 0.0296 216 27 294 95
pottedplant 0.0473 248 198 489 329
pottedplant 0.0303 398 6 409 22
pottedplant 0.0284 405 5 417 23
sheep 0.0298 389 22 410 56
sofa 0.0375 328 5 362 58
sofa 0.0316 338 12 375 56
sofa 0.0305 376 21 400 58
tvmonitor 0.0332 450 -1 498 227
