aeroplane 0.0370 -2 0 374 496
bicycle 0.0333 -2 0 374 496
bottle 0.5554 182 153 306 490
bottle 0.0623 -2 0 374 496
bottle 0.0494 168 172 280 401
bottle 0.0387 133 133 332 394
bottle 0.0325 204 363 307 491
bottle 0.0321 193 163 260 309
bus 0.0888 -2 0 374 496
car 0.1009 -2 0 374 496
chair 0.1016 -2 0 374 496
diningtable 0.0571 -2 0 374 496
diningtable 0.0340 184 148 315 488
dog 0.0508 -2 0 374 496
horse 0.0366 -2 0 374 496
motorbike 0.0792 -2 0 374 496
motorbike 0.0430 182 153 306 490
person 0.7008 -2 0 309 495
person 0.0681 183 147 311 488
pottedplant 0.0373 -2 0 374 496
pottedplant 0.0368 285 322 372 493
pottedplant 0.0291 183 151 316 492
sofa 0.1052 -2 0 374 496
train 0.0381 -2 0 374 496
tvmonitor 0.0528 -2 0 374 496
