aeroplane 0.0358 459 142 495 247
bicycle 0.0261 12 166 38 205
boat 0.0445 460 146 494 248
boat 0.0256 56 29 392 325
bottle 0.0366 460 146 494 248
bus 0.0764 459 142 495 247
bus 0.0508 56 38 385 339
bus 0.0289 210 60 402 171
bus 0.0263 114 37 452 193
car 0.6574 459 142 495 247
car 0.3114 54 31 386 328
car 0.0453 469 126 495 210
car 0.0404 65 32 359 198
car 0.0366 489 149 498 246
car 0.0300 172 48 424 182
car 0.0257 458 184 490 244
car 0.0252 12 166 38 205
horse 0.0257 12 166 38 205
motorbike 0.0397 460 146 494 248
motorbike 0.0310 60 37 450 345
person 0.3441 263 60 318 118
person 0.2346 133 67 182 111
person 0.1235 316 79 343 122
person 0.0699 58 160 77 199
person 0.0437 172 56 300 122
person 0.0399 475 128 496 213
person 0.0342 16 166 41 204
person 0.0330 459 142 495 247
person 0.0308 492 127 494 215
person 0.0292 492 126 495 204
person 0.0253 490 134 497 237
pottedplant 0.0351 460 146 494 248
sheep 0.0392 460 146 494 248
train 0.0790 56 38 385 339
train 0.0320 459 142 495 247
tvmonitor 0.0297 460 146 494 248
