aeroplane 0.0747 0 102 58 140
aeroplane 0.0662 -2 96 37 134
bottle 0.0936 326 170 339 206
bottle 0.0798 344 180 354 208
bottle 0.0762 351 189 362 210
bottle 0.0726 3 179 14 198
bottle 0.0706 337 244 400 349
bottle 0.0683 339 305 429 370
bottle 0.0672 357 180 371 208
bottle 0.0617 3 169 15 190
chair 0.3377 0 197 49 267
chair 0.2707 414 191 496 314
chair 0.2165 54 193 97 248
chair 0.1647 406 174 432 221
chair 0.1378 385 177 414 217
chair 0.1322 29 194 67 258
chair 0.1150 -1 201 43 369
chair 0.1072 99 189 130 235
chair 0.1000 392 181 423 272
chair 0.0985 427 168 458 232
chair 0.0981 332 184 421 268
chair 0.0976 447 162 485 238
chair 0.0932 -1 240 98 371
chair 0.0895 470 159 493 241
chair 0.0853 17 186 40 202
chair 0.0847 12 186 30 202
chair 0.0839 16 189 41 210
chair 0.0834 43 190 61 221
chair 0.0829 372 177 420 258
chair 0.0792 11 189 31 210
chair 0.0782 8 192 34 220
chair 0.0766 346 167 360 208
chair 0.0763 357 180 371 208
chair 0.0752 45 186 59 202
chair 0.0689 0 191 12 244
chair 0.0687 335 177 347 205
chair 0.0628 28 174 44 191
diningtable 0.2282 -1 206 106 370
diningtable 0.1893 54 195 97 251
diningtable 0.1715 0 197 49 267
diningtable 0.1686 332 184 421 268
diningtable 0.1532 25 193 63 260
diningtable 0.1531 40 194 80 252
diningtable 0.0660 353 185 407 226
diningtable 0.0650 429 165 464 229
person 0.5982 97 13 421 369
person 0.4433 314 153 337 194
person 0.4030 382 156 402 185
person 0.3741 348 147 373 206
person 0.1238 378 165 406 212
person 0.0943 484 149 495 187
person 0.0812 483 142 496 229
person 0.0728 415 161 431 181
person 0.0724 131 183 145 212
person 0.0720 443 150 481 227
person 0.0695 121 190 139 228
pottedplant 0.3937 52 138 100 197
pottedplant 0.1580 36 164 52 189
pottedplant 0.1541 44 164 59 189
pottedplant 0.1455 26 165 46 188
pottedplant 0.1394 19 174 37 191
pottedplant 0.1341 7 165 26 188
pottedplant 0.1321 7 176 19 194
pottedplant 0.1250 95 129 157 201
pottedplant 0.0935 94 170 119 195
pottedplant 0.0935 98 162 131 197
pottedplant 0.0890 86 172 104 193
pottedplant 0.0687 426 159 443 176
pottedplant 0.0666 479 149 493 181
pottedplant 0.0646 126 180 142 209
