bicycle 0.0519 194 191 495 331
bicycle 0.0285 3 128 492 337
bicycle 0.0237 1 195 369 332
bird 0.0288 3 246 140 332
bottle 0.0266 1 242 149 332
bottle 0.0258 124 4 315 325
car 0.0353 59 135 436 303
car 0.0203 107 104 325 329
chair 0.0238 118 6 299 324
horse 0.0394 2 211 368 331
motorbike 0.6404 1 180 494 331
motorbike 0.0420 85 115 354 328
motorbike 0.0245 130 232 498 331
person 0.7769 121 15 303 330
person 0.0462 4 246 147 333
person 0.0287 139 11 270 178
person 0.0277 84 132 411 296
person 0.0236 2 172 494 329
