aeroplane 0.0488 408 68 423 79
aeroplane 0.0386 407 72 424 85
bicycle 0.0566 477 202 495 263
bicycle 0.0386 223 205 256 265
bicycle 0.0378 387 231 427 281
bird 0.0387 387 199 427 287
bird 0.0353 57 189 69 219
bottle 0.0435 419 194 434 245
bottle 0.0393 477 202 495 263
bottle 0.0374 409 190 429 249
bottle 0.0368 483 219 495 261
bottle 0.0351 390 185 409 239
bottle 0.0338 386 184 399 225
bottle 0.0322 380 189 396 250
bus 0.6918 45 123 270 259
bus 0.1651 168 132 272 260
bus 0.0418 193 153 240 198
bus 0.0380 149 149 245 218
bus 0.0354 301 184 350 218
bus 0.0331 208 154 255 197
car 0.4300 300 183 351 216
car 0.0662 229 185 257 250
car 0.0460 192 136 271 262
car 0.0449 340 186 357 218
car 0.0414 243 175 275 239
car 0.0406 388 184 404 235
car 0.0389 476 188 495 262
car 0.0374 442 181 466 248
car 0.0342 361 180 383 239
car 0.0335 380 183 396 236
car 0.0326 228 170 322 233
car 0.0323 388 184 418 256
chair 0.1112 439 187 463 251
chair 0.0793 477 202 495 263
chair 0.0750 426 192 444 247
chair 0.0554 456 188 476 251
chair 0.0524 463 192 486 253
chair 0.0463 389 185 410 244
chair 0.0435 371 195 389 250
chair 0.0420 380 189 396 245
chair 0.0399 363 193 382 251
cow 0.0324 57 189 69 219
dog 0.0532 387 199 427 287
dog 0.0346 116 198 146 283
horse 0.0494 386 203 428 287
horse 0.0466 223 200 256 265
horse 0.0411 57 189 69 219
horse 0.0394 389 185 410 244
motorbike 0.0961 224 197 255 263
motorbike 0.0328 390 185 409 239
motorbike 0.0328 439 180 463 249
motorbike 0.0321 313 185 351 218
person 0.6222 118 196 149 285
person 0.5511 386 196 428 286
person 0.5212 476 185 495 260
person 0.5061 81 186 102 269
person 0.4786 439 180 463 249
person 0.4661 361 180 383 239
person 0.4345 159 190 187 287
person 0.2826 417 168 436 220
person 0.2605 224 197 255 263
person 0.2459 390 185 409 239
person 0.2224 57 189 69 219
person 0.2112 415 181 432 243
person 0.1180 83 187 99 221
person 0.0962 139 194 168 283
person 0.0612 126 197 142 243
person 0.0432 342 191 356 223
person 0.0404 197 153 243 193
person 0.0396 321 185 351 218
person 0.0396 125 158 214 271
person 0.0341 47 126 268 266
pottedplant 0.0341 476 192 495 262
sofa 0.0550 439 187 463 251
sofa 0.0360 456 188 476 251
