aeroplane 0.7844 196 58 277 104
aeroplane 0.7703 77 139 159 174
aeroplane 0.7346 48 79 126 120
aeroplane 0.7212 339 48 421 83
aeroplane 0.7192 211 136 291 166
aeroplane 0.6813 85 221 161 249
aeroplane 0.0604 111 88 126 106
aeroplane 0.0477 98 88 123 107
aeroplane 0.0446 339 63 351 74
aeroplane 0.0442 339 58 351 68
aeroplane 0.0368 345 58 361 73
aeroplane 0.0350 260 70 274 87
aeroplane 0.0338 267 72 281 91
aeroplane 0.0332 145 227 155 237
aeroplane 0.0331 398 57 417 70
aeroplane 0.0311 408 58 423 69
aeroplane 0.0299 153 226 162 234
aeroplane 0.0297 246 68 271 90
aeroplane 0.0290 145 223 155 232
aeroplane 0.0288 385 52 414 69
aeroplane 0.0265 330 61 345 71
aeroplane 0.0263 276 141 289 152
aeroplane 0.0250 267 143 282 155
aeroplane 0.0240 268 138 281 150
aeroplane 0.0228 129 145 155 163
aeroplane 0.0214 142 144 156 160
aeroplane 0.0205 125 226 158 239
bird 0.0277 339 48 421 83
bird 0.0261 111 90 125 109
bird 0.0257 88 221 163 248
bird 0.0214 339 63 351 74
bird 0.0212 339 58 351 68
bird 0.0210 211 136 291 166
bird 0.0205 196 57 276 102
bird 0.0203 48 79 126 120
boat 0.0757 87 219 163 246
boat 0.0539 339 48 421 83
boat 0.0492 211 135 291 164
boat 0.0353 196 58 277 104
boat 0.0316 45 79 123 120
boat 0.0233 78 137 158 172
car 0.0269 85 221 161 249
person 0.0240 111 90 125 109
person 0.0221 149 228 157 236
person 0.0207 346 57 359 70
pottedplant 0.0276 85 221 161 249
pottedplant 0.0260 339 48 421 83
pottedplant 0.0223 211 136 291 166
pottedplant 0.0220 77 139 159 174
pottedplant 0.0212 48 79 126 120
pottedplant 0.0205 196 58 277 104
