aeroplane 0.0259 1 0 494 396
bird 0.1289 0 321 42 361
boat 0.0406 1 0 494 396
boat 0.0400 449 374 491 394
boat 0.0303 440 362 493 394
bottle 0.0302 365 0 497 395
bottle 0.0281 5 22 99 149
bottle 0.0275 1 0 494 396
bus 0.0299 71 277 393 378
car 0.8691 75 276 396 375
car 0.0350 1 0 494 396
car 0.0274 449 380 491 395
cat 0.0855 0 321 42 361
chair 0.0607 1 0 494 396
chair 0.0341 351 0 495 395
cow 0.1578 0 322 42 365
diningtable 0.0521 1 0 494 396
dog 0.1590 0 321 42 361
horse 0.0961 0 322 42 365
person 0.0704 0 321 42 361
person 0.0542 380 0 497 395
person 0.0397 452 0 495 396
person 0.0356 480 1 499 394
person 0.0310 1 0 494 396
pottedplant 0.0602 186 379 207 396
pottedplant 0.0397 152 385 178 397
pottedplant 0.0380 146 389 169 398
pottedplant 0.0365 162 389 184 397
pottedplant 0.0362 133 385 166 396
pottedplant 0.0336 129 389 155 397
pottedplant 0.0310 168 381 194 395
pottedplant 0.0264 1 0 494 396
sheep 0.1617 0 322 42 365
sofa 0.0595 1 0 494 396
train 0.0391 1 0 494 396
tvmonitor 0.1045 5 22 100 154
tvmonitor 0.0793 29 0 482 339
tvmonitor 0.0513 51 11 444 184
