bird 0.1119 190 101 266 141
bird 0.0996 -3 209 29 268
bird 0.0959 196 280 361 378
bird 0.0480 308 107 389 234
bird 0.0463 135 157 219 372
bird 0.0445 20 2 225 199
bird 0.0441 62 168 198 384
bird 0.0386 133 137 166 234
bird 0.0355 54 2 230 111
bird 0.0342 -3 1 92 247
cat 0.1153 190 101 266 141
cat 0.0474 54 166 191 380
cat 0.0452 308 107 389 234
cat 0.0355 135 157 219 372
cat 0.0343 353 169 493 365
cat 0.0343 196 280 361 378
cat 0.0343 -2 3 76 257
cow 0.1113 190 101 266 141
cow 0.0653 308 107 389 234
cow 0.0519 353 169 493 365
cow 0.0454 137 106 264 370
cow 0.0371 142 161 220 374
dog 0.1204 190 101 266 141
dog 0.0483 306 106 385 234
dog 0.0382 134 161 220 374
dog 0.0355 -3 209 29 268
dog 0.0355 352 171 495 369
dog 0.0353 196 280 361 378
dog 0.0348 67 162 202 379
horse 0.0454 190 101 266 141
sheep 0.7744 308 107 389 234
sheep 0.5631 353 169 493 365
sheep 0.4648 190 101 266 141
sheep 0.3787 62 157 199 378
sheep 0.3585 140 116 285 266
sheep 0.2250 135 157 219 372
sheep 0.0668 196 280 361 378
sheep 0.0634 132 112 206 218
sheep 0.0517 431 183 494 363
sheep 0.0421 -3 208 22 268
sheep 0.0359 459 153 497 341
sheep 0.0356 155 105 262 155
