aeroplane 0.0488 -1 0 497 330
boat 0.1090 -1 0 497 330
bottle 0.1585 5 0 138 330
bottle 0.0639 97 5 320 168
bottle 0.0509 255 0 286 8
bottle 0.0469 -16 0 371 330
bottle 0.0448 42 0 93 70
bottle 0.0415 281 309 354 332
bus 0.0627 -1 0 497 330
car 0.0506 255 0 286 8
car 0.0455 -1 0 497 330
chair 0.0448 282 306 361 330
chair 0.0447 40 0 518 331
diningtable 0.0498 0 134 496 330
diningtable 0.0448 32 309 463 332
diningtable 0.0417 -4 267 500 328
person 0.0704 281 309 354 332
person 0.0615 255 0 286 8
person 0.0423 2 0 133 330
pottedplant 0.0784 180 0 276 13
pottedplant 0.0638 255 0 286 8
pottedplant 0.0425 117 0 151 11
sofa 0.0525 13 301 482 330
sofa 0.0426 -4 267 500 328
train 0.1334 -1 0 497 330
train 0.0690 99 4 333 174
train 0.0519 60 11 497 183
tvmonitor 0.1000 407 110 493 189
tvmonitor 0.0485 0 134 496 330
tvmonitor 0.0477 2 0 133 330
tvmonitor 0.0442 476 21 496 121
tvmonitor 0.0410 100 5 339 173
