bicycle 0.0884 114 16 279 159
bird 0.2585 103 263 180 380
bird 0.0475 205 252 276 313
bird 0.0443 185 264 213 308
bottle 0.0677 26 133 48 168
bottle 0.0577 258 278 307 365
bottle 0.0518 199 247 261 310
bottle 0.0443 185 264 213 308
bottle 0.0411 185 260 234 313
bus 0.0792 28 137 50 169
car 0.1218 26 137 49 169
car 0.0655 51 7 331 364
cat 0.0805 197 249 263 316
cat 0.0454 185 264 213 308
cat 0.0435 89 265 179 386
chair 0.0630 95 14 334 301
chair 0.0567 107 21 280 169
chair 0.0532 14 202 186 489
chair 0.0464 141 253 304 383
chair 0.0452 191 252 264 321
chair 0.0395 264 432 328 493
chair 0.0394 270 332 326 428
chair 0.0383 263 368 328 493
dog 0.0649 202 247 263 310
dog 0.0465 186 264 217 309
person 0.6531 10 204 179 493
person 0.1602 194 249 262 316
person 0.1479 185 264 213 308
person 0.0547 258 278 307 365
person 0.0528 137 2 250 40
person 0.0514 89 265 179 386
pottedplant 0.0467 205 252 276 313
pottedplant 0.0453 137 2 250 40
sofa 0.0483 138 246 312 382
sofa 0.0428 13 207 187 491
train 0.0567 26 137 49 169
tvmonitor 0.1048 142 263 303 388
tvmonitor 0.0858 26 137 49 169
