aeroplane 0.7216 118 130 392 220
aeroplane 0.0535 260 138 398 217
aeroplane 0.0457 305 158 400 218
aeroplane 0.0405 333 159 450 217
aeroplane 0.0380 262 141 287 156
aeroplane 0.0314 272 141 292 152
aeroplane 0.0291 430 187 479 210
aeroplane 0.0286 293 145 318 158
aeroplane 0.0278 432 158 492 213
aeroplane 0.0271 315 190 359 212
aeroplane 0.0270 231 142 334 172
aeroplane 0.0264 281 145 300 158
aeroplane 0.0253 287 143 309 155
aeroplane 0.0252 303 143 324 155
aeroplane 0.0249 281 141 299 152
aeroplane 0.0241 309 136 428 209
aeroplane 0.0212 332 107 459 227
aeroplane 0.0207 274 144 353 170
boat 0.0371 433 168 491 214
boat 0.0332 430 187 479 210
boat 0.0249 117 127 393 218
boat 0.0244 492 152 494 203
boat 0.0232 470 162 493 209
boat 0.0211 486 106 493 224
bus 0.0344 431 180 485 212
bus 0.0327 428 157 489 214
car 0.0351 426 187 475 210
car 0.0258 492 176 494 211
car 0.0245 493 181 493 216
car 0.0231 492 161 494 205
car 0.0206 328 200 354 212
car 0.0202 322 200 344 213
person 0.0253 493 112 493 217
person 0.0232 492 161 494 205
person 0.0230 319 196 348 212
person 0.0211 492 140 495 205
person 0.0203 492 176 494 211
train 0.0277 432 158 492 213
train 0.0273 429 182 480 210
