aeroplane 0.0203 46 9 489 253
bird 0.4942 205 98 271 244
bird 0.0784 221 97 254 145
bird 0.0356 116 39 359 233
bird 0.0350 1 136 16 172
bird 0.0340 135 67 273 251
bird 0.0252 1 145 9 197
bird 0.0232 0 153 24 249
bird 0.0223 229 177 275 245
bird 0.0210 254 204 281 238
boat 0.0436 46 13 490 255
cat 0.1068 213 100 275 242
cow 0.0385 209 100 273 243
dog 0.1394 209 100 273 243
horse 0.0543 209 100 273 243
person 0.0526 209 100 273 243
person 0.0254 221 97 254 145
pottedplant 0.0205 313 2 477 135
sheep 0.1102 205 95 270 242
