bottle 0.0625 384 357 414 371
bottle 0.0469 175 62 202 104
bus 0.0463 22 124 74 171
cat 0.0575 22 124 74 171
cat 0.0508 116 125 160 169
chair 0.4787 31 223 159 376
chair 0.3952 261 250 367 373
chair 0.3774 101 161 175 280
chair 0.3351 0 188 66 305
chair 0.2207 116 125 160 169
chair 0.1204 206 120 304 263
chair 0.1057 103 221 157 308
chair 0.0791 105 118 178 247
chair 0.0673 269 196 429 368
chair 0.0662 423 145 461 250
chair 0.0595 1 186 10 308
chair 0.0567 78 132 104 169
chair 0.0473 22 124 74 171
chair 0.0465 376 277 454 375
chair 0.0457 1 263 111 371
chair 0.0448 103 127 143 168
chair 0.0445 34 182 140 324
chair 0.0426 397 303 465 372
diningtable 0.0724 263 251 451 371
diningtable 0.0559 6 224 154 375
diningtable 0.0539 101 161 175 280
diningtable 0.0516 11 167 101 297
diningtable 0.0494 116 125 160 169
diningtable 0.0461 48 170 126 272
person 0.7300 277 153 444 364
person 0.2432 -1 134 83 266
person 0.1466 116 125 160 169
person 0.1372 206 120 297 262
person 0.1121 171 56 198 104
person 0.1027 22 124 74 171
person 0.0912 104 117 180 260
person 0.0430 418 147 460 253
person 0.0424 352 125 410 211
pottedplant 0.0471 113 125 157 169
sofa 0.2399 205 121 321 267
sofa 0.1144 116 125 160 169
sofa 0.0727 22 124 74 171
sofa 0.0703 278 164 443 370
sofa 0.0662 0 169 65 302
sofa 0.0525 101 161 175 280
tvmonitor 0.6235 355 125 412 211
tvmonitor 0.5578 22 124 74 171
tvmonitor 0.2143 424 148 461 252
tvmonitor 0.1218 78 130 104 165
tvmonitor 0.1000 116 125 160 169
tvmonitor 0.0747 339 124 375 206
tvmonitor 0.0570 397 309 464 372
tvmonitor 0.0551 3 128 23 161
