bicycle 0.0534 68 206 83 227
bicycle 0.0303 112 201 125 230
bicycle 0.0283 90 202 100 225
bird 0.0301 112 198 125 229
bottle 0.0349 64 206 79 227
bottle 0.0281 112 198 125 229
bottle 0.0280 98 200 108 227
bottle 0.0251 90 202 100 225
bottle 0.0215 80 203 94 225
bus 0.0213 69 190 82 212
bus 0.0200 86 197 96 215
car 0.0747 67 202 83 226
car 0.0662 478 197 493 209
car 0.0351 85 200 97 223
car 0.0326 112 196 125 227
car 0.0283 104 196 118 227
chair 0.0358 109 202 121 230
chair 0.0335 68 206 83 227
chair 0.0324 102 204 112 228
chair 0.0315 95 205 103 227
chair 0.0265 86 206 96 226
dog 0.0232 112 198 125 229
horse 0.0465 112 198 125 229
horse 0.0233 68 206 83 227
horse 0.0225 98 200 108 227
motorbike 0.0941 68 206 83 227
motorbike 0.0363 85 203 97 224
motorbike 0.0297 108 198 121 228
motorbike 0.0263 94 201 103 226
motorbike 0.0231 101 200 113 227
person 0.3670 112 196 125 227
person 0.1224 71 202 87 226
person 0.0218 474 197 490 210
person 0.0208 489 197 497 210
person 0.0204 462 199 477 213
person 0.0203 216 100 286 183
pottedplant 0.0537 65 209 79 228
pottedplant 0.0270 90 202 100 225
pottedplant 0.0229 101 200 113 227
pottedplant 0.0202 474 197 490 210
train 0.8594 125 31 464 283
train 0.0227 0 118 98 237
