boat 0.0246 -2 -11 498 274
bottle 0.0631 -2 -10 499 279
bottle 0.0262 289 214 323 252
bottle 0.0234 307 10 344 66
bus 0.0779 -2 -11 498 274
car 0.7215 25 196 462 350
car 0.0300 283 214 321 251
car 0.0297 -1 -15 497 265
car 0.0276 196 212 370 266
car 0.0252 95 153 376 300
car 0.0242 272 221 332 269
car 0.0227 183 199 437 304
car 0.0202 146 191 357 262
diningtable 0.0248 -1 -13 498 300
person 0.4211 289 214 323 252
person 0.0562 321 220 346 246
person 0.0200 -1 -15 497 265
train 0.0440 -1 -15 497 265
tvmonitor 0.0508 -2 -14 498 258
