aeroplane 0.0284 11 3 61 5
aeroplane 0.0233 3 2 46 6
aeroplane 0.0224 27 3 109 4
aeroplane 0.0218 15 3 89 5
aeroplane 0.0200 31 3 120 5
bird 0.0214 235 348 385 350
bird 0.0213 239 339 413 349
bird 0.0200 9 2 48 6
bird 0.0200 260 348 376 350
boat 0.0293 11 3 61 5
boat 0.0249 27 3 109 4
boat 0.0215 31 3 120 5
boat 0.0203 5 1 29 6
car 0.0335 11 3 61 5
car 0.0296 455 0 493 23
car 0.0294 7 2 34 6
car 0.0277 464 0 491 14
car 0.0219 27 3 109 4
car 0.0209 15 3 89 5
horse 0.8257 149 109 432 274
pottedplant 0.0227 462 0 493 18
sheep 0.0307 4 2 61 5
sheep 0.0291 5 1 29 6
