aeroplane 0.0455 306 49 321 59
aeroplane 0.0427 464 51 492 87
aeroplane 0.0381 352 62 370 93
bird 0.2668 306 49 321 59
bird 0.2107 449 51 459 65
bird 0.1731 434 120 452 146
bird 0.1635 464 48 491 85
bird 0.1558 262 48 272 59
bird 0.1243 462 134 485 168
bird 0.0965 352 62 370 93
bird 0.0921 395 30 412 60
bird 0.0900 467 45 488 71
bird 0.0881 426 55 435 78
bird 0.0843 392 26 415 99
bird 0.0757 345 25 361 56
bird 0.0638 398 30 416 77
bird 0.0510 243 97 284 130
bird 0.0351 63 169 198 225
bird 0.0331 277 74 296 95
bird 0.0324 345 25 369 90
boat 0.1552 464 51 492 87
boat 0.1180 351 58 371 93
boat 0.1066 242 99 285 132
boat 0.0530 390 33 411 100
boat 0.0507 449 51 459 65
boat 0.0492 306 49 321 59
boat 0.0476 344 25 362 64
boat 0.0444 395 30 412 60
boat 0.0424 346 25 367 82
boat 0.0387 467 45 488 71
boat 0.0353 98 2 186 4
boat 0.0347 58 2 164 4
boat 0.0326 131 2 216 4
boat 0.0326 462 134 485 168
boat 0.0302 436 120 455 146
boat 0.0301 162 2 247 4
cat 0.0797 67 169 200 225
cat 0.0660 63 106 104 151
cat 0.0421 446 53 456 67
cat 0.0313 395 30 412 60
cat 0.0313 434 119 452 143
cow 0.0558 63 106 104 151
cow 0.0386 449 51 459 65
cow 0.0356 62 168 199 223
cow 0.0334 399 30 415 59
dog 0.6503 63 169 198 225
dog 0.3994 63 106 104 151
dog 0.0602 61 109 176 162
dog 0.0495 446 53 456 67
dog 0.0481 74 173 108 199
dog 0.0377 395 30 412 60
dog 0.0322 306 49 321 59
horse 0.0429 63 106 104 151
horse 0.0315 306 49 321 59
person 0.0679 446 53 456 67
person 0.0559 392 40 415 102
person 0.0548 64 106 109 152
person 0.0547 422 55 432 84
person 0.0463 464 51 492 87
person 0.0449 60 170 194 224
person 0.0383 306 49 321 59
person 0.0345 395 30 412 60
pottedplant 0.0470 464 51 492 87
pottedplant 0.0460 352 62 370 93
pottedplant 0.0380 462 134 485 168
sheep 0.0820 446 53 456 67
sheep 0.0795 399 30 415 59
sheep 0.0774 464 51 492 87
sheep 0.0646 63 169 198 225
sheep 0.0548 63 106 104 151
sheep 0.0482 306 49 321 59
sheep 0.0479 354 62 374 93
sheep 0.0431 344 25 362 64
sheep 0.0399 426 55 435 78
sheep 0.0396 434 120 452 146
sheep 0.0339 397 29 417 87
sheep 0.0305 392 43 415 104
