aeroplane 0.0291 203 116 308 207
boat 0.0247 203 116 308 207
bus 0.0628 204 117 307 210
car 0.8380 203 116 308 207
car 0.0317 235 130 275 157
car 0.0261 237 129 258 147
car 0.0253 242 129 268 147
car 0.0241 230 134 250 153
car 0.0239 223 134 240 153
car 0.0228 202 130 223 151
car 0.0210 268 133 281 148
car 0.0204 212 136 236 161
motorbike 0.0273 203 114 308 204
person 0.0610 240 128 262 144
person 0.0566 272 131 285 145
person 0.0521 254 128 272 143
person 0.0427 287 133 301 149
pottedplant 0.0867 1 139 64 199
train 0.0366 203 116 308 207
tvmonitor 0.0324 -2 209 498 337
