aeroplane 0.0426 183 258 343 329
aeroplane 0.0285 111 220 133 233
aeroplane 0.0265 231 206 286 264
bicycle 0.0261 228 204 284 262
bird 0.0327 228 204 284 262
bird 0.0291 284 247 305 270
bird 0.0283 181 262 251 331
bird 0.0274 184 261 342 332
boat 0.1317 182 258 351 330
boat 0.0477 454 220 494 256
boat 0.0409 422 225 479 275
boat 0.0373 287 247 309 270
boat 0.0314 111 220 133 233
boat 0.0271 40 224 64 235
boat 0.0263 294 192 388 261
bus 0.0287 182 262 351 331
bus 0.0282 40 224 64 235
bus 0.0275 111 220 133 233
car 0.1548 108 220 130 233
car 0.1421 40 224 64 235
car 0.0480 276 191 383 256
car 0.0445 182 258 351 330
car 0.0441 287 247 309 270
car 0.0383 64 225 94 234
car 0.0375 154 221 177 232
car 0.0374 469 219 494 246
car 0.0322 491 222 496 248
car 0.0297 460 224 495 264
car 0.0276 441 257 492 301
car 0.0270 334 198 387 261
car 0.0267 433 209 491 255
chair 0.0286 441 257 492 301
chair 0.0264 186 262 355 331
cow 0.1333 231 206 286 264
cow 0.0572 287 247 309 270
cow 0.0513 287 207 333 246
cow 0.0509 284 195 383 258
cow 0.0391 334 198 387 261
cow 0.0391 447 258 492 300
cow 0.0386 378 216 429 242
cow 0.0348 184 261 342 332
dog 0.0544 228 204 284 262
dog 0.0276 284 247 305 270
horse 0.5964 231 206 286 264
horse 0.0634 284 243 306 268
horse 0.0473 288 208 324 245
horse 0.0469 279 217 302 253
horse 0.0423 226 215 245 250
horse 0.0395 278 203 357 250
horse 0.0357 334 198 387 261
horse 0.0347 221 221 234 249
horse 0.0332 232 208 247 233
horse 0.0322 184 261 342 332
horse 0.0290 441 257 492 301
motorbike 0.0276 284 247 305 270
person 0.1074 287 247 309 270
person 0.0530 228 204 284 262
person 0.0484 334 198 387 261
person 0.0446 184 260 255 328
person 0.0384 279 217 302 253
person 0.0368 180 258 331 330
person 0.0353 288 220 308 250
person 0.0336 295 222 317 248
person 0.0302 232 208 247 233
person 0.0280 360 247 384 265
sheep 0.0512 447 258 492 300
sheep 0.0349 287 247 309 270
sheep 0.0331 182 262 351 331
sheep 0.0328 231 207 286 267
train 0.0611 276 191 383 256
train 0.0511 182 262 351 331
train 0.0274 227 206 285 265
train 0.0267 425 204 476 261
train 0.0263 287 243 309 269
