bicycle 0.0402 306 151 330 186
bird 0.0620 306 151 330 186
bottle 0.0576 308 149 329 183
bottle 0.0450 443 138 466 158
bottle 0.0432 115 1 130 24
bottle 0.0396 42 -2 70 22
cat 0.0631 397 153 495 373
cat 0.0539 306 151 330 186
chair 0.8132 1 163 118 374
chair 0.7043 138 164 263 362
chair 0.5886 367 165 417 226
chair 0.3061 261 183 367 266
chair 0.1960 261 133 302 193
chair 0.1950 257 146 308 239
chair 0.1151 78 160 174 295
chair 0.0879 306 151 330 186
chair 0.0871 230 192 499 375
chair 0.0818 313 170 369 232
chair 0.0777 67 135 107 155
chair 0.0527 337 171 392 219
chair 0.0519 55 136 111 190
chair 0.0476 299 155 337 211
chair 0.0475 237 286 500 375
chair 0.0428 101 157 167 204
chair 0.0417 399 127 494 341
cow 0.0377 397 151 495 370
diningtable 0.2809 57 176 188 362
diningtable 0.1231 1 158 111 369
diningtable 0.0811 367 165 417 226
diningtable 0.0471 135 159 259 361
diningtable 0.0459 278 153 364 243
diningtable 0.0402 264 179 371 264
diningtable 0.0373 305 153 330 189
diningtable 0.0367 327 172 402 224
dog 0.2951 390 153 495 373
dog 0.0416 236 175 500 374
horse 0.0453 390 153 495 373
person 0.0990 306 151 330 186
person 0.0912 230 170 499 373
person 0.0565 447 140 470 162
person 0.0438 390 153 495 373
pottedplant 0.4021 306 151 330 186
pottedplant 0.1334 45 0 75 26
pottedplant 0.1079 90 97 115 117
pottedplant 0.1028 63 0 88 26
pottedplant 0.0978 14 0 35 19
pottedplant 0.0835 115 1 130 24
pottedplant 0.0785 78 0 104 26
pottedplant 0.0701 96 0 118 26
pottedplant 0.0405 345 114 376 218
pottedplant 0.0386 324 168 366 211
pottedplant 0.0366 458 78 481 106
sofa 0.1066 236 175 500 374
sofa 0.0879 258 130 300 178
sofa 0.0836 367 165 417 226
sofa 0.0793 257 146 308 239
sofa 0.0654 261 183 367 266
sofa 0.0648 138 160 264 360
sofa 0.0585 1 163 118 374
sofa 0.0503 59 135 107 161
sofa 0.0450 390 153 495 373
tvmonitor 0.0735 67 135 107 155
tvmonitor 0.0579 306 151 330 186
tvmonitor 0.0500 87 135 110 150
tvmonitor 0.0441 262 131 302 183
tvmonitor 0.0376 98 134 115 151
