aeroplane 0.7138 4 99 491 220
aeroplane 0.0402 6 201 43 216
aeroplane 0.0302 1 240 40 263
aeroplane 0.0272 456 153 492 172
aeroplane 0.0247 175 232 195 244
aeroplane 0.0238 415 175 494 214
aeroplane 0.0238 365 165 450 187
aeroplane 0.0225 421 194 488 217
aeroplane 0.0204 491 193 495 223
aeroplane 0.0204 418 159 491 188
bicycle 0.0239 0 241 35 262
bird 0.0359 175 232 195 244
bird 0.0353 1 240 40 263
bird 0.0254 193 262 208 279
boat 0.0460 1 240 40 263
boat 0.0305 5 201 36 216
boat 0.0252 4 95 491 219
boat 0.0216 175 232 195 244
boat 0.0205 492 211 494 255
bus 0.0360 5 201 36 216
bus 0.0288 8 204 49 223
bus 0.0200 11 201 62 216
car 0.0428 5 203 37 219
car 0.0385 175 232 195 244
car 0.0317 1 240 40 263
car 0.0306 491 191 495 220
car 0.0288 492 211 494 255
car 0.0262 56 212 72 220
car 0.0238 47 212 65 220
car 0.0221 20 208 68 219
car 0.0216 1 192 3 230
chair 0.0221 1 240 40 263
cow 0.0334 0 241 35 262
dog 0.0212 0 241 35 262
horse 0.0312 0 241 35 262
motorbike 0.0276 175 232 195 244
person 0.0361 176 234 194 246
person 0.0256 492 212 494 259
person 0.0237 56 212 72 220
person 0.0220 3 201 31 215
person 0.0210 1 188 3 239
pottedplant 0.0335 175 232 195 244
sheep 0.0469 0 241 35 262
sheep 0.0206 176 234 194 246
train 0.0201 0 241 35 262
