bicycle 0.0250 255 295 419 369
bird 0.1880 382 224 448 258
bird 0.0611 153 245 208 279
bird 0.0295 374 280 433 314
bird 0.0274 462 244 494 303
bird 0.0254 458 229 490 289
bird 0.0253 441 251 483 295
bird 0.0228 445 205 487 272
bird 0.0211 417 215 484 267
cat 0.0449 108 101 301 240
chair 0.0201 1 38 494 380
chair 0.0200 112 91 319 239
cow 0.0200 103 101 298 240
dog 0.7496 108 101 301 240
motorbike 0.0471 254 289 412 369
motorbike 0.0216 294 311 450 370
person 0.0287 111 101 305 240
pottedplant 0.0240 153 245 208 279
sofa 0.0315 112 93 311 238
