bicycle 0.0353 8 1 88 328
bird 0.8680 122 106 280 207
bird 0.2465 6 9 82 206
bird 0.0971 17 4 79 91
bird 0.0717 10 3 180 201
bird 0.0441 44 4 138 86
bird 0.0300 -1 1 129 328
bottle 0.0352 8 1 88 328
cat 0.1050 56 173 384 328
cat 0.0330 8 1 88 328
chair 0.0394 8 1 88 328
dog 0.0489 66 178 382 328
dog 0.0281 8 1 88 328
dog 0.0281 13 4 75 102
person 0.0596 8 1 88 328
person 0.0505 25 2 196 166
person 0.0428 13 4 75 96
person 0.0422 461 18 502 312
person 0.0388 1 0 220 330
person 0.0350 88 276 298 329
person 0.0277 5 1 130 204
pottedplant 0.0785 8 1 88 328
pottedplant 0.0706 250 -1 315 39
pottedplant 0.0287 -10 0 178 331
pottedplant 0.0271 427 176 497 331
sheep 0.0318 48 174 447 327
