aeroplane 0.0320 0 222 12 243
bicycle 0.4956 248 230 294 263
bicycle 0.0798 279 283 317 304
bicycle 0.0248 424 258 484 300
bicycle 0.0200 330 285 353 303
bird 0.0524 279 283 317 304
bird 0.0412 139 276 176 299
boat 0.0482 0 222 12 243
boat 0.0257 279 283 317 304
boat 0.0248 0 200 11 241
boat 0.0200 139 276 176 299
bottle 0.0864 279 278 310 304
bottle 0.0526 330 285 353 303
bottle 0.0333 247 225 294 263
bottle 0.0223 140 274 175 296
bus 0.0345 0 222 12 243
car 0.1526 0 227 12 244
car 0.0236 0 176 5 212
cat 0.0225 280 278 316 304
chair 0.0500 251 225 298 263
chair 0.0289 279 283 317 304
chair 0.0237 140 274 175 296
chair 0.0217 0 227 12 244
diningtable 0.0230 278 287 341 306
diningtable 0.0200 247 225 294 263
diningtable 0.0200 279 282 310 304
dog 0.0516 280 278 316 304
motorbike 0.0493 247 225 294 263
motorbike 0.0440 279 283 317 304
motorbike 0.0217 419 261 483 303
person 0.0601 279 278 310 304
person 0.0497 254 201 264 234
person 0.0314 248 220 293 262
person 0.0220 -1 219 6 245
pottedplant 0.3462 97 265 132 304
pottedplant 0.1695 139 276 176 299
pottedplant 0.0643 279 283 317 304
pottedplant 0.0556 60 240 75 254
pottedplant 0.0427 39 264 104 312
pottedplant 0.0352 0 227 12 244
pottedplant 0.0338 247 225 294 263
pottedplant 0.0329 337 231 399 263
pottedplant 0.0299 180 285 205 302
pottedplant 0.0239 167 279 203 297
pottedplant 0.0219 330 285 353 303
pottedplant 0.0209 8 267 89 309
sheep 0.0288 279 283 317 304
sheep 0.0279 302 282 466 387
sheep 0.0241 0 227 12 244
tvmonitor 0.0200 0 222 12 243
