aeroplane 0.0543 108 93 387 231
aeroplane 0.0455 236 135 290 194
bicycle 0.0369 103 85 392 244
bird 0.1295 307 156 366 202
bird 0.0932 236 135 290 194
bird 0.0782 83 109 138 174
bird 0.0434 127 102 368 216
boat 0.3293 11 6 484 365
boat 0.1703 230 134 297 207
boat 0.1625 108 93 387 231
boat 0.1377 172 128 237 190
boat 0.1000 239 131 287 182
boat 0.0989 90 41 483 242
boat 0.0985 269 148 382 246
boat 0.0871 195 99 331 202
boat 0.0507 80 113 228 187
boat 0.0435 224 101 412 235
bottle 0.0452 240 133 286 185
bus 0.0369 108 93 387 231
car 0.0363 238 134 288 190
cow 0.0388 306 157 368 207
dog 0.0568 311 157 370 201
dog 0.0514 83 109 138 174
horse 0.0498 306 157 368 207
horse 0.0380 83 109 138 174
person 0.5648 83 109 138 174
person 0.3053 307 156 366 202
person 0.2759 238 134 288 190
pottedplant 0.0450 240 135 293 194
train 0.0519 108 93 387 231
