bird 0.0713 180 3 307 169
bird 0.0446 173 62 196 116
bird 0.0401 245 70 320 160
boat 0.0492 0 -1 41 21
boat 0.0458 43 -1 92 10
boat 0.0418 260 3 336 5
boat 0.0394 252 3 383 5
bus 0.0453 488 -4 497 53
bus 0.0405 359 1 488 12
car 0.1871 0 -1 41 21
car 0.1274 135 0 180 14
car 0.1073 488 -5 497 43
car 0.0953 39 0 97 15
car 0.0951 262 2 326 6
car 0.0773 359 1 488 12
car 0.0717 441 0 491 14
car 0.0651 115 0 153 13
car 0.0540 254 3 397 5
car 0.0488 18 0 71 8
car 0.0424 261 2 437 6
cat 0.0622 180 3 307 169
chair 0.1625 36 0 99 20
chair 0.1061 0 -1 41 21
chair 0.0775 9 0 79 19
chair 0.0597 488 -4 498 48
chair 0.0574 135 0 180 14
chair 0.0485 476 -4 496 30
chair 0.0453 435 0 489 14
chair 0.0443 29 -2 106 58
chair 0.0419 115 0 153 13
chair 0.0415 491 0 495 77
chair 0.0412 43 0 155 19
chair 0.0393 383 1 495 13
cow 0.0596 490 0 496 66
cow 0.0536 178 2 316 170
cow 0.0532 491 -3 495 94
cow 0.0408 492 -3 494 129
dog 0.0666 180 3 307 169
dog 0.0408 175 61 195 105
horse 0.0676 490 0 496 66
horse 0.0564 491 -3 495 94
person 0.0922 488 -4 497 53
person 0.0830 490 0 495 73
person 0.0493 216 1 271 71
person 0.0405 492 -2 494 122
sheep 0.9043 105 126 405 333
sheep 0.3450 183 61 327 164
sheep 0.1082 181 58 259 161
sheep 0.0673 176 63 209 149
sheep 0.0580 173 62 196 116
sheep 0.0466 491 0 495 77
sofa 0.0505 40 0 103 19
sofa 0.0456 0 0 42 25
train 0.0419 489 -2 497 57
tvmonitor 0.0516 43 0 100 15
tvmonitor 0.0387 3 -2 46 17
