bicycle 0.0409 -1 0 497 371
bird 0.0384 -1 0 497 371
boat 0.0387 -1 0 497 371
bottle 0.0433 -1 0 497 371
car 0.0682 -1 0 497 371
cat 0.0698 -1 0 497 371
chair 0.1427 -1 0 497 371
cow 0.0635 -1 0 497 371
cow 0.0428 71 92 377 372
diningtable 0.0781 -1 0 497 371
dog 0.3741 77 87 378 372
dog 0.1236 -1 0 497 371
horse 0.0719 -1 0 497 371
horse 0.0453 71 92 377 372
motorbike 0.0433 -1 0 497 371
person 0.1603 -1 0 497 371
person 0.0669 54 90 371 374
person 0.0327 219 317 354 371
person 0.0325 451 0 496 371
sheep 0.0372 -1 0 497 371
sofa 0.1809 -1 0 497 371
sofa 0.0599 57 92 376 372
train 0.0464 -1 0 497 371
tvmonitor 0.0431 -1 0 497 371
