bicycle 0.0352 0 208 421 296
bird 0.0500 330 0 397 141
bird 0.0375 117 218 170 296
boat 0.0471 0 241 109 295
boat 0.0464 0 194 422 295
bottle 0.0512 332 -1 399 138
car 0.0560 415 41 422 119
car 0.0408 333 1 399 140
car 0.0407 416 62 422 144
car 0.0404 409 18 423 109
car 0.0366 418 74 420 151
chair 0.6078 56 106 159 258
chair 0.0867 409 42 423 118
chair 0.0669 331 3 396 141
chair 0.0595 411 67 421 153
chair 0.0363 225 80 328 143
chair 0.0350 34 32 140 253
cow 0.0405 114 218 167 296
diningtable 0.0596 51 104 157 256
diningtable 0.0371 331 3 396 141
diningtable 0.0366 225 80 328 143
dog 0.0528 114 218 167 296
horse 0.0469 115 222 166 296
person 0.4048 35 34 139 256
person 0.1547 333 1 399 140
person 0.0866 114 218 167 296
person 0.0550 416 49 422 138
person 0.0451 417 66 421 150
person 0.0433 409 18 423 109
person 0.0418 416 9 422 104
pottedplant 0.6285 226 78 327 142
pottedplant 0.5123 333 1 399 140
pottedplant 0.0557 193 82 274 142
pottedplant 0.0495 411 67 421 153
pottedplant 0.0460 409 26 423 110
pottedplant 0.0400 406 42 421 126
sofa 0.0720 56 106 159 258
sofa 0.0432 409 42 423 118
train 0.0682 0 159 421 294
tvmonitor 0.0565 3 251 112 294
tvmonitor 0.0534 333 1 399 140
tvmonitor 0.0533 409 40 423 110
tvmonitor 0.0391 226 78 327 142
tvmonitor 0.0350 418 68 420 152
