bird 0.0302 224 53 333 371
bird 0.0220 261 352 303 371
bottle 0.0303 261 352 303 371
bottle 0.0224 324 0 491 371
cat 0.5146 225 46 332 366
cat 0.0624 194 46 465 372
cat 0.0389 308 0 491 371
cat 0.0344 268 326 469 373
cat 0.0291 121 43 350 369
cat 0.0286 261 352 303 371
chair 0.0580 252 338 469 372
chair 0.0494 375 332 486 372
chair 0.0374 308 0 491 371
chair 0.0337 225 48 332 370
chair 0.0328 223 355 452 373
chair 0.0324 428 333 497 371
chair 0.0241 176 319 468 374
chair 0.0217 473 341 498 369
chair 0.0212 458 330 497 369
diningtable 0.0219 261 337 468 373
dog 0.0339 227 55 338 369
dog 0.0284 261 352 303 371
dog 0.0234 252 331 470 373
person 0.0387 308 0 491 371
person 0.0288 261 352 296 371
person 0.0260 268 332 468 373
person 0.0220 227 55 338 369
pottedplant 0.0220 3 253 47 370
pottedplant 0.0214 276 1 492 370
pottedplant 0.0209 1 298 64 371
sofa 0.0369 259 331 470 373
tvmonitor 0.0393 324 0 491 371
