aeroplane 0.0535 0 133 34 173
bicycle 0.7311 8 84 377 345
bicycle 0.1573 30 4 527 367
bicycle 0.1089 237 102 484 351
bicycle 0.0705 396 142 497 322
bicycle 0.0551 0 132 34 169
bicycle 0.0500 373 55 489 316
bicycle 0.0493 443 153 497 323
bird 0.0933 0 133 34 173
car 0.0760 0 132 34 169
cow 0.0778 0 132 34 169
dog 0.0677 0 132 34 169
horse 0.1006 0 133 34 173
horse 0.0533 373 0 496 324
motorbike 0.0918 373 55 489 316
motorbike 0.0862 415 158 494 324
motorbike 0.0801 0 132 34 169
motorbike 0.0761 451 169 496 325
person 0.1595 412 0 496 154
person 0.1275 468 109 487 162
person 0.1268 0 133 34 173
person 0.0861 373 0 496 324
person 0.0715 412 26 481 234
person 0.0625 418 1 490 71
person 0.0565 456 90 492 281
person 0.0514 431 51 493 297
pottedplant 0.0839 151 50 211 122
sheep 0.0824 0 132 34 169
