bottle 0.0338 345 130 346 227
bottle 0.0331 339 143 346 239
car 0.0373 344 123 346 213
car 0.0310 344 148 346 237
cat 0.0538 60 -1 236 139
chair 0.1436 165 139 339 259
chair 0.0709 281 124 344 253
chair 0.0662 155 199 344 260
chair 0.0546 339 127 346 226
chair 0.0445 344 134 346 231
chair 0.0375 281 6 349 253
chair 0.0322 237 184 344 259
chair 0.0309 317 7 346 252
diningtable 0.0368 221 128 338 254
diningtable 0.0313 0 132 347 266
person 0.0486 344 123 346 213
person 0.0481 345 130 346 227
person 0.0457 317 7 346 252
person 0.0456 339 8 347 251
person 0.0392 344 98 346 214
pottedplant 0.0925 216 2 277 85
pottedplant 0.0428 213 0 303 120
pottedplant 0.0347 339 143 346 239
pottedplant 0.0314 210 1 338 73
sofa 0.0616 152 139 336 259
sofa 0.0322 227 119 344 246
tvmonitor 0.8661 59 0 232 144
tvmonitor 0.0357 339 126 347 219
tvmonitor 0.0356 345 130 346 227
tvmonitor 0.0336 152 136 336 258
