bottle 0.0231 0 334 12 371
cat 0.8829 152 55 365 309
cat 0.0391 0 -2 497 122
cat 0.0202 9 31 361 340
chair 0.0792 0 309 81 372
chair 0.0372 0 310 12 372
chair 0.0363 -2 321 20 372
chair 0.0298 153 58 372 312
chair 0.0234 1 15 127 274
chair 0.0211 24 97 471 373
chair 0.0205 0 254 12 369
chair 0.0205 330 321 477 372
diningtable 0.0225 0 309 81 372
person 0.0225 0 293 5 383
person 0.0214 0 309 81 372
sofa 0.0300 0 309 81 372
tvmonitor 0.0463 0 309 81 372
tvmonitor 0.0379 153 58 372 312
tvmonitor 0.0296 80 282 391 370
