bird 0.0683 273 0 307 43
boat 0.1364 414 328 494 370
boat 0.0906 0 1 495 370
boat 0.0783 446 294 493 328
bottle 0.2823 165 -1 197 50
bottle 0.0886 181 0 251 55
bottle 0.0584 0 1 495 370
bottle 0.0550 440 291 493 326
bottle 0.0386 292 88 311 108
bottle 0.0373 162 286 176 301
bus 0.0428 1 140 10 184
bus 0.0316 292 88 311 108
car 0.0546 1 140 10 184
car 0.0514 446 294 493 328
car 0.0337 1 146 10 225
car 0.0323 162 286 176 301
chair 0.0478 -11 93 452 366
diningtable 0.0470 -11 93 452 366
person 0.0952 273 0 307 43
person 0.0553 165 -1 196 45
person 0.0509 430 1 471 31
person 0.0470 288 89 308 111
person 0.0337 0 138 11 180
person 0.0320 204 0 252 50
pottedplant 0.0443 162 286 176 301
sheep 0.0360 446 294 493 328
train 0.1057 287 87 309 108
train 0.0913 0 1 495 370
train 0.0594 38 48 457 165
train 0.0503 239 79 310 116
train 0.0438 2 112 31 154
train 0.0400 0 132 17 180
train 0.0374 110 71 385 177
train 0.0364 190 116 304 166
train 0.0362 180 73 339 123
train 0.0357 216 120 278 151
train 0.0356 1 140 10 184
tvmonitor 0.0411 0 1 495 370
tvmonitor 0.0346 446 294 493 328
