bicycle 0.0359 59 96 194 259
bird 0.0289 75 99 99 146
boat 0.0280 -21 0 462 257
bottle 0.0275 12 0 483 247
bottle 0.0275 383 0 463 330
bus 0.1093 24 -1 494 258
bus 0.0433 384 0 485 330
bus 0.0368 253 0 555 331
car 0.1791 91 -3 498 296
car 0.0326 253 0 555 331
car 0.0323 59 96 194 259
car 0.0267 384 0 485 330
chair 0.0421 384 0 485 330
chair 0.0351 253 0 555 331
chair 0.0323 71 0 494 330
chair 0.0288 343 167 394 298
diningtable 0.0257 18 212 477 336
motorbike 0.6134 59 96 194 259
person 0.1377 384 0 485 330
person 0.0702 75 102 98 149
person 0.0610 441 4 491 326
person 0.0419 47 2 205 260
person 0.0356 481 3 498 326
person 0.0352 70 96 105 186
person 0.0279 1 0 432 256
person 0.0266 62 63 144 219
sofa 0.0279 1 6 494 324
sofa 0.0261 253 0 555 331
train 0.0417 10 -1 485 253
tvmonitor 0.0473 16 0 494 262
tvmonitor 0.0288 253 0 555 331
tvmonitor 0.0266 383 0 463 330
