aeroplane 0.0304 0 0 496 336
bicycle 0.0321 0 0 496 336
boat 0.0361 0 0 496 336
car 0.0449 0 0 496 336
cat 0.7510 4 65 256 307
cat 0.0666 215 113 491 334
cat 0.0355 0 0 496 336
cat 0.0298 15 2 480 180
chair 0.0783 0 0 496 336
chair 0.0349 1 70 260 317
cow 0.0570 210 113 488 333
diningtable 0.0685 0 0 496 336
dog 0.5944 210 113 488 333
dog 0.0373 0 0 496 336
dog 0.0290 2 68 258 315
horse 0.0305 211 118 487 333
horse 0.0290 0 0 496 336
motorbike 0.0333 0 0 496 336
person 0.0800 0 0 496 336
person 0.0355 233 106 503 336
person 0.0306 359 0 503 335
person 0.0301 432 0 499 337
person 0.0266 379 1 490 38
pottedplant 0.0404 0 0 496 336
sheep 0.0433 220 113 493 333
sofa 0.0888 0 0 496 336
sofa 0.0281 2 68 258 315
train 0.0273 0 0 496 336
tvmonitor 0.0407 0 0 496 336
tvmonitor 0.0405 12 1 484 175
