bottle 0.1460 66 118 93 176
bottle 0.0658 76 121 114 179
bottle 0.0632 0 332 33 372
bottle 0.0608 -1 286 27 372
chair 0.4392 348 196 498 374
chair 0.1074 0 149 12 345
chair 0.0864 3 32 53 75
chair 0.0805 84 234 263 372
chair 0.0714 7 156 120 367
chair 0.0705 269 67 476 368
chair 0.0602 23 145 401 372
chair 0.0578 -3 163 54 360
diningtable 0.2198 -2 170 76 365
person 0.6585 76 52 372 372
person 0.5281 231 28 318 167
person 0.4241 268 51 469 337
person 0.2596 281 76 362 177
person 0.1713 0 29 67 171
person 0.1406 89 103 132 168
person 0.1381 -5 13 70 328
person 0.1225 75 118 115 177
person 0.1011 65 114 93 175
person 0.0781 0 51 35 338
person 0.0695 -1 287 21 371
person 0.0647 0 307 50 374
person 0.0638 24 40 135 348
person 0.0612 136 43 312 170
person 0.0583 0 105 11 336
sofa 0.0628 269 67 476 368
tvmonitor 0.1459 94 239 260 372
