bottle 0.0882 139 52 160 84
bottle 0.0611 147 1 184 24
bottle 0.0594 -1 330 19 374
bottle 0.0508 124 2 159 28
bottle 0.0497 227 6 252 83
bottle 0.0357 358 112 402 176
bottle 0.0353 87 59 118 83
bottle 0.0353 298 51 321 85
cat 0.0683 84 58 114 84
cat 0.0447 147 1 184 24
cat 0.0358 139 52 160 84
cat 0.0355 125 1 158 24
cat 0.0350 172 87 250 180
chair 0.6162 311 111 496 365
chair 0.1003 354 96 407 170
chair 0.0819 8 316 96 371
chair 0.0619 -1 319 20 374
chair 0.0523 108 253 168 370
chair 0.0433 0 298 35 371
chair 0.0397 0 238 50 372
chair 0.0376 -2 267 22 379
diningtable 0.0426 354 96 407 170
person 0.1173 298 51 321 85
person 0.1030 141 3 182 28
person 0.0589 124 2 159 28
person 0.0533 -1 319 20 374
person 0.0432 -3 0 53 372
person 0.0425 0 238 50 372
person 0.0404 139 52 160 84
person 0.0393 -1 236 20 375
person 0.0382 485 29 494 342
person 0.0371 247 85 323 169
person 0.0368 3 316 54 371
person 0.0347 272 44 301 81
pottedplant 0.0491 147 1 184 24
pottedplant 0.0416 139 52 160 84
pottedplant 0.0402 125 1 158 24
pottedplant 0.0384 292 51 320 85
pottedplant 0.0370 297 34 323 80
pottedplant 0.0359 256 1 277 24
sofa 0.0521 311 111 496 365
sofa 0.0348 244 86 321 173
tvmonitor 0.7527 244 86 321 173
tvmonitor 0.7278 173 86 250 185
tvmonitor 0.1106 356 103 405 173
tvmonitor 0.0865 345 88 399 154
tvmonitor 0.0810 348 92 381 139
tvmonitor 0.0510 108 253 168 370
tvmonitor 0.0455 355 90 374 117
tvmonitor 0.0432 0 243 35 374
tvmonitor 0.0407 -1 310 20 371
tvmonitor 0.0395 1 311 48 370
tvmonitor 0.0366 324 95 359 153
tvmonitor 0.0359 364 39 404 63
tvmonitor 0.0350 341 39 380 63
tvmonitor 0.0348 -4 0 70 371
