aeroplane 0.0373 490 181 496 213
aeroplane 0.0295 491 154 495 181
bicycle 0.0408 490 181 496 213
bicycle 0.0297 490 166 496 205
boat 0.0485 490 186 495 214
boat 0.0439 453 158 479 177
boat 0.0347 446 149 486 175
boat 0.0336 435 125 496 176
boat 0.0312 477 158 487 178
boat 0.0310 491 164 495 201
boat 0.0305 486 155 493 181
boat 0.0302 474 150 489 174
boat 0.0299 0 109 10 145
boat 0.0298 491 162 495 191
bottle 0.0340 0 109 10 145
bottle 0.0325 490 181 496 213
bus 0.0806 453 158 479 177
bus 0.0656 486 155 493 181
bus 0.0632 0 165 19 206
bus 0.0569 -3 103 124 209
bus 0.0537 477 158 487 178
bus 0.0527 491 162 495 191
bus 0.0481 491 164 495 201
bus 0.0462 490 176 496 212
bus 0.0322 24 107 142 170
bus 0.0294 0 97 26 215
car 0.0979 491 162 495 191
car 0.0964 491 164 495 201
car 0.0943 490 176 496 212
car 0.0822 0 165 19 206
car 0.0755 -3 138 116 227
car 0.0663 462 162 478 179
car 0.0530 0 109 10 145
car 0.0397 -1 156 52 215
car 0.0389 -2 101 68 211
car 0.0337 -1 157 20 249
car 0.0321 1 150 33 267
car 0.0288 10 102 164 257
chair 0.0367 490 186 495 214
chair 0.0314 0 168 12 208
chair 0.0299 491 163 495 196
chair 0.0299 490 166 496 205
cow 0.0325 490 181 496 213
horse 0.0324 490 186 495 214
motorbike 0.0479 490 181 496 213
motorbike 0.0429 490 166 496 205
motorbike 0.0395 485 163 493 190
person 0.0844 490 168 496 209
person 0.0808 482 164 490 189
person 0.0683 462 162 478 179
person 0.0418 0 109 10 145
person 0.0317 277 112 304 159
person 0.0315 0 161 5 210
person 0.0315 0 166 19 210
person 0.0296 437 163 456 178
person 0.0296 0 71 4 160
pottedplant 0.0354 490 186 495 214
pottedplant 0.0313 0 109 10 145
sheep 0.0308 490 181 496 213
train 0.6931 79 29 439 324
train 0.0630 441 149 484 175
train 0.0624 453 158 479 177
train 0.0600 434 136 491 176
train 0.0497 -5 102 133 210
train 0.0412 0 165 19 206
train 0.0405 486 152 493 178
train 0.0375 490 181 496 213
train 0.0332 412 154 449 182
train 0.0330 477 158 487 178
tvmonitor 0.0481 0 165 19 206
