aeroplane 0.0337 0 -8 496 339
bird 0.0484 1 212 57 293
boat 0.0372 -1 19 497 352
bottle 0.0377 325 222 420 354
bottle 0.0302 289 206 455 341
car 0.0396 -1 7 497 346
chair 0.0337 36 52 334 372
chair 0.0251 491 247 495 370
chair 0.0248 475 250 496 373
chair 0.0234 324 248 476 374
diningtable 0.0333 0 241 495 376
dog 0.0248 1 211 63 301
motorbike 0.0248 -1 12 497 348
person 0.7492 337 102 486 369
person 0.5146 16 58 299 371
person 0.1271 266 -3 315 40
person 0.0269 437 129 496 365
person 0.0259 0 212 57 300
person 0.0254 -1 7 497 346
person 0.0234 334 204 434 336
pottedplant 0.0248 266 -3 315 40
sofa 0.0376 10 53 297 371
train 0.0402 -1 19 497 352
