aeroplane 0.5572 153 315 376 492
aeroplane 0.3921 0 314 319 485
aeroplane 0.1093 -1 380 150 490
aeroplane 0.0878 -1 407 73 478
aeroplane 0.0493 4 366 121 442
aeroplane 0.0483 0 371 60 420
aeroplane 0.0444 10 384 267 494
aeroplane 0.0406 0 434 12 482
aeroplane 0.0395 0 425 8 477
aeroplane 0.0391 131 284 240 336
aeroplane 0.0388 199 450 294 490
aeroplane 0.0372 115 263 362 451
aeroplane 0.0355 108 302 263 356
aeroplane 0.0353 152 284 207 320
aeroplane 0.0352 113 474 147 490
bicycle 0.0424 0 456 13 490
boat 0.0768 201 242 234 339
boat 0.0751 123 296 248 347
boat 0.0715 126 279 245 326
boat 0.0696 152 284 207 320
boat 0.0579 145 296 214 339
boat 0.0533 1 313 370 487
boat 0.0525 50 269 321 430
boat 0.0447 0 371 60 420
boat 0.0419 0 22 372 474
boat 0.0402 154 289 287 354
boat 0.0384 165 267 241 337
boat 0.0354 135 286 329 388
car 0.0740 0 444 9 488
car 0.0665 0 425 8 477
car 0.0381 118 480 141 492
car 0.0369 360 372 368 396
car 0.0362 368 372 372 396
car 0.0352 0 381 3 466
chair 0.0363 0 449 9 490
motorbike 0.0578 0 449 13 490
person 0.0810 0 444 9 488
person 0.0634 335 374 352 394
person 0.0631 355 369 367 392
person 0.0387 323 376 335 392
pottedplant 0.0411 0 449 9 490
pottedplant 0.0385 355 369 367 392
