bicycle 0.0228 310 131 325 169
bicycle 0.0223 2 162 24 209
bird 0.0216 33 109 94 249
boat 0.0394 162 122 451 331
boat 0.0320 12 150 484 373
boat 0.0223 314 130 328 164
boat 0.0222 5 322 490 377
bottle 0.0352 314 130 328 164
bottle 0.0227 190 98 297 331
bus 0.0238 164 137 455 328
car 0.0298 -1 165 497 376
car 0.0258 119 141 376 352
car 0.0257 25 103 95 221
car 0.0222 2 162 24 209
car 0.0220 31 123 49 165
chair 0.0309 -1 169 497 377
chair 0.0251 119 141 376 352
chair 0.0234 2 162 24 209
diningtable 0.0414 0 191 496 379
diningtable 0.0224 5 322 490 377
horse 0.0235 194 95 300 328
person 0.7737 118 103 189 269
person 0.7245 31 107 95 247
person 0.4175 191 96 296 327
person 0.2190 215 99 287 166
person 0.1698 311 127 325 162
person 0.1071 139 103 168 127
person 0.0599 28 125 45 170
person 0.0475 24 125 56 228
person 0.0473 27 131 46 205
person 0.0387 18 155 38 209
person 0.0310 3 162 30 214
person 0.0306 0 165 18 212
person 0.0263 27 113 93 181
person 0.0261 -1 165 497 376
person 0.0247 48 113 80 134
person 0.0239 51 109 77 127
person 0.0218 123 106 192 165
person 0.0217 1 150 10 297
sofa 0.0400 -1 165 497 376
sofa 0.0229 119 141 376 352
sofa 0.0224 5 322 490 377
train 0.0262 12 150 484 373
train 0.0241 164 137 455 328
tvmonitor 0.0813 159 147 460 352
tvmonitor 0.0269 6 -26 489 82
