bottle 0.2477 319 292 371 371
bottle 0.0474 254 299 373 370
chair 0.0884 373 308 426 368
chair 0.0711 414 231 494 368
chair 0.0492 -4 0 391 372
chair 0.0431 475 64 496 130
diningtable 0.0533 5 288 490 375
diningtable 0.0450 4 345 491 378
person 0.4475 12 115 310 372
person 0.4156 250 151 393 371
person 0.0985 469 157 494 225
person 0.0411 42 102 515 357
person 0.0385 476 64 495 126
pottedplant 0.1372 322 31 493 293
pottedplant 0.1317 463 93 492 172
pottedplant 0.1039 461 108 494 228
pottedplant 0.0788 398 60 495 276
pottedplant 0.0704 467 70 496 155
pottedplant 0.0572 434 141 490 236
sofa 0.0749 2 140 493 372
sofa 0.0469 373 308 426 368
tvmonitor 0.0386 373 308 426 368
