aeroplane 0.0865 0 94 44 135
aeroplane 0.0208 0 100 6 130
bicycle 0.0397 307 125 329 167
bicycle 0.0378 297 135 329 172
bird 0.0330 95 221 115 266
bird 0.0310 60 256 71 276
bird 0.0219 188 278 203 295
bird 0.0207 152 294 166 317
boat 0.0603 1 94 46 136
boat 0.0444 95 224 115 271
boat 0.0304 60 254 71 273
boat 0.0235 0 95 3 135
bottle 0.0290 189 129 218 170
bottle 0.0256 194 139 213 175
bottle 0.0254 0 104 6 132
bus 0.0866 0 94 44 135
bus 0.0304 0 95 3 135
bus 0.0251 0 84 2 130
car 0.6635 0 94 44 135
car 0.1081 0 100 6 130
car 0.0229 46 109 65 121
car 0.0205 313 115 329 161
car 0.0204 60 254 71 273
chair 0.0259 95 224 115 271
chair 0.0212 312 125 329 166
chair 0.0203 282 133 328 174
chair 0.0200 1 94 46 136
cow 0.0217 60 256 71 276
cow 0.0209 95 224 115 271
motorbike 0.0436 312 121 329 163
motorbike 0.0369 0 94 44 135
motorbike 0.0292 0 100 6 130
person 0.8566 182 109 277 308
person 0.0674 0 100 6 130
person 0.0489 313 115 329 161
person 0.0281 31 108 43 128
person 0.0241 0 91 40 132
person 0.0208 284 96 311 141
pottedplant 0.0303 0 104 6 132
pottedplant 0.0257 313 115 329 161
pottedplant 0.0211 0 94 44 135
sheep 0.0838 60 256 71 276
sheep 0.0766 95 224 115 271
sheep 0.0487 152 294 166 317
sheep 0.0267 1 94 46 136
sheep 0.0215 0 104 6 132
train 0.0536 0 94 44 135
train 0.0201 0 95 3 135
