aeroplane 0.0535 0 0 496 372
aeroplane 0.0326 0 219 35 245
aeroplane 0.0272 386 171 492 276
aeroplane 0.0212 -2 219 52 269
bicycle 0.0208 0 0 496 372
boat 0.0644 0 219 35 245
boat 0.0597 0 0 496 372
boat 0.0305 386 172 492 280
boat 0.0255 0 212 74 253
boat 0.0212 489 230 497 299
bottle 0.0413 304 277 480 381
bottle 0.0266 312 287 410 347
bottle 0.0245 219 282 432 382
bus 0.0400 0 219 35 245
bus 0.0354 386 171 492 276
bus 0.0344 -1 220 52 274
bus 0.0328 0 0 496 372
bus 0.0201 6 221 98 268
car 0.7098 386 171 492 276
car 0.0793 0 219 35 245
car 0.0694 466 179 497 274
car 0.0685 -1 220 52 274
car 0.0593 477 193 495 284
car 0.0408 448 180 484 226
car 0.0374 440 200 484 276
car 0.0348 463 209 493 290
car 0.0299 490 222 497 295
car 0.0273 491 163 495 237
car 0.0251 0 0 496 372
car 0.0232 492 158 494 219
chair 0.0211 0 0 496 372
cow 0.0204 0 224 57 276
cow 0.0202 0 218 34 241
horse 0.0209 448 231 484 292
motorbike 0.0357 386 172 492 280
person 0.0947 448 231 484 292
person 0.0503 490 222 497 295
person 0.0312 0 0 496 372
person 0.0301 395 230 419 276
person 0.0251 491 193 495 283
person 0.0243 440 205 484 277
person 0.0231 408 213 485 287
person 0.0225 396 198 435 272
person 0.0207 493 140 494 231
person 0.0207 490 180 497 273
pottedplant 0.0235 2 -3 93 64
pottedplant 0.0214 0 0 496 372
sheep 0.0238 0 219 35 245
sheep 0.0237 386 172 492 280
sofa 0.0231 0 0 496 372
train 0.0546 1 226 64 274
train 0.0508 0 0 496 372
train 0.0486 0 219 35 245
train 0.0217 386 171 492 276
tvmonitor 0.0297 0 0 496 372
