bicycle 0.6669 343 180 401 244
boat 0.0438 0 146 495 371
boat 0.0232 2 101 9 130
bottle 0.0435 343 180 401 244
bus 0.0239 2 101 9 130
bus 0.0234 2 113 9 140
bus 0.0218 5 111 20 132
car 0.0338 2 113 9 140
car 0.0308 465 204 490 237
car 0.0295 2 101 9 130
car 0.0254 491 202 496 240
car 0.0221 12 119 37 134
car 0.0201 19 121 46 133
chair 0.0350 457 206 484 235
chair 0.0289 342 175 396 244
chair 0.0250 491 202 496 240
diningtable 0.0202 0 156 495 373
motorbike 0.0336 345 175 398 244
person 0.6548 348 139 390 231
person 0.0233 1 107 3 146
person 0.0227 461 205 487 237
person 0.0224 491 202 496 240
person 0.0217 2 109 2 168
person 0.0217 1 93 2 137
train 0.0261 0 133 495 367
train 0.0246 3 109 15 133
train 0.0245 465 204 490 237
train 0.0242 3 106 218 365
tvmonitor 0.0232 465 201 490 235
tvmonitor 0.0216 0 171 496 375
