aeroplane 0.0261 462 183 493 198
aeroplane 0.0232 337 188 368 202
aeroplane 0.0224 13 76 161 221
bicycle 0.6275 117 81 198 237
bird 0.0269 16 75 111 143
bird 0.0234 462 183 493 198
bird 0.0207 7 76 113 227
boat 0.0620 337 188 368 202
boat 0.0454 38 84 520 245
boat 0.0319 458 183 490 197
boat 0.0307 14 80 168 227
boat 0.0214 116 77 199 236
bottle 0.0662 116 77 199 236
bus 0.0226 7 75 112 212
car 0.0339 337 188 368 202
car 0.0251 4 75 108 212
chair 0.0327 116 77 199 236
chair 0.0309 1 85 104 238
chair 0.0203 0 124 65 240
chair 0.0202 0 177 65 224
horse 0.0373 117 81 198 237
motorbike 0.0678 117 81 198 237
person 0.4837 10 77 117 226
person 0.1974 13 74 106 140
person 0.0261 121 74 201 234
person 0.0216 2 74 1 150
person 0.0212 3 60 1 144
person 0.0202 45 85 184 227
pottedplant 0.0264 122 81 200 236
sheep 0.0309 337 191 368 204
sheep 0.0291 468 185 495 200
sofa 0.0208 0 79 105 233
train 0.0337 117 81 198 237
