aeroplane 0.0337 1 57 23 97
bicycle 0.0517 0 52 19 96
bicycle 0.0388 292 47 319 111
bird 0.0902 1 57 23 97
bird 0.0803 135 53 172 72
bird 0.0326 0 28 18 91
boat 0.0870 1 57 23 97
boat 0.0748 0 19 19 94
bottle 0.0716 0 52 19 96
bottle 0.0303 243 177 399 370
bus 0.0381 0 28 18 91
bus 0.0315 0 58 19 96
car 0.1145 0 58 19 96
car 0.0685 1 32 18 92
cat 0.0555 1 57 23 97
chair 0.0471 3 62 22 98
chair 0.0394 297 57 321 108
chair 0.0377 15 67 230 373
chair 0.0293 237 157 413 366
cow 0.1287 1 57 23 97
cow 0.0773 127 54 164 76
cow 0.0405 0 28 18 91
dog 0.1109 1 57 23 97
dog 0.0493 135 53 172 72
dog 0.0282 239 186 389 372
horse 0.0977 1 57 23 97
horse 0.0504 135 53 172 72
horse 0.0321 0 28 18 91
motorbike 0.0749 0 52 19 96
person 0.7396 238 181 390 371
person 0.7330 17 63 236 372
person 0.6278 252 57 477 372
person 0.6172 290 31 321 106
person 0.1526 2 52 22 96
person 0.1131 1 32 18 92
person 0.1127 119 62 220 262
person 0.0497 215 116 427 337
person 0.0494 249 145 378 308
person 0.0482 135 53 172 72
person 0.0406 127 56 157 75
person 0.0365 0 11 18 202
person 0.0278 38 182 465 370
pottedplant 0.0434 0 52 19 96
sheep 0.1447 1 57 23 97
sheep 0.0633 132 53 168 72
sheep 0.0611 126 56 158 80
sheep 0.0448 0 28 18 91
sofa 0.0494 15 72 231 374
sofa 0.0313 59 185 498 373
train 0.0470 0 19 19 94
train 0.0460 1 57 23 97
