bicycle 0.0382 461 196 494 332
bottle 0.0754 483 270 495 333
bottle 0.0610 477 253 494 333
bottle 0.0599 87 349 118 372
bottle 0.0442 461 220 494 331
bottle 0.0436 416 285 468 324
bottle 0.0337 493 197 493 331
bottle 0.0313 493 181 493 330
car 0.0319 453 189 494 332
car 0.0318 484 151 495 336
cat 0.0320 276 260 335 302
chair 0.6970 228 132 345 284
chair 0.5054 313 134 384 276
chair 0.1496 225 120 285 267
chair 0.0900 -2 164 147 370
chair 0.0712 287 81 325 160
chair 0.0517 229 127 289 190
chair 0.0496 453 179 494 331
chair 0.0457 246 125 272 140
chair 0.0414 244 128 274 148
chair 0.0413 326 135 419 329
chair 0.0394 240 129 279 158
chair 0.0369 486 178 493 332
chair 0.0359 328 126 385 209
chair 0.0329 474 161 496 249
chair 0.0323 482 140 496 324
chair 0.0310 321 102 354 157
chair 0.0308 466 144 498 307
diningtable 0.2580 224 126 379 279
diningtable 0.0409 225 122 293 242
diningtable 0.0355 448 212 493 333
diningtable 0.0330 314 133 384 272
diningtable 0.0319 79 238 494 383
motorbike 0.0382 461 196 494 332
person 0.7135 362 148 438 339
person 0.2274 474 153 497 234
person 0.1199 474 142 497 321
person 0.0578 475 122 497 207
person 0.0470 394 155 421 197
person 0.0429 491 111 495 195
pottedplant 0.0832 290 80 329 162
pottedplant 0.0725 304 75 339 160
pottedplant 0.0592 461 209 494 330
pottedplant 0.0455 474 130 497 222
pottedplant 0.0398 413 286 465 323
pottedplant 0.0398 493 212 494 333
pottedplant 0.0388 296 107 331 186
pottedplant 0.0374 492 226 495 331
pottedplant 0.0361 477 266 495 332
pottedplant 0.0353 364 116 388 131
pottedplant 0.0347 493 189 494 327
pottedplant 0.0345 279 78 301 110
pottedplant 0.0329 87 349 118 372
pottedplant 0.0326 271 81 294 119
sofa 0.6789 -1 168 152 372
sofa 0.0452 446 178 494 332
sofa 0.0429 228 132 345 284
tvmonitor 0.0337 483 270 495 333
