aeroplane 0.0253 351 412 432 421
aeroplane 0.0249 413 380 496 420
bicycle 0.0398 414 386 495 421
bicycle 0.0310 348 407 443 421
bicycle 0.0294 309 355 506 426
bicycle 0.0293 354 412 413 422
bicycle 0.0285 332 396 483 425
bicycle 0.0249 376 379 486 422
bicycle 0.0249 329 407 400 421
bicycle 0.0245 -2 203 201 424
bird 0.7329 114 98 349 290
bird 0.0504 414 386 495 421
bird 0.0435 354 412 413 422
bird 0.0368 84 96 411 419
bird 0.0309 322 412 400 422
bird 0.0243 113 89 163 166
bird 0.0235 377 374 485 420
boat 0.0313 354 412 413 422
boat 0.0249 322 412 400 422
bottle 0.0281 352 412 408 422
car 0.0282 349 417 403 423
car 0.0246 355 418 429 422
chair 0.0336 -1 198 208 423
diningtable 0.0270 3 222 492 426
dog 0.0235 346 412 406 422
person 0.0346 0 11 42 410
person 0.0346 352 412 408 422
person 0.0325 -1 27 20 394
person 0.0239 405 275 496 420
person 0.0234 413 380 496 420
pottedplant 0.0762 419 380 497 421
pottedplant 0.0565 217 369 293 419
pottedplant 0.0415 0 206 65 422
pottedplant 0.0363 354 412 413 422
pottedplant 0.0343 0 203 143 424
pottedplant 0.0342 84 100 411 421
pottedplant 0.0306 0 336 57 424
pottedplant 0.0278 339 406 460 422
pottedplant 0.0273 414 296 495 424
pottedplant 0.0263 476 389 495 418
pottedplant 0.0255 61 345 262 423
pottedplant 0.0244 -1 27 20 394
pottedplant 0.0244 -2 313 99 421
pottedplant 0.0241 332 396 483 425
pottedplant 0.0234 -2 309 37 419
sheep 0.0244 346 412 406 422
