aeroplane 0.1006 0 0 496 372
bicycle 0.5231 333 248 466 334
bicycle 0.0855 345 254 384 322
bicycle 0.0574 0 0 496 372
bird 0.0705 0 0 496 372
bird 0.0319 400 282 462 334
bird 0.0249 424 286 469 331
boat 0.1021 0 0 496 372
bottle 0.0542 0 0 496 372
bottle 0.0477 332 245 460 331
bottle 0.0292 375 266 471 333
bottle 0.0214 343 205 418 330
bus 0.0439 0 0 496 372
car 0.0693 0 0 496 372
cat 0.0741 0 0 496 372
chair 0.0844 0 0 496 372
chair 0.0262 332 228 467 331
cow 0.0462 0 0 496 372
diningtable 0.0741 0 0 496 372
dog 0.0613 0 0 496 372
horse 0.0544 0 0 496 372
horse 0.0254 332 228 467 331
motorbike 0.1132 332 245 460 331
motorbike 0.0438 0 0 496 372
person 0.6992 338 167 438 327
person 0.0815 0 0 496 372
person 0.0274 406 283 463 334
pottedplant 0.0870 0 0 496 372
pottedplant 0.0271 332 245 460 331
pottedplant 0.0258 431 321 493 372
pottedplant 0.0240 375 266 471 333
sheep 0.0410 0 0 496 372
sofa 0.0900 0 0 496 372
train 0.0705 0 0 496 372
tvmonitor 0.1017 0 0 496 372
