bottle 0.0766 98 282 131 300
chair 0.4718 403 239 491 372
chair 0.3567 331 206 398 352
chair 0.1594 446 142 486 170
chair 0.1505 410 168 491 284
chair 0.1490 406 165 494 230
chair 0.1422 476 186 495 279
chair 0.1399 400 159 439 206
chair 0.1269 151 235 195 276
chair 0.0986 315 322 390 371
chair 0.0916 449 149 491 210
chair 0.0910 328 188 386 283
chair 0.0904 200 160 358 374
chair 0.0843 465 162 491 227
chair 0.0842 351 243 440 368
chair 0.0803 460 217 495 377
chair 0.0678 449 188 491 300
chair 0.0659 341 186 474 314
chair 0.0635 229 247 382 375
chair 0.0582 433 297 491 367
chair 0.0496 477 269 494 371
diningtable 0.3419 325 203 482 356
diningtable 0.2528 63 271 307 369
diningtable 0.1034 405 161 495 221
diningtable 0.0580 446 142 486 170
diningtable 0.0571 403 163 491 278
person 0.5574 194 157 355 372
person 0.3883 205 72 243 216
person 0.2348 239 74 264 208
person 0.1668 240 63 262 149
person 0.1219 213 64 242 166
sofa 0.1039 400 159 493 218
sofa 0.0826 190 160 352 374
sofa 0.0598 408 164 492 278
tvmonitor 0.0840 446 140 486 166
tvmonitor 0.0675 66 271 318 369
tvmonitor 0.0497 215 63 241 132
tvmonitor 0.0493 210 68 231 127
