bird 0.0907 0 251 41 291
bottle 0.0934 355 138 374 170
bottle 0.0647 409 223 437 267
bottle 0.0480 441 221 468 269
bottle 0.0468 320 146 338 177
car 0.0826 313 160 377 263
car 0.0591 1 111 17 130
car 0.0508 258 120 330 303
car 0.0487 277 138 366 295
diningtable 0.0584 350 223 481 324
horse 0.0612 71 97 141 310
horse 0.0530 145 105 208 312
horse 0.0473 272 173 363 307
motorbike 0.2976 269 163 359 306
motorbike 0.1616 305 156 377 277
person 0.6901 144 103 209 309
person 0.6424 67 96 139 311
person 0.5693 219 121 291 312
person 0.4705 424 164 463 222
person 0.4176 206 117 235 176
person 0.3112 386 163 429 239
person 0.2858 363 168 413 244
person 0.2487 273 130 299 194
person 0.1920 13 108 60 200
person 0.1742 248 121 332 307
person 0.1551 320 146 338 177
person 0.1515 120 101 148 186
person 0.1509 0 120 19 240
person 0.1453 228 119 267 179
person 0.1140 196 115 228 298
person 0.1072 321 163 384 260
person 0.1015 103 105 165 303
person 0.0936 0 111 17 134
person 0.0892 0 115 18 188
person 0.0857 355 141 374 173
person 0.0776 204 121 236 245
person 0.0753 426 174 467 275
person 0.0750 441 221 468 269
person 0.0744 0 124 26 293
person 0.0733 451 277 489 322
person 0.0662 0 115 49 277
person 0.0636 357 158 379 198
person 0.0617 115 112 153 254
person 0.0605 50 236 69 264
person 0.0601 0 247 42 291
person 0.0587 413 220 441 266
person 0.0581 154 111 193 171
person 0.0565 444 215 480 307
person 0.0554 91 104 146 241
person 0.0552 386 168 460 291
person 0.0513 272 163 363 307
person 0.0490 50 121 93 244
person 0.0469 152 222 194 310
person 0.0454 476 210 495 311
pottedplant 0.1032 397 28 495 171
pottedplant 0.1000 398 284 448 321
pottedplant 0.0873 -1 248 36 290
pottedplant 0.0823 1 111 17 130
pottedplant 0.0645 355 138 374 170
pottedplant 0.0552 441 280 484 325
pottedplant 0.0467 462 274 493 321
