aeroplane 0.0220 0 0 496 207
boat 0.0296 0 0 496 207
bottle 0.1737 411 317 442 370
bottle 0.0588 357 170 411 253
bottle 0.0585 327 196 364 251
bottle 0.0540 1 130 95 223
bottle 0.0235 329 157 423 367
bottle 0.0224 329 178 408 269
bus 0.0275 1 130 95 223
bus 0.0209 330 193 367 248
car 0.0353 0 0 496 214
car 0.0231 328 195 363 246
car 0.0206 1 130 95 229
horse 0.0208 161 110 272 372
person 0.7170 341 157 498 373
person 0.6740 0 134 88 372
person 0.6419 247 154 334 375
person 0.5913 78 138 189 373
person 0.5507 161 110 272 372
person 0.2025 332 181 413 372
person 0.0700 181 128 337 372
person 0.0659 2 132 94 233
person 0.0479 321 172 384 333
person 0.0421 329 196 369 263
person 0.0400 411 317 442 370
person 0.0397 357 170 411 253
person 0.0323 493 128 494 330
person 0.0316 485 111 494 307
person 0.0291 492 150 495 345
person 0.0259 3 118 8 253
person 0.0247 348 176 420 306
person 0.0247 3 160 7 293
person 0.0227 0 1 74 12
person 0.0217 2 162 2 273
person 0.0209 492 228 494 371
person 0.0207 491 113 495 258
sofa 0.0270 33 186 462 373
train 0.0234 1 130 95 223
tvmonitor 0.0840 7 66 105 135
tvmonitor 0.0381 -1 -1 497 197
tvmonitor 0.0322 2 62 32 145
tvmonitor 0.0226 -1 -2 223 45
tvmonitor 0.0215 327 196 364 251
tvmonitor 0.0214 356 169 412 249
