aeroplane 0.1097 443 266 497 298
aeroplane 0.0812 12 280 61 313
aeroplane 0.0557 0 287 17 307
aeroplane 0.0471 458 249 497 268
aeroplane 0.0431 447 252 501 283
aeroplane 0.0346 19 248 54 305
bicycle 0.0783 12 280 61 313
bicycle 0.0440 0 287 17 307
bicycle 0.0376 467 134 496 266
bird 0.0410 389 41 402 66
bird 0.0331 0 290 11 309
bird 0.0303 7 283 58 316
bird 0.0279 447 266 500 298
boat 0.1102 443 266 497 298
boat 0.0670 0 287 11 307
boat 0.0596 452 248 496 269
boat 0.0524 12 280 61 313
boat 0.0496 447 252 501 283
boat 0.0401 2 284 40 309
boat 0.0387 -3 1 123 323
boat 0.0369 468 122 495 178
bottle 0.0282 0 287 11 307
bottle 0.0264 -1 8 122 293
bus 0.0282 181 1 446 24
car 0.8558 304 284 480 346
car 0.0999 442 269 499 300
car 0.0844 0 287 11 307
car 0.0731 458 249 497 268
car 0.0383 7 283 58 316
car 0.0357 2 284 40 309
car 0.0339 490 249 497 268
car 0.0272 95 295 126 327
car 0.0271 251 270 275 288
car 0.0265 476 128 495 179
chair 0.0627 467 124 496 258
chair 0.0494 462 179 494 268
chair 0.0443 447 266 500 298
chair 0.0394 452 248 496 269
chair 0.0389 18 252 54 306
chair 0.0341 251 193 291 265
chair 0.0326 0 287 17 307
chair 0.0305 9 280 57 313
chair 0.0290 446 252 501 288
motorbike 0.0427 12 280 61 313
motorbike 0.0417 0 287 17 307
person 0.0576 389 40 402 62
person 0.0489 1 289 16 310
person 0.0419 19 248 54 305
person 0.0385 17 277 63 311
person 0.0276 490 115 496 239
person 0.0271 0 242 4 317
person 0.0269 458 249 497 268
person 0.0263 492 127 494 180
pottedplant 0.2353 0 173 25 292
pottedplant 0.0649 12 280 61 313
pottedplant 0.0599 447 266 500 298
pottedplant 0.0564 0 287 11 307
pottedplant 0.0456 17 246 49 301
pottedplant 0.0400 251 270 275 288
pottedplant 0.0350 0 226 18 315
pottedplant 0.0320 0 264 17 306
pottedplant 0.0305 459 245 497 266
sheep 0.0347 0 290 11 309
sheep 0.0280 459 245 497 266
sheep 0.0270 447 266 500 298
sofa 0.0311 447 266 500 298
train 0.0463 181 1 446 24
tvmonitor 0.0293 447 266 500 298
