aeroplane 0.3435 15 67 495 328
aeroplane 0.0730 235 75 494 213
aeroplane 0.0467 279 80 474 144
aeroplane 0.0462 29 123 240 189
aeroplane 0.0454 432 145 493 179
aeroplane 0.0332 41 132 180 181
aeroplane 0.0310 -6 98 314 273
aeroplane 0.0293 351 79 463 133
aeroplane 0.0292 0 158 11 178
aeroplane 0.0283 422 149 487 199
aeroplane 0.0268 405 78 457 129
bicycle 0.0300 48 104 493 343
boat 0.0651 20 88 459 336
boat 0.0552 439 153 493 182
boat 0.0449 0 158 11 178
boat 0.0323 419 148 489 211
car 0.0598 0 158 11 178
car 0.0394 20 103 490 344
car 0.0324 0 139 11 173
car 0.0267 439 153 493 182
horse 0.0386 19 107 492 345
person 0.0536 80 144 126 186
sheep 0.0307 0 164 11 183
train 0.1975 20 114 490 345
train 0.0275 433 152 492 184
