aeroplane 0.0818 0 0 285 190
bicycle 0.0578 0 0 285 190
bird 0.0615 0 0 285 190
boat 0.0521 0 0 285 190
bus 0.0549 0 0 285 190
car 0.1054 0 0 285 190
cat 0.0632 0 0 285 190
chair 0.1492 0 0 285 190
cow 0.0585 0 77 285 190
diningtable 0.0748 0 0 285 190
dog 0.0997 0 0 285 190
horse 0.1086 0 77 285 190
motorbike 0.0756 0 0 285 190
person 0.3030 0 0 285 190
person 0.0972 88 32 273 178
person 0.0964 0 0 127 190
person 0.0908 222 0 278 37
person 0.0760 34 -1 111 72
person 0.0721 -1 0 48 58
person 0.0654 3 9 115 111
person 0.0593 -1 0 48 190
person 0.0516 164 0 278 37
pottedplant 0.0943 159 0 256 36
pottedplant 0.0619 -1 0 112 190
pottedplant 0.0593 0 0 285 190
sofa 0.1937 0 0 285 190
train 0.0554 0 0 285 190
tvmonitor 0.0716 0 0 285 190
