aeroplane 0.0634 0 0 495 371
bicycle 0.0494 0 0 495 371
boat 0.0843 0 0 495 371
bottle 0.0251 0 0 495 371
bus 0.0774 0 0 495 371
bus 0.0451 55 20 213 251
bus 0.0308 306 1 501 229
bus 0.0248 121 60 225 211
bus 0.0247 7 9 363 251
bus 0.0247 0 5 80 313
car 0.0366 0 0 495 371
cow 0.0513 0 0 495 371
horse 0.0549 0 0 495 371
motorbike 0.0345 0 0 495 371
person 0.0353 0 0 495 371
person 0.0236 4 59 7 230
train 0.6413 0 0 495 371
train 0.0624 48 17 220 243
train 0.0311 301 2 499 229
train 0.0244 -1 3 82 292
tvmonitor 0.0460 0 6 66 324
tvmonitor 0.0399 2 55 16 263
tvmonitor 0.0340 1 27 32 303
tvmonitor 0.0281 0 0 496 266
tvmonitor 0.0235 52 21 209 256
