aeroplane 0.0465 0 1 495 370
bicycle 0.0378 16 316 190 371
bird 0.0338 8 222 190 372
bird 0.0330 145 164 164 183
bird 0.0288 15 340 144 370
boat 0.0432 0 1 495 370
boat 0.0262 148 162 166 180
bottle 0.0259 144 162 164 180
car 0.0229 148 162 166 180
car 0.0218 0 1 495 370
cat 0.0686 13 218 193 370
cat 0.0212 62 224 190 328
chair 0.0289 -4 216 187 372
cow 0.0466 8 222 190 372
dog 0.5138 25 222 196 371
horse 0.0532 8 226 190 373
motorbike 0.0209 26 328 172 371
person 0.0815 8 226 190 373
person 0.0283 145 164 164 183
person 0.0263 0 183 496 381
person 0.0246 16 334 143 370
pottedplant 0.0322 148 165 166 183
sheep 0.0407 8 226 190 373
sheep 0.0285 148 162 166 180
sofa 0.0327 -1 226 184 373
sofa 0.0209 0 1 495 370
train 0.0231 0 1 495 370
tvmonitor 0.0220 0 1 495 370
