bird 0.0978 241 142 260 181
bird 0.0880 124 117 191 189
bird 0.0627 451 146 497 242
bird 0.0479 24 100 88 142
bird 0.0443 411 86 490 179
bird 0.0436 226 105 354 173
bird 0.0419 185 69 246 260
bird 0.0350 476 83 496 177
bird 0.0349 209 91 262 233
bottle 0.0358 182 66 243 257
cat 0.0758 126 116 195 191
cat 0.0689 451 142 496 241
cat 0.0543 241 142 260 181
cat 0.0512 411 86 490 179
cat 0.0489 24 100 88 142
cat 0.0396 226 105 354 173
cat 0.0389 476 75 496 167
cow 0.1477 451 149 497 245
cow 0.0851 124 117 191 189
cow 0.0817 242 141 260 177
cow 0.0797 411 91 490 186
cow 0.0753 228 107 353 176
cow 0.0532 476 80 496 174
cow 0.0477 490 74 496 168
cow 0.0411 459 98 496 232
cow 0.0382 24 100 88 142
cow 0.0346 -2 19 83 352
dog 0.1119 451 149 497 245
dog 0.0946 241 142 260 181
dog 0.0893 124 117 191 189
dog 0.0680 411 86 490 179
dog 0.0537 222 102 351 175
dog 0.0494 185 69 246 260
dog 0.0455 477 72 495 165
dog 0.0373 459 98 496 232
horse 0.0607 238 139 258 185
horse 0.0603 451 146 497 242
horse 0.0395 124 118 191 194
horse 0.0377 415 85 493 180
person 0.6268 182 66 243 257
person 0.0878 238 139 258 185
person 0.0456 189 73 235 187
person 0.0373 150 98 212 220
sheep 0.4356 451 146 497 242
sheep 0.3463 124 117 191 189
sheep 0.2435 228 109 352 179
sheep 0.2421 411 89 489 182
sheep 0.1578 24 100 88 142
sheep 0.1163 241 142 260 181
sheep 0.1079 476 80 496 174
sheep 0.0918 432 96 492 228
sheep 0.0693 298 132 345 180
sheep 0.0444 418 126 475 245
sheep 0.0350 426 5 498 184
