boat 0.0311 -1 0 497 371
bottle 0.0430 165 357 282 371
bottle 0.0375 0 -2 19 52
bus 0.0330 -1 0 497 371
car 0.0332 -1 0 497 371
cat 0.0330 -1 -2 19 57
chair 0.0763 158 272 290 374
chair 0.0656 371 298 444 371
chair 0.0567 -1 0 497 371
chair 0.0509 160 363 280 371
chair 0.0498 446 308 494 373
chair 0.0468 248 54 489 370
chair 0.0449 405 309 488 372
chair 0.0425 360 219 471 369
chair 0.0334 7 0 74 60
chair 0.0311 462 277 493 364
chair 0.0307 420 207 497 357
chair 0.0303 475 301 496 375
cow 0.0353 -1 -2 19 57
cow 0.0296 7 0 74 60
diningtable 0.0355 158 362 274 372
diningtable 0.0327 106 354 515 374
dog 0.0461 -1 -2 19 57
dog 0.0305 7 0 74 60
horse 0.0387 -1 -2 19 57
horse 0.0305 7 0 74 60
person 0.6358 100 114 277 374
person 0.5978 248 59 489 370
person 0.0830 -1 0 497 371
person 0.0777 0 -2 19 52
person 0.0355 484 12 495 359
person 0.0325 0 13 19 358
person 0.0311 0 6 41 365
sheep 0.0391 7 0 74 60
sheep 0.0358 -1 0 19 61
sofa 0.0889 -1 0 497 371
sofa 0.0514 251 54 493 370
sofa 0.0370 64 138 431 373
sofa 0.0309 97 112 273 371
train 0.0339 -1 0 497 371
tvmonitor 0.0326 -1 0 497 371
tvmonitor 0.0293 164 357 276 371
