aeroplane 0.0647 165 141 384 230
aeroplane 0.0519 112 106 391 265
bicycle 0.0901 424 190 437 227
bicycle 0.0451 440 197 452 215
bicycle 0.0436 445 196 463 221
bicycle 0.0399 448 189 477 241
bird 0.0571 425 190 436 222
bird 0.0398 0 194 11 246
boat 0.0492 180 145 385 220
boat 0.0439 288 156 371 209
bottle 0.0541 429 193 439 219
bottle 0.0453 1 194 17 247
car 0.0532 422 189 433 223
car 0.0520 0 191 17 244
car 0.0456 3 86 31 121
car 0.0420 0 177 5 235
chair 0.1688 3 239 69 301
chair 0.1026 57 238 101 297
chair 0.0970 82 253 123 293
chair 0.0955 57 229 78 271
chair 0.0783 159 256 187 285
chair 0.0768 112 255 141 291
chair 0.0736 0 200 64 288
chair 0.0511 9 90 40 128
chair 0.0480 1 197 16 250
cow 0.0401 425 190 436 222
diningtable 0.0372 0 235 65 300
dog 0.0542 425 190 436 222
horse 0.0598 425 190 436 222
motorbike 0.1054 424 190 437 227
motorbike 0.0385 1 194 17 247
person 0.5493 387 177 419 257
person 0.1802 421 188 434 230
person 0.1425 9 88 40 124
person 0.1284 0 191 17 244
person 0.0549 373 152 380 189
person 0.0496 54 228 74 260
person 0.0492 397 179 410 210
person 0.0474 2 186 47 255
person 0.0465 464 175 491 249
person 0.0457 2 128 9 167
person 0.0433 3 116 8 162
pottedplant 0.5874 108 259 238 364
pottedplant 0.1054 159 256 187 285
pottedplant 0.1004 2 239 64 301
pottedplant 0.1001 0 191 17 244
pottedplant 0.0845 8 86 41 121
pottedplant 0.0760 150 258 196 306
pottedplant 0.0693 54 226 74 251
pottedplant 0.0673 2 186 47 255
pottedplant 0.0615 1 178 9 228
pottedplant 0.0555 184 270 217 306
pottedplant 0.0514 121 254 147 287
pottedplant 0.0503 425 190 436 222
pottedplant 0.0452 117 259 151 305
pottedplant 0.0449 206 285 226 314
pottedplant 0.0405 226 292 238 318
pottedplant 0.0403 6 116 68 290
pottedplant 0.0388 2 194 63 282
pottedplant 0.0380 38 120 66 139
sofa 0.0974 6 240 74 301
sofa 0.0905 62 243 112 298
sofa 0.0619 82 253 123 293
sofa 0.0523 7 209 73 285
sofa 0.0502 31 233 81 296
sofa 0.0485 55 228 80 278
