bottle 0.1748 182 -2 212 15
bottle 0.1494 256 -4 278 22
bottle 0.1386 223 -4 248 21
bottle 0.1009 205 -2 227 15
bottle 0.0808 149 0 182 12
bottle 0.0206 8 80 50 114
bus 0.0230 161 122 436 202
car 0.8747 161 122 436 202
car 0.0222 258 132 353 156
cat 0.0329 3 224 492 339
cat 0.0248 -2 149 498 389
chair 0.0215 143 0 180 16
diningtable 0.0224 176 0 210 21
diningtable 0.0205 147 0 183 16
diningtable 0.0202 222 0 272 22
person 0.0498 178 -2 208 15
person 0.0475 306 129 322 143
person 0.0394 149 0 182 12
person 0.0391 319 134 340 148
person 0.0364 256 -4 278 22
person 0.0356 228 -4 251 17
person 0.0354 220 -4 244 17
person 0.0323 205 -2 227 15
person 0.0311 213 -2 235 15
person 0.0267 49 78 86 116
pottedplant 0.0323 149 0 182 12
pottedplant 0.0237 180 -2 206 10
pottedplant 0.0229 256 -4 278 22
pottedplant 0.0217 51 83 84 116
tvmonitor 0.0290 149 0 182 12
tvmonitor 0.0286 25 1 165 6
tvmonitor 0.0268 20 0 186 12
tvmonitor 0.0222 -7 -1 190 40
tvmonitor 0.0215 184 -2 210 10
