bottle 0.4966 163 0 189 49
bottle 0.4086 79 213 104 282
bottle 0.3242 220 3 243 50
bottle 0.2398 184 203 209 293
bottle 0.2282 234 207 276 283
bottle 0.2095 135 13 157 46
bottle 0.1844 397 133 419 185
bottle 0.1797 212 209 229 282
bottle 0.1558 243 0 268 49
bottle 0.1249 34 226 63 285
bottle 0.1192 192 4 208 44
bottle 0.0832 146 243 177 288
bottle 0.0808 273 2 307 45
bottle 0.0520 210 262 223 291
bottle 0.0394 422 129 447 189
bottle 0.0390 180 131 205 167
bottle 0.0384 87 7 166 41
bus 0.1853 100 301 261 330
bus 0.0903 180 131 205 167
bus 0.0501 4 2 413 327
bus 0.0389 114 126 146 162
bus 0.0345 4 98 37 231
bus 0.0318 123 92 262 227
bus 0.0314 18 292 258 329
car 0.0335 100 301 261 330
cat 0.0677 145 240 178 287
cat 0.0342 234 207 276 283
chair 0.1343 19 7 108 41
chair 0.0952 9 2 119 151
chair 0.0730 65 8 109 40
chair 0.0499 2 7 63 145
chair 0.0472 303 48 380 120
chair 0.0452 0 5 11 48
chair 0.0423 49 34 141 155
chair 0.0399 2 6 32 42
chair 0.0326 402 212 491 330
chair 0.0305 149 239 181 287
diningtable 0.0370 15 7 105 41
diningtable 0.0337 8 6 119 167
diningtable 0.0332 -1 263 99 327
dog 0.0354 145 240 178 287
person 0.7836 262 111 451 327
person 0.1753 397 133 419 185
person 0.0848 96 300 258 330
person 0.0600 180 131 205 167
person 0.0501 234 207 276 283
person 0.0480 417 129 446 185
person 0.0477 79 213 104 282
person 0.0385 220 3 243 50
person 0.0359 146 243 177 288
person 0.0346 119 131 149 162
person 0.0336 268 0 306 44
pottedplant 0.1660 272 0 307 43
pottedplant 0.0675 33 225 63 280
pottedplant 0.0367 246 -2 272 46
pottedplant 0.0342 400 134 422 189
pottedplant 0.0327 246 -2 264 25
tvmonitor 0.2984 100 301 261 330
tvmonitor 0.1034 422 128 447 185
tvmonitor 0.1000 180 131 205 167
tvmonitor 0.0582 404 133 425 186
tvmonitor 0.0569 -3 287 256 328
tvmonitor 0.0382 94 295 377 331
tvmonitor 0.0378 118 129 150 159
tvmonitor 0.0319 2 103 32 195
tvmonitor 0.0306 363 126 414 187
