aeroplane 0.0485 18 279 46 297
bicycle 0.0433 18 275 46 295
bicycle 0.0234 4 274 21 296
bicycle 0.0229 71 282 88 299
bicycle 0.0222 66 275 85 295
bicycle 0.0202 7 283 27 299
bird 0.0296 18 279 46 297
boat 0.0334 15 275 43 296
boat 0.0223 0 252 11 295
boat 0.0208 0 271 10 299
bottle 0.0294 18 275 46 295
bottle 0.0262 362 285 492 367
bottle 0.0247 66 269 85 289
bottle 0.0241 1 262 10 296
bottle 0.0220 405 245 497 361
car 0.0676 18 279 46 297
car 0.0531 69 272 89 292
car 0.0374 1 268 10 296
car 0.0340 7 279 27 297
car 0.0273 0 244 5 297
chair 0.0307 15 278 43 298
chair 0.0232 1 268 10 296
diningtable 0.0230 15 278 43 298
motorbike 0.0596 18 279 46 297
motorbike 0.0289 71 282 88 299
motorbike 0.0275 69 275 89 295
motorbike 0.0266 63 276 81 294
motorbike 0.0208 1 272 16 298
person 0.0401 1 262 10 296
person 0.0355 15 275 43 296
person 0.0245 62 270 81 289
person 0.0238 69 272 89 292
pottedplant 0.1894 18 279 46 297
pottedplant 0.0737 70 278 89 297
pottedplant 0.0675 65 272 86 292
pottedplant 0.0577 2 268 15 296
pottedplant 0.0350 430 240 494 324
pottedplant 0.0262 0 232 10 291
train 0.8430 70 45 339 296
tvmonitor 0.0275 336 289 487 369
