bottle 0.1243 477 298 494 347
bottle 0.1200 105 339 155 372
bottle 0.1184 472 225 492 298
bottle 0.1059 358 294 370 311
bottle 0.1019 399 293 416 312
bottle 0.0719 437 313 456 338
bottle 0.0552 143 364 211 370
bottle 0.0533 466 352 497 371
bottle 0.0529 383 210 471 301
bottle 0.0495 466 361 497 372
car 0.0617 -1 202 20 303
car 0.0530 466 361 497 372
chair 0.0811 -1 202 20 292
chair 0.0522 172 76 401 359
diningtable 0.0714 166 290 493 373
person 0.6089 181 63 384 325
person 0.5368 14 42 231 369
person 0.1409 481 179 497 286
person 0.0802 489 163 496 261
pottedplant 0.0700 7 177 27 206
sofa 0.0880 0 115 495 373
sofa 0.0511 171 70 386 353
tvmonitor 0.0748 378 210 469 301
tvmonitor 0.0640 476 187 496 289
