aeroplane 0.5883 151 118 327 201
aeroplane 0.1189 253 152 335 178
aeroplane 0.0767 201 137 348 187
aeroplane 0.0562 126 142 244 177
aeroplane 0.0327 0 162 4 193
aeroplane 0.0317 2 139 8 190
aeroplane 0.0301 471 152 492 161
bicycle 0.1683 100 190 152 222
bicycle 0.0277 371 186 381 204
boat 0.0504 0 125 10 189
boat 0.0498 2 139 8 190
boat 0.0421 0 165 4 195
boat 0.0381 151 118 327 201
boat 0.0303 472 155 492 164
boat 0.0277 419 159 497 259
bottle 0.0418 2 191 7 226
bottle 0.0356 1 168 8 228
bottle 0.0330 0 165 4 195
bottle 0.0288 108 191 159 221
bus 0.0673 0 165 4 195
bus 0.0632 1 152 9 188
bus 0.0509 0 128 10 191
bus 0.0451 48 145 134 174
bus 0.0447 471 152 492 161
bus 0.0430 444 153 488 166
bus 0.0425 419 160 496 262
bus 0.0296 0 167 5 229
bus 0.0287 15 166 43 227
car 0.7215 415 160 495 262
car 0.1485 0 165 4 195
car 0.0852 478 155 494 164
car 0.0769 395 168 420 176
car 0.0480 21 170 37 190
car 0.0466 427 159 490 223
car 0.0452 15 166 43 227
car 0.0429 14 170 27 195
car 0.0408 19 168 38 204
car 0.0316 109 172 121 189
car 0.0306 16 167 73 194
car 0.0297 439 160 485 190
car 0.0294 99 180 137 221
car 0.0293 117 169 128 181
car 0.0290 100 173 114 188
car 0.0289 117 172 128 189
chair 0.0439 0 176 5 230
chair 0.0340 0 165 4 205
cow 0.0390 0 166 3 200
cow 0.0321 0 167 5 229
horse 0.0337 0 167 5 229
horse 0.0336 97 185 140 222
horse 0.0323 108 191 159 221
horse 0.0310 0 166 3 200
motorbike 0.2038 98 185 146 222
motorbike 0.0355 1 169 8 192
motorbike 0.0354 3 167 6 215
motorbike 0.0292 415 160 495 262
person 0.6131 18 168 45 228
person 0.6081 51 160 77 227
person 0.3708 101 171 128 220
person 0.3667 368 171 383 204
person 0.2500 1 168 8 228
person 0.1825 250 170 269 205
person 0.0558 145 188 161 219
person 0.0522 0 148 4 191
person 0.0461 19 168 38 204
person 0.0395 74 169 100 213
person 0.0306 0 124 5 195
pottedplant 0.0355 1 169 8 192
pottedplant 0.0322 2 171 7 200
train 0.0398 0 165 4 195
train 0.0329 0 134 5 196
