boat 0.0619 483 113 496 146
bus 0.0617 0 115 57 197
car 0.1029 483 113 496 146
chair 0.1360 190 158 274 283
chair 0.1066 270 170 506 371
chair 0.1026 2 265 305 374
chair 0.0659 37 149 458 374
chair 0.0639 262 165 310 200
diningtable 0.0936 2 265 305 374
dog 0.0749 193 158 277 283
person 0.5841 355 168 491 372
person 0.4681 190 158 274 283
person 0.2248 293 145 311 168
person 0.0583 40 146 455 371
person 0.0540 1 179 127 297
pottedplant 0.0589 484 178 495 240
pottedplant 0.0551 491 161 495 210
sofa 0.2006 37 149 458 374
sofa 0.1674 248 171 497 370
sofa 0.1573 193 158 285 288
sofa 0.1495 31 155 355 286
sofa 0.1219 1 185 126 303
sofa 0.0772 -4 257 297 372
sofa 0.0595 5 176 162 370
tvmonitor 0.1094 0 115 57 197
