aeroplane 0.0261 364 114 412 316
aeroplane 0.0235 380 0 497 320
bicycle 0.0385 380 0 497 320
bicycle 0.0346 364 114 412 316
bicycle 0.0300 204 116 308 213
bird 0.0456 363 112 413 313
bird 0.0416 208 117 311 213
bird 0.0338 129 62 147 75
bird 0.0299 38 132 168 313
bird 0.0291 380 0 497 320
boat 0.0322 242 7 268 70
car 0.0309 129 62 147 75
cat 0.0226 129 62 147 75
chair 0.0538 380 0 497 320
cow 0.2371 129 62 147 75
cow 0.0790 38 132 168 313
cow 0.0786 362 107 414 309
cow 0.0406 208 117 311 213
cow 0.0391 396 103 489 317
dog 0.0617 38 132 168 313
dog 0.0538 129 62 147 75
dog 0.0462 362 107 414 309
dog 0.0447 208 115 311 210
dog 0.0276 375 0 495 320
horse 0.8015 208 117 311 213
horse 0.5698 38 127 168 313
horse 0.3429 365 111 418 310
horse 0.1144 129 62 147 75
horse 0.0798 396 103 489 317
motorbike 0.0448 364 114 412 316
motorbike 0.0266 380 0 497 320
person 0.2237 363 112 413 313
person 0.0949 375 0 495 320
person 0.0429 436 0 496 320
person 0.0363 479 0 500 320
person 0.0317 129 62 147 75
person 0.0309 36 131 163 314
person 0.0248 376 87 423 267
pottedplant 0.0230 380 0 497 320
sheep 0.1516 129 62 147 75
sheep 0.0441 208 117 311 213
sheep 0.0313 40 132 172 313
sheep 0.0261 362 107 414 309
sofa 0.0279 388 0 497 321
train 0.0295 362 108 414 313
