bottle 0.7840 150 265 258 393
bottle 0.0622 133 263 354 395
bottle 0.0349 197 132 352 314
bus 0.0408 0 0 496 397
car 0.0374 -2 48 498 397
chair 0.0901 234 221 495 393
chair 0.0538 0 0 496 397
chair 0.0356 248 166 380 273
diningtable 0.0401 0 161 496 397
diningtable 0.0347 30 374 465 403
person 0.3432 0 61 330 397
person 0.3239 287 0 497 395
person 0.1100 439 0 493 396
person 0.0970 467 -3 496 399
person 0.0796 481 -4 498 401
person 0.0757 89 0 491 397
person 0.0619 164 112 370 328
person 0.0462 150 265 258 393
sofa 0.0618 0 0 496 397
train 0.0367 0 0 496 397
tvmonitor 0.0438 0 0 496 397
