bicycle 0.0260 159 105 461 336
bottle 0.0316 289 83 323 129
bottle 0.0229 286 108 326 163
car 0.0421 148 71 472 353
car 0.0390 235 113 259 134
car 0.0217 287 87 324 137
horse 0.0268 159 105 461 336
motorbike 0.7263 37 89 356 353
motorbike 0.0706 168 104 452 332
motorbike 0.0399 204 136 400 299
motorbike 0.0397 73 89 313 264
motorbike 0.0327 162 103 286 238
motorbike 0.0236 190 89 336 276
motorbike 0.0235 235 113 259 134
motorbike 0.0224 249 43 426 369
person 0.8009 252 24 430 371
person 0.0632 287 85 324 134
person 0.0319 276 106 320 165
person 0.0304 235 113 259 134
person 0.0278 269 117 311 178
person 0.0239 284 93 359 155
person 0.0238 259 96 322 222
person 0.0234 275 101 336 194
person 0.0222 205 157 375 278
person 0.0211 226 66 354 299
pottedplant 0.0265 289 81 323 126
sheep 0.0241 235 110 259 132
