aeroplane 0.0254 0 205 59 311
bird 0.0209 133 57 361 97
boat 0.3357 81 70 273 136
boat 0.0481 78 66 417 123
boat 0.0289 0 205 59 311
boat 0.0250 133 57 361 97
boat 0.0247 42 61 226 117
boat 0.0236 73 41 468 190
boat 0.0206 0 33 496 385
bottle 0.0246 0 202 63 310
bus 0.0502 0 202 59 309
bus 0.0239 317 86 444 367
car 0.7874 0 202 59 309
car 0.0631 3 184 47 269
motorbike 0.0456 0 205 59 311
motorbike 0.0229 3 178 54 275
motorbike 0.0211 0 245 495 407
person 0.7690 329 87 447 366
person 0.0321 4 174 21 243
person 0.0320 2 164 48 272
person 0.0273 388 179 443 350
person 0.0259 2 181 1 261
person 0.0227 0 205 59 311
person 0.0204 439 133 494 361
pottedplant 0.0301 445 156 495 361
pottedplant 0.0278 296 74 386 156
pottedplant 0.0236 318 95 380 147
pottedplant 0.0218 0 202 63 310
sheep 0.0303 0 202 59 309
