aeroplane 0.0356 -1 262 106 372
bicycle 0.0626 0 257 105 372
bicycle 0.0420 398 0 495 372
bird 0.3362 101 19 355 276
bird 0.0487 205 17 383 360
boat 0.0410 0 266 105 374
bottle 0.0564 391 0 494 372
car 0.0344 -3 262 101 372
cat 0.0643 110 19 361 270
cat 0.0345 190 282 289 370
chair 0.1610 0 266 105 374
chair 0.0471 408 7 493 147
chair 0.0471 398 0 495 372
chair 0.0444 375 3 471 46
chair 0.0438 476 8 495 135
chair 0.0438 0 262 238 373
chair 0.0386 468 -3 495 70
chair 0.0361 409 1 493 59
chair 0.0347 484 4 495 174
chair 0.0343 298 2 486 369
chair 0.0316 344 3 478 80
diningtable 0.0340 -3 262 101 372
dog 0.0447 193 282 293 370
dog 0.0410 110 19 361 270
person 0.0451 437 0 494 372
person 0.0415 465 -1 498 373
person 0.0310 476 4 495 92
pottedplant 0.0734 -3 262 101 372
pottedplant 0.0431 391 0 494 372
sheep 0.0468 112 11 359 307
sheep 0.0402 190 278 305 368
sofa 0.0448 -3 262 101 372
tvmonitor 0.0355 468 1 495 83
