aeroplane 0.0414 3 1 490 284
boat 0.0465 3 1 490 284
boat 0.0266 285 0 488 248
boat 0.0254 205 119 435 265
bus 0.0367 203 123 438 274
car 0.8081 206 122 435 270
car 0.0289 381 153 432 230
car 0.0232 53 157 440 276
car 0.0214 331 62 433 223
cow 0.0297 336 74 422 211
cow 0.0251 312 137 367 161
cow 0.0223 298 97 412 188
cow 0.0223 307 24 482 261
horse 0.0215 331 62 433 223
horse 0.0213 329 90 405 195
motorbike 0.0227 76 149 417 271
person 0.0415 364 146 386 170
person 0.0291 363 157 387 186
person 0.0251 337 141 381 166
person 0.0247 311 138 360 160
sheep 0.0264 331 62 433 223
sheep 0.0218 329 90 405 195
train 0.0263 203 123 438 274
train 0.0247 3 1 490 284
