boat 0.0714 96 22 531 349
boat 0.0471 0 209 12 243
boat 0.0392 0 213 11 276
boat 0.0346 0 195 11 235
bus 0.0308 68 261 207 320
bus 0.0283 0 219 11 280
bus 0.0278 170 259 192 271
car 0.7771 68 261 207 320
car 0.7310 207 269 334 331
car 0.6949 290 270 477 335
car 0.5844 0 282 66 369
car 0.4389 435 269 497 348
car 0.2200 2 320 251 373
car 0.1704 162 261 185 273
car 0.1684 170 261 191 273
car 0.0665 321 251 353 266
car 0.0552 348 251 373 266
car 0.0522 1 264 9 283
car 0.0521 357 258 380 271
car 0.0487 365 258 387 271
car 0.0466 192 274 217 308
car 0.0461 491 272 495 345
car 0.0460 126 262 157 273
car 0.0459 373 258 395 271
car 0.0424 362 263 390 277
car 0.0411 429 252 448 265
car 0.0398 420 252 441 265
car 0.0393 2 348 55 374
car 0.0384 409 255 430 269
car 0.0363 0 209 12 243
car 0.0362 0 280 136 372
car 0.0356 7 318 51 369
car 0.0349 15 365 168 369
car 0.0345 402 258 421 271
car 0.0339 493 262 494 337
car 0.0334 394 258 414 271
car 0.0329 491 251 495 278
car 0.0329 10 358 188 370
car 0.0328 0 213 11 276
car 0.0320 479 254 492 275
car 0.0308 3 357 30 371
car 0.0298 1 363 95 371
car 0.0280 491 261 495 291
motorbike 0.0456 170 261 191 273
motorbike 0.0388 196 276 220 311
motorbike 0.0289 430 273 495 349
person 0.0570 170 261 191 273
person 0.0417 58 266 69 292
person 0.0404 149 262 166 273
person 0.0391 155 262 176 273
person 0.0357 192 276 217 311
person 0.0333 188 264 205 276
person 0.0328 491 261 495 291
person 0.0325 478 262 493 290
person 0.0319 429 252 448 265
person 0.0319 493 264 494 312
person 0.0318 420 252 441 265
person 0.0312 437 252 455 265
person 0.0295 478 267 493 309
person 0.0288 493 262 493 326
pottedplant 0.0434 443 200 466 247
pottedplant 0.0362 449 193 475 254
pottedplant 0.0361 420 252 441 265
pottedplant 0.0352 429 252 448 265
pottedplant 0.0352 460 133 495 267
pottedplant 0.0347 412 251 434 266
pottedplant 0.0346 464 182 491 265
pottedplant 0.0324 170 261 191 273
