boat 0.0547 0 0 495 371
bottle 0.0583 0 0 495 371
bus 0.0273 0 0 495 371
car 0.0309 0 0 495 371
cat 0.0434 0 0 495 371
chair 0.0521 186 188 496 371
chair 0.0295 164 235 229 365
chair 0.0284 0 0 495 371
chair 0.0206 77 238 371 373
diningtable 0.0474 0 0 495 371
diningtable 0.0249 21 353 474 376
dog 0.0271 0 0 495 371
person 0.0382 0 0 495 371
person 0.0302 147 193 489 372
person 0.0262 479 4 500 367
person 0.0226 451 0 496 371
person 0.0213 -1 1 43 370
pottedplant 0.0335 0 0 495 371
sofa 0.7326 187 189 496 374
sofa 0.0274 0 0 495 371
sofa 0.0227 34 199 399 383
train 0.0386 0 0 495 371
tvmonitor 0.0820 0 0 495 371
