aeroplane 0.2792 87 108 486 221
aeroplane 0.0658 24 80 361 218
aeroplane 0.0528 72 141 196 152
aeroplane 0.0350 74 125 240 168
aeroplane 0.0333 57 196 125 207
aeroplane 0.0332 74 102 272 180
aeroplane 0.0311 121 154 256 207
aeroplane 0.0245 198 98 430 184
aeroplane 0.0233 0 182 6 209
aeroplane 0.0230 260 128 430 175
aeroplane 0.0228 32 119 276 210
bicycle 0.0325 0 188 10 209
bird 0.0215 0 184 9 207
bird 0.0203 181 183 196 213
boat 0.0422 57 196 125 207
boat 0.0355 0 184 9 207
boat 0.0271 0 174 5 207
boat 0.0246 2 129 8 201
boat 0.0215 0 109 11 200
boat 0.0213 1 163 3 208
boat 0.0203 1 144 3 206
bottle 0.0349 0 188 10 209
bus 0.0309 57 196 125 207
bus 0.0280 0 182 6 209
bus 0.0223 2 167 7 204
car 0.0766 0 184 9 207
car 0.0718 57 196 125 207
car 0.0367 1 153 3 207
car 0.0290 68 145 177 153
car 0.0203 72 143 204 155
chair 0.0394 0 184 9 207
chair 0.0260 1 163 3 208
cow 0.0369 0 186 5 211
cow 0.0211 1 169 4 207
dog 0.0217 0 184 9 207
horse 0.0457 0 184 9 207
motorbike 0.0405 0 188 10 209
person 0.1195 181 183 196 213
person 0.0910 0 184 9 207
person 0.0559 249 191 261 216
person 0.0503 1 163 3 208
person 0.0367 1 144 3 206
person 0.0354 309 183 326 213
person 0.0245 33 193 56 204
person 0.0235 26 192 47 205
person 0.0231 2 126 2 203
person 0.0225 38 196 66 206
person 0.0203 2 174 2 259
pottedplant 0.0350 0 184 9 207
pottedplant 0.0220 249 191 261 216
pottedplant 0.0214 57 196 125 207
pottedplant 0.0202 181 183 196 213
sheep 0.0330 0 184 9 207
train 0.0305 0 182 6 209
train 0.0204 57 196 125 207
train 0.0201 1 163 3 208
