aeroplane 0.5650 30 95 379 208
aeroplane 0.0449 8 114 174 195
aeroplane 0.0443 376 163 448 187
aeroplane 0.0233 279 123 482 227
aeroplane 0.0230 272 63 489 267
aeroplane 0.0218 311 151 465 210
boat 0.0474 295 193 496 261
boat 0.0432 374 164 456 191
boat 0.0400 431 118 493 227
boat 0.0397 389 193 497 251
boat 0.0342 434 228 498 258
boat 0.0333 420 209 496 255
boat 0.0316 389 140 496 241
boat 0.0299 10 91 376 207
boat 0.0278 457 112 491 202
boat 0.0264 452 213 496 252
boat 0.0251 359 169 464 212
boat 0.0242 -1 306 192 325
boat 0.0232 341 161 482 230
boat 0.0231 169 223 326 252
boat 0.0227 430 170 502 253
boat 0.0222 467 198 496 246
boat 0.0212 335 216 488 258
boat 0.0209 259 219 416 246
train 0.0246 0 299 222 327
train 0.0241 7 310 199 326
train 0.0202 6 287 489 339
