aeroplane 0.0432 414 121 455 149
boat 0.0674 414 121 455 149
bottle 0.0424 414 120 455 146
bus 0.1088 414 120 455 146
bus 0.0748 181 137 228 175
car 0.6018 181 137 228 175
car 0.4236 414 121 455 149
car 0.2212 150 137 188 170
car 0.0876 128 143 155 169
car 0.0655 410 132 460 168
car 0.0625 418 135 483 165
car 0.0604 435 117 481 160
cat 0.0573 74 214 139 362
chair 0.0915 217 268 473 372
chair 0.0737 127 232 234 309
chair 0.0537 176 112 491 370
chair 0.0422 414 121 455 149
chair 0.0420 320 147 495 370
dog 0.7148 74 214 139 362
motorbike 0.0469 414 120 455 146
person 0.6063 1 10 110 349
person 0.5056 149 86 408 367
person 0.1523 300 99 492 342
person 0.0668 4 52 14 290
person 0.0638 414 121 455 149
person 0.0628 232 89 427 253
person 0.0618 3 66 7 299
person 0.0595 465 27 490 220
person 0.0590 454 99 478 178
person 0.0590 324 117 468 230
person 0.0553 0 11 57 331
person 0.0548 454 132 478 168
sheep 0.0421 125 231 229 309
sofa 0.0660 203 91 494 367
train 0.0723 414 120 455 146
tvmonitor 0.0469 414 121 455 149
