aeroplane 0.0390 185 189 239 220
bicycle 0.0512 193 193 242 224
bicycle 0.0227 97 180 250 456
bicycle 0.0211 213 195 269 222
bicycle 0.0200 146 189 213 219
bird 0.0244 185 189 239 220
bird 0.0216 308 134 327 157
bird 0.0200 152 189 195 212
boat 0.0282 176 192 241 224
boat 0.0266 141 188 236 221
boat 0.0239 152 189 195 212
bottle 0.0223 148 190 205 219
car 0.0648 148 190 194 211
car 0.0504 107 199 152 218
car 0.0377 120 193 186 223
car 0.0353 145 188 238 220
car 0.0320 116 185 219 279
car 0.0269 327 202 348 223
car 0.0247 189 192 241 224
car 0.0237 102 187 250 456
chair 0.0233 148 190 205 219
chair 0.0230 187 193 242 230
chair 0.0216 144 190 244 226
cow 0.0265 148 190 194 211
motorbike 0.7883 97 180 250 456
motorbike 0.0387 193 193 242 224
motorbike 0.0366 116 189 214 290
motorbike 0.0355 152 189 200 211
motorbike 0.0299 139 189 232 220
motorbike 0.0252 132 190 192 219
person 0.0461 118 192 223 303
person 0.0380 148 190 205 219
person 0.0373 155 188 198 206
person 0.0319 185 189 239 220
person 0.0202 116 183 214 257
pottedplant 0.0462 193 193 242 224
pottedplant 0.0347 161 188 239 221
pottedplant 0.0274 327 202 348 223
pottedplant 0.0271 148 190 205 219
pottedplant 0.0236 120 189 233 298
sheep 0.0319 148 190 194 211
