bottle 0.0278 -1 1 67 370
cat 0.0422 154 44 379 373
chair 0.1372 1 2 71 369
chair 0.0517 0 0 59 225
chair 0.0512 4 315 116 372
chair 0.0492 0 249 120 368
chair 0.0323 0 0 151 371
chair 0.0315 6 171 169 370
chair 0.0292 11 341 148 369
chair 0.0284 1 176 80 364
cow 0.0498 5 46 388 371
diningtable 0.0641 2 322 118 371
dog 0.4517 146 41 380 371
horse 0.0308 21 41 395 371
person 0.0570 1 2 71 369
person 0.0328 161 43 388 375
pottedplant 0.0273 1 2 71 369
sheep 0.0333 1 36 392 371
sofa 0.0413 1 2 71 369
sofa 0.0352 2 322 118 371
sofa 0.0269 93 23 402 348
tvmonitor 0.0436 5 327 114 371
tvmonitor 0.0374 1 2 71 369
