aeroplane 0.0293 0 2 330 493
bicycle 0.0321 0 2 330 493
bicycle 0.0211 327 271 329 443
bicycle 0.0209 328 284 328 445
bird 0.0235 328 284 328 445
bird 0.0231 329 282 328 463
bird 0.0216 327 271 329 443
chair 0.0242 244 191 288 288
cow 0.0338 0 2 330 493
dog 0.0254 0 361 42 494
dog 0.0203 20 340 158 499
horse 0.6696 0 1 292 494
horse 0.0201 327 271 329 443
horse 0.0201 328 284 329 453
person 0.0218 328 284 329 453
person 0.0215 328 232 329 443
person 0.0212 327 264 330 442
person 0.0211 -1 15 29 480
person 0.0206 0 47 8 448
sheep 0.0224 328 284 328 445
sheep 0.0204 329 282 328 463
train 0.0220 0 2 330 493
