aeroplane 0.0361 0 130 34 237
aeroplane 0.0221 342 320 418 366
aeroplane 0.0206 412 176 497 312
aeroplane 0.0206 -1 123 20 209
bicycle 0.0334 412 175 497 296
bicycle 0.0217 345 162 502 309
bird 0.8493 49 71 375 325
boat 0.0259 0 130 34 237
boat 0.0206 348 320 419 366
boat 0.0203 303 278 386 304
bottle 0.0239 451 1 489 12
car 0.0247 0 128 27 239
car 0.0244 457 0 491 13
car 0.0217 446 0 486 8
person 0.0238 0 120 19 207
person 0.0230 489 45 498 322
person 0.0209 0 131 3 236
person 0.0204 492 187 495 302
pottedplant 0.0347 451 1 489 12
pottedplant 0.0329 465 0 491 8
pottedplant 0.0294 328 319 416 366
tvmonitor 0.0205 451 1 489 12
