bird 0.0457 154 156 246 265
bird 0.0354 142 404 369 458
cat 0.3755 142 156 244 265
cat 0.2102 6 128 254 300
cat 0.0502 272 187 394 328
cat 0.0474 88 402 407 460
cat 0.0440 149 151 275 227
cat 0.0430 37 84 403 207
cat 0.0382 0 66 346 268
cat 0.0333 82 122 312 241
chair 0.0530 149 154 244 261
chair 0.0347 88 402 407 460
cow 0.0610 269 187 390 328
diningtable 0.0334 3 57 492 299
dog 0.7312 272 187 394 328
dog 0.1918 154 156 246 265
dog 0.0475 6 128 254 300
dog 0.0415 88 402 407 460
horse 0.0504 272 187 394 328
person 0.0417 269 187 390 328
person 0.0387 142 156 244 265
person 0.0371 141 402 479 459
pottedplant 0.0403 0 87 35 139
pottedplant 0.0389 -2 -1 208 70
pottedplant 0.0355 150 400 445 461
sheep 0.0463 154 156 246 265
sheep 0.0426 101 409 394 458
sheep 0.0315 270 185 395 324
sofa 0.0369 0 61 495 280
sofa 0.0348 142 156 244 265
train 0.0389 162 3 465 64
