bird 0.0391 90 14 325 287
boat 0.0598 92 42 341 297
boat 0.0475 1 151 395 305
bottle 0.0398 212 0 327 49
bottle 0.0381 386 280 396 298
bus 0.0457 288 253 395 296
bus 0.0414 8 214 388 303
car 0.0405 382 284 396 298
car 0.0389 392 284 396 298
cat 0.0420 91 24 323 273
cow 0.1112 84 21 325 219
cow 0.0597 102 72 193 210
dog 0.0544 89 26 325 228
dog 0.0394 101 73 188 209
dog 0.0380 57 58 120 126
horse 0.0483 102 71 187 207
person 0.3017 57 58 120 126
person 0.2734 0 62 34 117
person 0.1584 60 60 117 194
person 0.1432 130 68 179 97
person 0.0950 0 60 33 199
person 0.0807 -1 33 29 301
person 0.0780 386 280 396 298
person 0.0682 54 63 79 121
person 0.0590 95 71 182 202
person 0.0491 356 227 396 285
person 0.0476 1 59 132 294
person 0.0421 39 63 250 295
sheep 0.1799 92 36 323 237
sheep 0.0469 235 28 348 207
train 0.0389 1 176 395 308
