aeroplane 0.0413 435 35 473 60
bicycle 0.9393 -1 1 497 328
bicycle 0.3147 435 38 474 61
bicycle 0.2884 389 36 418 64
bicycle 0.2324 422 40 455 60
bicycle 0.2140 410 40 436 60
bicycle 0.0475 363 81 491 326
bottle 0.0530 416 40 446 60
bottle 0.0530 385 36 414 64
bottle 0.0525 403 38 427 61
bottle 0.0492 435 38 474 61
car 0.0526 437 31 472 59
car 0.0424 395 30 420 60
chair 0.0702 370 61 492 321
chair 0.0465 435 35 473 60
dog 0.0418 435 38 474 61
horse 0.0674 432 35 469 60
horse 0.0471 395 30 420 60
motorbike 0.3131 435 35 473 60
motorbike 0.2144 394 33 420 62
person 0.1304 396 27 418 58
person 0.1178 435 35 473 60
person 0.0539 373 26 496 309
person 0.0528 -1 1 106 329
person 0.0456 -1 1 168 204
person 0.0417 0 1 41 329
pottedplant 0.0558 431 38 470 61
pottedplant 0.0496 390 32 417 62
pottedplant 0.0449 422 36 455 59
pottedplant 0.0414 410 36 436 59
