aeroplane 0.1633 282 370 322 397
aeroplane 0.1055 2 373 25 394
aeroplane 0.0757 318 378 329 398
aeroplane 0.0262 13 393 35 406
aeroplane 0.0248 15 402 33 413
aeroplane 0.0240 33 397 78 418
aeroplane 0.0211 28 370 47 390
aeroplane 0.0208 32 374 57 393
bird 0.0393 282 370 322 397
bird 0.0378 1 374 21 394
bird 0.0336 4 383 28 399
bird 0.0291 15 402 33 413
bird 0.0260 13 393 35 406
bird 0.0217 318 384 328 399
boat 0.6836 74 71 266 431
boat 0.3198 1 374 21 394
boat 0.3102 280 370 320 398
boat 0.1940 217 297 268 408
boat 0.1014 29 375 51 393
boat 0.0918 1 317 16 396
boat 0.0794 13 376 35 392
boat 0.0728 13 393 35 406
boat 0.0720 268 374 295 393
boat 0.0705 31 398 75 417
boat 0.0694 318 384 328 399
boat 0.0670 15 402 33 413
boat 0.0640 257 372 286 396
boat 0.0627 0 261 17 406
boat 0.0579 305 379 325 397
boat 0.0573 22 393 47 406
boat 0.0545 35 393 101 422
boat 0.0485 244 400 283 422
boat 0.0459 249 374 273 395
boat 0.0418 1 227 27 408
boat 0.0264 210 398 270 424
boat 0.0258 227 393 263 414
boat 0.0241 236 388 254 404
bus 0.0275 282 370 322 397
bus 0.0244 1 374 21 394
car 0.0413 1 374 21 394
car 0.0356 326 382 330 401
car 0.0343 282 370 322 397
car 0.0287 318 384 328 399
car 0.0218 156 408 189 422
car 0.0206 135 407 199 423
person 0.0332 235 384 245 400
person 0.0302 211 397 248 418
person 0.0299 225 383 235 400
person 0.0299 230 384 239 400
person 0.0297 221 392 238 408
person 0.0235 326 382 330 401
pottedplant 0.0205 326 382 330 401
sheep 0.0285 1 379 21 396
train 0.0224 2 373 25 394
train 0.0210 280 370 320 398
