bird 0.0380 6 406 107 496
bottle 0.0421 4 412 103 496
cat 0.0564 4 412 103 496
chair 0.0465 4 412 103 496
chair 0.0272 -2 347 28 507
chair 0.0258 -1 305 16 518
chair 0.0233 2 437 41 495
chair 0.0229 0 270 8 498
cow 0.0403 5 412 113 496
dog 0.0718 4 412 103 496
horse 0.7045 73 58 274 491
horse 0.0328 6 406 107 496
person 0.7908 314 240 372 497
person 0.7171 1 237 118 499
person 0.0498 368 258 372 479
person 0.0498 1 260 18 360
person 0.0396 0 240 78 348
person 0.0392 370 261 370 445
person 0.0352 0 240 14 481
person 0.0327 5 412 113 496
person 0.0304 52 244 114 337
person 0.0292 0 242 25 339
person 0.0290 15 244 127 368
person 0.0268 370 259 370 431
person 0.0242 0 232 61 442
person 0.0236 60 263 129 381
person 0.0231 13 218 200 488
person 0.0221 0 246 37 491
person 0.0219 117 52 283 278
person 0.0213 44 237 145 422
person 0.0212 22 233 97 316
sheep 0.0579 4 405 103 496
