aeroplane 0.0897 72 3 128 46
bird 0.0653 70 1 126 41
chair 0.6368 4 334 186 496
chair 0.2168 58 268 149 445
chair 0.1800 140 248 207 316
chair 0.1736 254 249 281 285
chair 0.1632 14 268 339 484
chair 0.1624 333 250 372 299
chair 0.1328 237 249 263 285
chair 0.1201 308 252 374 415
chair 0.1062 31 273 217 456
chair 0.1035 301 253 322 288
chair 0.1020 282 253 300 280
chair 0.0977 56 267 139 329
chair 0.0881 234 273 371 433
chair 0.0798 114 264 286 418
chair 0.0674 275 245 359 398
chair 0.0642 344 266 372 432
chair 0.0609 308 322 374 438
chair 0.0602 177 249 223 293
diningtable 0.3274 86 278 379 451
diningtable 0.1855 -13 296 338 503
diningtable 0.0648 282 253 300 280
diningtable 0.0615 333 250 372 299
diningtable 0.0601 9 333 192 497
person 0.0652 358 224 370 247
pottedplant 0.2359 284 203 303 244
pottedplant 0.1699 110 233 167 324
pottedplant 0.1418 72 1 128 41
pottedplant 0.1369 183 252 228 297
pottedplant 0.1168 358 224 370 247
pottedplant 0.0994 201 196 217 213
pottedplant 0.0815 259 217 270 239
pottedplant 0.0755 264 218 276 238
pottedplant 0.0660 270 218 282 238
pottedplant 0.0652 270 224 282 247
sofa 0.0900 2 273 369 480
