bottle 0.0566 5 55 22 96
car 0.0891 252 2 294 9
car 0.0655 244 2 277 9
car 0.0608 0 30 397 466
car 0.0476 5 51 21 92
chair 0.3245 167 57 216 196
chair 0.2524 109 50 174 210
chair 0.1131 0 45 103 223
chair 0.0837 0 87 396 534
chair 0.0550 120 60 376 372
chair 0.0531 0 43 46 202
chair 0.0507 5 58 22 100
chair 0.0476 3 67 17 107
diningtable 0.0932 38 393 301 500
diningtable 0.0816 0 87 396 534
diningtable 0.0537 0 320 396 503
diningtable 0.0495 109 50 174 210
person 0.4348 0 21 78 200
person 0.4346 123 54 385 370
person 0.1107 111 40 172 197
person 0.1027 0 30 397 466
person 0.0920 5 51 21 92
pottedplant 0.1128 5 58 22 100
pottedplant 0.0556 361 5 391 45
pottedplant 0.0486 252 2 294 9
pottedplant 0.0441 38 393 301 500
sofa 0.0756 0 30 397 466
sofa 0.0615 0 23 90 213
sofa 0.0539 109 48 174 205
sofa 0.0485 120 59 376 380
sofa 0.0471 2 49 218 336
