aeroplane 0.0311 241 83 496 215
aeroplane 0.0289 68 29 497 242
bird 0.0513 445 82 494 227
boat 0.0535 102 7 494 237
boat 0.0336 230 70 460 207
car 0.0371 33 71 524 238
cow 0.0994 445 90 494 229
cow 0.0452 17 78 282 210
dog 0.0955 445 86 495 228
dog 0.0295 474 98 497 232
horse 0.5841 21 78 286 209
horse 0.1897 445 90 494 229
person 0.2924 101 25 168 171
person 0.1999 445 82 494 227
person 0.0802 461 77 495 172
person 0.0712 492 77 494 216
person 0.0364 491 111 495 224
person 0.0341 492 134 495 277
person 0.0298 491 115 496 286
sheep 0.0349 439 96 493 228
train 0.0579 34 94 524 236
