boat 0.0270 0 325 371 497
bottle 0.0322 4 295 74 450
car 0.0245 0 227 84 409
chair 0.0622 0 227 84 409
chair 0.0331 32 0 386 495
chair 0.0242 -5 77 101 480
chair 0.0234 322 301 371 491
chair 0.0224 210 187 366 480
chair 0.0222 1 262 370 498
diningtable 0.0289 0 325 371 497
diningtable 0.0244 0 227 84 409
person 0.6855 27 70 250 495
person 0.0282 -3 44 99 451
person 0.0260 84 3 363 492
pottedplant 0.0427 0 58 61 195
pottedplant 0.0230 0 227 84 409
sofa 0.0491 0 240 89 419
sofa 0.0368 32 71 256 495
tvmonitor 0.0297 0 227 84 409
tvmonitor 0.0236 204 336 360 495
