aeroplane 0.0200 355 193 407 262
bicycle 0.0384 0 381 21 427
bicycle 0.0363 0 385 48 469
bicycle 0.0330 355 193 407 262
bicycle 0.0329 -1 382 30 440
bicycle 0.0204 -4 383 91 471
bird 0.0734 360 194 408 261
boat 0.0215 360 194 408 261
bottle 0.0331 21 343 97 393
bottle 0.0331 360 194 408 261
bottle 0.0289 0 382 14 426
bottle 0.0248 -1 385 55 469
bottle 0.0237 -1 382 30 440
bus 0.0264 37 365 357 488
bus 0.0247 28 336 103 386
car 0.7633 37 365 357 488
car 0.0523 25 342 99 394
car 0.0399 404 341 408 380
car 0.0269 -1 388 61 473
car 0.0239 404 319 408 371
car 0.0238 378 350 396 371
car 0.0238 362 351 387 370
car 0.0230 81 332 107 389
cat 0.0227 360 194 408 261
chair 0.1629 76 332 106 389
chair 0.0965 37 334 106 387
chair 0.0236 0 395 54 482
diningtable 0.0361 27 338 104 390
diningtable 0.0220 76 332 106 389
dog 0.0220 360 191 408 257
motorbike 0.0637 -1 385 55 469
motorbike 0.0466 -1 382 30 440
motorbike 0.0427 0 382 14 426
motorbike 0.0227 21 343 97 393
motorbike 0.0204 360 194 408 261
person 0.0458 28 336 103 386
person 0.0451 82 330 107 384
person 0.0361 0 383 9 425
person 0.0354 0 385 48 469
person 0.0242 1 340 2 436
person 0.0226 1 300 2 445
person 0.0213 360 191 408 257
person 0.0208 1 296 1 433
pottedplant 0.0977 360 194 408 261
pottedplant 0.0298 0 388 54 473
pottedplant 0.0250 0 380 9 420
pottedplant 0.0249 28 336 103 386
sheep 0.0212 360 194 408 261
sofa 0.0403 81 332 107 389
sofa 0.0326 28 336 103 386
tvmonitor 0.0465 28 336 103 386
tvmonitor 0.0235 76 332 106 389
