bottle 0.8374 362 125 476 329
bottle 0.0953 458 107 490 347
bottle 0.0657 271 0 325 138
bottle 0.0522 467 218 495 330
bottle 0.0373 397 0 496 331
car 0.0379 483 35 496 138
cat 0.0711 15 14 285 326
chair 0.5073 18 12 281 307
chair 0.0932 483 41 495 148
chair 0.0797 461 226 495 332
chair 0.0724 180 43 275 286
chair 0.0465 476 23 496 212
chair 0.0435 164 0 433 330
chair 0.0425 461 23 495 254
diningtable 0.0437 16 18 276 311
diningtable 0.0416 461 226 495 332
motorbike 0.0370 362 125 476 329
person 0.0955 456 3 492 326
person 0.0618 405 0 495 330
person 0.0610 482 2 497 328
person 0.0559 267 0 322 137
person 0.0488 467 24 496 243
person 0.0407 491 3 496 134
pottedplant 0.0545 462 2 493 327
pottedplant 0.0473 362 125 476 329
pottedplant 0.0385 483 23 496 140
sofa 0.2102 17 17 275 307
sofa 0.0409 483 41 495 148
tvmonitor 0.0571 461 221 495 332
tvmonitor 0.0422 483 41 495 148
