bottle 0.0937 2 321 47 372
bottle 0.0513 1 282 40 370
bottle 0.0508 200 163 271 366
bottle 0.0445 180 184 222 363
bottle 0.0389 8 196 56 356
cat 0.0912 201 278 294 369
chair 0.1257 44 237 162 374
chair 0.0998 396 242 497 369
chair 0.0965 204 280 299 372
chair 0.0699 459 249 497 367
chair 0.0670 201 290 387 373
chair 0.0504 211 314 323 372
chair 0.0477 483 203 496 373
chair 0.0439 445 293 495 371
chair 0.0397 1 116 40 377
chair 0.0396 179 68 315 373
dog 0.0495 202 280 293 372
person 0.6699 374 153 495 370
person 0.6448 275 69 383 372
person 0.6004 41 45 204 367
person 0.4104 175 52 296 372
person 0.2910 41 108 63 152
person 0.1441 -4 81 39 366
person 0.1005 202 167 276 368
person 0.0898 204 277 299 369
person 0.0870 483 142 496 205
person 0.0811 128 54 429 375
person 0.0768 484 162 495 373
person 0.0653 462 94 493 142
person 0.0532 181 175 228 354
person 0.0531 479 145 493 302
person 0.0486 1 74 33 221
person 0.0467 382 170 418 224
person 0.0466 15 104 43 167
person 0.0444 434 152 490 237
person 0.0424 463 148 493 287
person 0.0400 477 124 494 171
person 0.0375 377 87 407 149
person 0.0374 3 231 54 374
sofa 0.0580 205 277 305 369
sofa 0.0459 132 59 425 376
sofa 0.0376 202 284 402 374
tvmonitor 0.0450 203 285 300 372
