aeroplane 0.1440 200 183 263 211
aeroplane 0.0502 491 203 495 261
aeroplane 0.0356 149 131 346 240
bicycle 0.0341 297 322 313 352
bird 0.0472 81 23 117 49
bird 0.0463 297 319 313 350
boat 0.3137 1 1 181 329
boat 0.1253 200 183 263 211
boat 0.0903 -5 12 133 101
boat 0.0530 190 188 288 241
boat 0.0472 491 206 495 264
boat 0.0462 4 213 84 275
boat 0.0459 451 270 489 300
boat 0.0450 471 270 492 301
boat 0.0416 149 131 346 240
boat 0.0388 412 289 450 304
boat 0.0358 491 184 495 252
boat 0.0345 6 158 176 295
boat 0.0337 491 224 495 293
boat 0.0332 112 197 195 279
boat 0.0328 0 14 496 334
bottle 0.0577 297 322 313 352
bus 0.0495 368 291 400 309
bus 0.0446 471 270 492 301
bus 0.0432 416 289 453 305
bus 0.0403 449 276 484 305
bus 0.0400 485 267 494 303
bus 0.0390 348 291 389 309
car 0.5124 264 292 380 330
car 0.2333 362 294 398 316
car 0.1824 330 292 391 319
car 0.0624 491 201 495 258
car 0.0527 412 289 450 304
car 0.0462 490 208 496 274
car 0.0417 479 273 492 309
car 0.0405 492 268 494 308
car 0.0392 493 270 493 318
car 0.0380 1 2 33 29
car 0.0331 15 0 74 31
dog 0.0394 297 319 313 350
motorbike 0.0377 285 301 326 339
motorbike 0.0375 297 319 313 350
person 0.1381 297 319 313 350
person 0.0502 491 201 495 258
person 0.0487 26 0 78 31
person 0.0480 53 317 67 347
person 0.0413 490 208 496 274
person 0.0328 370 298 398 318
pottedplant 0.0376 491 199 495 254
pottedplant 0.0355 294 316 311 348
train 0.0561 -1 3 177 327
