bicycle 0.0258 197 2 220 26
bottle 0.0375 200 2 224 26
bus 0.0306 226 0 299 27
bus 0.0214 249 2 363 25
car 0.8925 1 16 408 303
car 0.3634 206 -1 468 86
car 0.0671 389 2 481 36
car 0.0602 227 0 307 27
car 0.0575 395 1 482 67
car 0.0475 0 33 10 52
car 0.0470 175 0 422 49
car 0.0455 205 2 274 25
car 0.0453 253 2 367 26
car 0.0445 212 2 392 36
car 0.0409 170 1 450 162
car 0.0409 200 2 224 26
car 0.0390 356 0 466 18
car 0.0311 354 2 430 15
car 0.0302 444 8 480 61
car 0.0302 336 2 448 25
car 0.0270 297 3 440 34
car 0.0239 97 4 148 44
car 0.0229 326 2 379 10
car 0.0229 458 4 490 45
car 0.0220 88 -6 414 76
car 0.0219 489 5 498 44
chair 0.0240 226 0 292 23
motorbike 0.0527 197 2 220 26
motorbike 0.0213 2 36 15 54
person 0.1185 200 2 224 26
person 0.1043 221 0 290 23
person 0.0586 210 0 261 22
person 0.0531 0 35 10 55
person 0.0370 269 2 351 20
person 0.0334 336 2 393 10
person 0.0318 446 5 486 38
person 0.0313 344 3 400 14
person 0.0284 467 3 496 40
person 0.0281 294 4 389 19
person 0.0274 482 4 498 39
person 0.0253 414 2 487 31
person 0.0242 293 2 373 10
person 0.0221 158 6 188 27
pottedplant 0.0334 201 0 223 22
pottedplant 0.0278 0 33 10 52
pottedplant 0.0215 212 1 243 21
