bicycle 0.0348 3 62 77 256
bicycle 0.0229 55 84 73 111
bird 0.0771 58 84 76 111
boat 0.0257 -3 80 93 303
boat 0.0239 58 84 76 111
bottle 0.0424 -5 84 80 299
bottle 0.0412 3 116 30 248
bottle 0.0372 58 84 76 111
bottle 0.0318 1 123 17 242
bottle 0.0265 0 98 50 244
bottle 0.0230 0 128 4 231
bus 0.0757 -2 81 92 336
car 0.2432 -2 89 92 340
car 0.0337 0 92 59 255
car 0.0295 55 84 73 111
car 0.0229 3 115 23 268
cat 0.0369 55 82 73 108
chair 0.0410 -2 79 91 292
cow 0.7807 162 142 341 265
cow 0.1245 55 84 73 111
cow 0.0645 269 137 335 251
cow 0.0355 155 163 215 237
cow 0.0270 79 86 96 104
cow 0.0229 140 151 261 249
dog 0.1043 55 82 73 108
horse 0.1093 55 84 73 111
horse 0.0332 162 142 341 265
horse 0.0230 290 142 337 246
motorbike 0.0343 58 84 76 111
motorbike 0.0295 -2 81 84 284
person 0.1674 58 84 76 111
person 0.0929 1 122 17 220
person 0.0287 79 86 96 104
person 0.0249 -4 94 54 324
pottedplant 0.0234 -2 87 76 272
sheep 0.0746 58 84 76 111
sheep 0.0272 162 142 341 265
sheep 0.0248 79 86 96 104
sheep 0.0239 427 144 450 157
train 0.0568 -3 79 92 316
train 0.0460 167 143 342 263
tvmonitor 0.0755 -3 80 93 326
