bird 0.0334 0 468 24 495
car 0.0223 340 353 342 416
cat 0.0438 2 219 204 486
cat 0.0311 0 0 217 426
chair 0.0361 0 0 342 495
cow 0.0873 0 218 201 487
diningtable 0.0230 0 0 342 495
dog 0.5810 -1 219 198 486
dog 0.0212 0 0 342 495
horse 0.0392 0 218 201 487
motorbike 0.0240 177 148 338 494
person 0.7900 173 54 342 495
person 0.0420 0 0 342 495
person 0.0366 231 171 333 479
person 0.0268 0 454 19 494
person 0.0223 340 353 342 423
person 0.0219 0 452 40 495
person 0.0218 2 215 248 490
pottedplant 0.0303 318 363 343 491
pottedplant 0.0246 329 362 342 437
pottedplant 0.0246 340 358 343 481
pottedplant 0.0244 341 367 342 488
pottedplant 0.0233 320 362 341 430
pottedplant 0.0221 340 359 342 433
pottedplant 0.0220 329 392 343 493
pottedplant 0.0219 308 413 342 495
sheep 0.0529 0 218 201 487
sofa 0.0401 0 0 342 495
