bicycle 0.0369 336 183 392 294
bicycle 0.0347 371 183 413 299
bicycle 0.0343 383 221 416 296
bus 0.0738 320 160 355 182
bus 0.0544 441 151 492 184
bus 0.0454 365 168 387 185
bus 0.0409 266 160 299 176
bus 0.0383 375 167 393 181
bus 0.0372 349 169 372 184
bus 0.0351 283 158 336 178
bus 0.0341 484 154 495 181
car 0.2589 320 163 355 184
car 0.2477 265 162 299 179
car 0.2005 361 170 384 189
car 0.1143 278 161 334 181
car 0.0804 403 165 428 183
car 0.0474 434 165 458 188
car 0.0446 0 189 10 252
car 0.0422 240 172 262 188
car 0.0329 491 155 496 181
cow 0.0754 336 183 392 294
cow 0.0373 365 191 410 296
dog 0.0408 336 183 392 294
horse 0.8370 38 176 262 354
horse 0.4162 336 187 393 295
horse 0.1108 360 187 409 295
horse 0.0518 358 168 394 255
horse 0.0463 201 175 271 343
horse 0.0439 313 178 362 311
horse 0.0355 370 169 397 219
horse 0.0329 283 164 337 340
motorbike 0.0709 365 170 387 189
motorbike 0.0565 335 189 393 298
motorbike 0.0541 371 183 413 299
motorbike 0.0528 387 207 420 298
motorbike 0.0506 362 170 391 212
motorbike 0.0374 359 168 393 244
person 0.7744 282 161 338 338
person 0.6618 116 132 169 256
person 0.6220 429 180 456 302
person 0.4332 388 165 427 305
person 0.3298 213 206 265 347
person 0.1628 365 169 395 225
person 0.1317 367 170 392 195
person 0.0774 336 183 392 294
person 0.0750 395 169 428 249
person 0.0614 0 207 10 252
person 0.0586 435 177 451 211
person 0.0579 120 139 163 202
person 0.0561 298 166 360 328
person 0.0543 434 180 452 231
person 0.0458 404 166 427 187
person 0.0444 232 172 263 240
person 0.0443 399 168 425 197
person 0.0433 428 223 449 294
person 0.0426 238 172 264 216
person 0.0368 170 275 192 325
train 0.0428 449 153 491 183
train 0.0330 320 163 355 184
