aeroplane 0.4765 30 25 332 194
aeroplane 0.1359 47 126 197 187
bicycle 0.0203 27 18 335 176
bird 0.0600 333 216 388 267
bird 0.0468 339 219 468 281
bird 0.0258 277 267 326 290
bird 0.0222 381 204 403 222
bird 0.0222 379 210 405 227
boat 0.0865 345 225 470 283
boat 0.0556 51 129 194 189
boat 0.0470 31 23 338 191
boat 0.0453 277 267 326 290
boat 0.0280 333 219 387 269
bottle 0.0905 360 223 470 281
car 0.0557 351 219 472 280
car 0.0271 51 129 194 189
cat 0.0426 345 222 470 282
cat 0.0399 333 216 388 267
cat 0.0248 328 216 431 273
cow 0.0948 339 219 468 281
cow 0.0610 333 219 387 269
cow 0.0265 394 229 467 280
cow 0.0208 273 267 323 289
dog 0.0739 345 219 470 281
dog 0.0440 333 219 387 269
horse 0.0375 339 219 468 281
horse 0.0224 333 216 388 267
motorbike 0.0530 351 219 472 280
person 0.0341 361 220 469 280
sheep 0.2675 340 221 468 283
sheep 0.2621 333 219 387 269
sheep 0.1387 277 267 326 290
sheep 0.0300 407 231 470 279
sheep 0.0229 341 213 411 245
train 0.0332 351 226 472 283
