bottle 0.3455 202 191 233 250
bottle 0.1355 192 170 278 270
bottle 0.0662 176 131 318 333
bottle 0.0632 86 58 343 460
bottle 0.0518 9 55 57 127
chair 0.1408 3 193 116 442
chair 0.0652 83 62 347 488
chair 0.0519 92 185 150 348
diningtable 0.0457 206 188 240 252
person 0.5539 85 72 350 493
person 0.1978 107 9 158 204
person 0.1119 -2 107 87 224
person 0.1076 5 109 67 191
person 0.0992 263 5 371 490
person 0.0832 169 145 302 326
person 0.0736 192 185 266 286
person 0.0728 39 137 80 194
person 0.0695 259 18 370 203
person 0.0670 205 196 253 260
person 0.0669 37 183 299 468
person 0.0630 295 182 374 477
person 0.0628 0 112 8 196
person 0.0573 0 138 90 310
person 0.0556 96 127 169 305
person 0.0552 197 208 227 263
person 0.0549 159 172 241 299
person 0.0517 3 187 116 425
person 0.0501 126 19 157 92
person 0.0490 178 195 222 261
person 0.0449 115 16 156 128
sofa 0.0575 0 209 371 481
sofa 0.0488 3 191 116 429
tvmonitor 0.0529 9 54 57 121
