bicycle 0.0401 348 319 490 373
boat 0.0422 2 131 164 229
bottle 0.0416 373 2 411 53
bus 0.1203 -1 128 168 266
bus 0.0404 101 135 402 265
bus 0.0345 1 112 25 260
car 0.1362 3 132 163 239
car 0.0367 50 161 108 281
car 0.0338 475 196 496 233
car 0.0313 1 114 24 222
car 0.0306 437 329 495 370
chair 0.0624 437 329 495 370
chair 0.0426 394 334 491 370
chair 0.0381 475 222 497 354
chair 0.0338 353 196 454 363
chair 0.0316 432 288 492 370
chair 0.0304 370 357 484 371
horse 0.0657 462 192 494 331
horse 0.0359 331 273 476 373
motorbike 0.0511 331 273 476 373
motorbike 0.0332 304 198 331 260
person 0.6679 52 182 91 295
person 0.5510 2 163 32 319
person 0.4622 304 195 331 258
person 0.4075 377 215 469 373
person 0.3325 364 188 412 288
person 0.2029 467 197 496 338
person 0.1149 354 199 414 336
person 0.0999 445 199 463 236
person 0.0855 18 175 54 301
person 0.0807 404 214 458 291
person 0.0794 23 189 42 246
person 0.0767 377 192 407 243
person 0.0616 373 2 411 53
person 0.0611 336 255 416 368
person 0.0460 33 157 142 284
person 0.0460 483 241 495 364
person 0.0445 469 194 495 235
person 0.0416 336 210 347 232
person 0.0353 418 206 452 253
person 0.0336 1 123 32 254
person 0.0305 1 119 17 240
pottedplant 0.0868 373 2 411 58
train 0.6487 101 135 402 265
train 0.1084 2 131 164 246
tvmonitor 0.0845 442 334 497 370
