bird 0.7142 86 76 237 290
bird 0.3024 290 260 376 364
bird 0.0469 263 261 349 357
bird 0.0284 289 261 354 323
bird 0.0271 274 250 462 362
bird 0.0268 94 128 135 180
bird 0.0249 212 258 368 366
bird 0.0240 274 111 314 149
bird 0.0210 84 122 145 209
boat 0.0283 419 365 489 371
boat 0.0207 470 364 493 372
car 0.0269 420 365 481 371
car 0.0226 487 367 500 374
car 0.0211 398 370 479 372
car 0.0211 470 364 493 372
cat 0.0776 291 259 376 360
cat 0.0222 91 75 239 286
cow 0.0347 286 257 373 356
dog 0.2117 286 257 373 356
horse 0.0388 285 259 374 360
person 0.0313 276 257 360 349
person 0.0210 287 262 348 321
person 0.0200 420 365 481 371
pottedplant 0.0474 343 223 488 367
pottedplant 0.0206 315 19 501 353
sheep 0.1248 291 259 376 360
