aeroplane 0.0252 2 77 40 102
aeroplane 0.0214 2 87 16 108
aeroplane 0.0205 5 84 29 106
aeroplane 0.0201 2 56 31 113
boat 0.0477 2 77 40 102
boat 0.0371 3 57 38 112
boat 0.0337 2 87 16 108
boat 0.0323 5 88 28 108
boat 0.0276 3 112 38 148
boat 0.0267 2 95 8 116
boat 0.0245 5 131 37 150
boat 0.0230 1 127 25 148
boat 0.0222 0 133 11 148
boat 0.0211 1 98 10 134
boat 0.0207 0 0 496 169
bus 0.0306 0 0 496 169
bus 0.0272 4 89 21 112
bus 0.0265 2 90 9 110
bus 0.0260 2 92 15 114
bus 0.0232 2 97 9 119
bus 0.0210 3 82 23 102
car 0.0297 0 96 4 123
car 0.0294 2 92 15 114
car 0.0285 1 92 3 120
car 0.0273 2 88 9 107
car 0.0252 1 132 25 149
car 0.0247 0 133 11 148
car 0.0244 493 70 493 96
car 0.0221 492 76 494 106
cow 0.0287 0 0 496 169
person 0.0406 1 99 9 125
person 0.0208 1 80 2 110
train 0.6939 2 43 493 160
train 0.0321 3 94 15 118
train 0.0246 2 87 16 108
