boat 0.0265 71 51 174 313
boat 0.0252 38 117 519 359
bottle 0.8309 69 47 175 312
bottle 0.7473 357 85 444 304
bottle 0.7453 212 83 313 300
bottle 0.0380 0 246 495 370
bottle 0.0284 376 84 431 146
bottle 0.0248 105 47 155 107
car 0.0306 0 123 496 370
car 0.0257 358 88 443 306
car 0.0239 66 47 172 312
cat 0.0249 0 207 495 363
cat 0.0239 209 84 310 299
chair 0.0458 0 160 495 363
chair 0.0230 0 285 89 373
diningtable 0.1673 0 207 495 363
diningtable 0.0251 45 126 450 321
diningtable 0.0233 69 55 175 320
diningtable 0.0225 359 88 447 306
diningtable 0.0221 214 91 311 302
motorbike 0.0327 69 47 175 312
motorbike 0.0312 359 88 447 306
person 0.0753 358 88 443 306
person 0.0307 69 47 175 312
person 0.0289 212 83 313 300
person 0.0249 0 188 495 358
pottedplant 0.0394 359 88 447 306
pottedplant 0.0346 69 47 175 312
pottedplant 0.0305 212 83 313 300
sofa 0.0584 0 160 495 363
train 0.0246 1 260 494 375
