aeroplane 0.1476 0 0 496 471
bicycle 0.1342 0 0 496 471
bicycle 0.0597 319 0 496 472
bird 0.0769 0 0 496 471
bird 0.0693 6 230 426 471
boat 0.0768 0 0 496 471
bottle 0.0606 0 0 496 471
car 0.0553 0 0 496 471
car 0.0451 0 255 10 320
chair 0.0986 333 0 497 472
chair 0.0658 0 0 496 471
chair 0.0491 453 176 494 362
chair 0.0438 432 14 500 458
diningtable 0.0871 0 0 496 471
motorbike 0.0453 0 0 496 471
person 0.0472 0 0 496 471
pottedplant 0.6055 0 0 496 471
pottedplant 0.0958 260 0 492 472
pottedplant 0.0469 286 3 497 192
tvmonitor 0.0614 0 0 496 471
