aeroplane 0.0424 77 274 159 331
aeroplane 0.0278 119 148 212 291
aeroplane 0.0262 234 124 285 220
bird 0.7858 77 274 159 331
bird 0.5878 238 123 287 216
bird 0.1243 154 13 255 290
bird 0.1148 240 189 271 223
bird 0.0802 222 286 249 329
bird 0.0730 149 276 244 329
bird 0.0660 2 274 156 331
bird 0.0588 148 113 276 263
bird 0.0564 -1 303 35 327
bird 0.0511 7 312 81 329
bird 0.0506 130 275 168 330
bird 0.0439 0 300 111 330
bird 0.0343 31 0 299 331
bird 0.0262 166 312 243 330
bird 0.0255 454 24 494 269
bird 0.0253 124 149 214 279
bottle 0.0441 174 9 226 86
bottle 0.0298 -3 0 131 329
cat 0.0602 -1 0 98 185
cat 0.0448 -3 0 131 329
cat 0.0296 3 1 101 99
chair 0.0318 -3 0 131 329
dog 0.0377 0 0 96 179
dog 0.0341 -3 1 116 329
dog 0.0335 227 286 251 329
dog 0.0262 -1 303 35 327
horse 0.0255 0 304 27 327
person 0.0771 222 286 249 329
person 0.0662 0 304 27 327
person 0.0587 -2 1 107 329
person 0.0389 4 312 68 329
person 0.0349 0 2 42 328
person 0.0274 160 285 248 330
person 0.0265 492 48 494 192
pottedplant 0.0268 237 124 287 220
pottedplant 0.0260 325 0 490 329
pottedplant 0.0251 0 1 160 329
sheep 0.0267 150 3 251 290
