aeroplane 0.0652 1 162 31 192
aeroplane 0.0335 352 106 486 177
aeroplane 0.0273 350 103 488 239
boat 0.0819 354 105 484 172
boat 0.0669 0 162 27 192
bus 0.1083 351 101 487 235
bus 0.0518 0 162 27 192
bus 0.0493 347 109 460 168
bus 0.0346 342 106 387 183
bus 0.0281 411 143 497 234
car 0.8560 117 72 370 323
car 0.3783 0 162 27 192
car 0.1268 350 103 488 239
car 0.0986 414 150 495 239
car 0.0503 489 208 497 251
car 0.0456 107 135 130 177
car 0.0387 342 104 410 244
car 0.0371 491 215 495 267
car 0.0353 346 108 461 181
car 0.0323 491 144 496 245
car 0.0309 109 123 144 236
car 0.0275 342 106 387 183
car 0.0261 288 78 386 246
car 0.0253 104 128 133 219
car 0.0248 492 132 494 234
chair 0.0429 0 164 26 194
cow 0.0390 0 164 26 194
horse 0.0365 0 164 26 194
motorbike 0.0383 430 155 494 245
motorbike 0.0332 0 164 26 194
motorbike 0.0264 489 202 497 251
person 0.0787 238 99 295 148
person 0.0548 257 94 331 148
person 0.0545 181 104 220 143
person 0.0421 430 155 494 245
person 0.0412 490 151 496 249
person 0.0334 489 208 497 251
person 0.0307 -1 164 21 194
person 0.0295 347 101 453 246
person 0.0248 -1 166 6 198
pottedplant 0.0269 489 212 497 253
sheep 0.0449 0 164 26 194
train 0.0954 352 106 486 177
train 0.0548 0 162 27 192
train 0.0307 344 98 447 244
