bird 0.2338 7 260 136 369
bird 0.1294 218 216 292 277
bird 0.1025 0 304 57 371
bird 0.0355 0 -2 88 46
bird 0.0309 53 188 504 370
bird 0.0308 127 2 243 6
bird 0.0284 203 1 322 7
car 0.0391 176 0 334 13
car 0.0353 203 1 322 7
cat 0.0448 246 41 357 207
cat 0.0350 221 214 290 274
chair 0.0431 347 18 499 276
chair 0.0312 430 86 494 250
chair 0.0288 460 65 496 242
dog 0.7919 246 45 357 208
dog 0.0314 218 214 285 274
dog 0.0274 0 305 50 371
dog 0.0263 125 1 252 6
person 0.3529 367 0 495 212
person 0.0401 247 1 505 211
person 0.0387 246 45 357 208
person 0.0356 191 1 319 7
person 0.0318 0 304 57 371
person 0.0306 130 2 255 6
person 0.0280 223 2 350 6
person 0.0278 196 210 300 278
person 0.0276 -1 -2 113 52
person 0.0267 492 15 495 221
pottedplant 0.0309 199 209 297 273
pottedplant 0.0292 0 -2 88 46
pottedplant 0.0286 191 1 319 7
pottedplant 0.0255 223 2 350 6
sheep 0.0376 218 216 292 277
sheep 0.0314 73 195 500 369
sheep 0.0299 0 305 50 371
sofa 0.0386 246 41 357 207
