bicycle 0.0339 241 299 317 371
bicycle 0.0236 295 365 418 369
boat 0.0281 242 304 315 372
bottle 0.0365 242 81 299 125
bottle 0.0338 295 365 418 369
bottle 0.0293 297 369 432 370
bottle 0.0263 241 299 317 371
car 0.0285 303 370 395 370
car 0.0257 230 81 296 126
car 0.0234 304 370 410 370
car 0.0204 284 369 383 370
cat 0.0377 276 126 461 269
cat 0.0236 53 150 277 315
chair 0.0453 272 126 457 268
chair 0.0434 295 365 411 369
chair 0.0360 237 82 296 125
chair 0.0281 294 368 459 371
chair 0.0268 247 307 318 373
chair 0.0266 287 364 481 371
chair 0.0253 261 261 491 373
chair 0.0246 281 357 503 371
chair 0.0207 180 100 228 130
chair 0.0206 361 339 501 371
chair 0.0204 280 332 503 373
chair 0.0203 187 82 309 131
chair 0.0202 140 129 175 171
diningtable 0.0266 276 126 461 269
diningtable 0.0256 295 365 411 369
diningtable 0.0233 273 365 472 370
person 0.0293 241 299 317 371
person 0.0264 303 370 395 370
person 0.0202 284 369 383 370
pottedplant 0.0297 296 365 402 369
pottedplant 0.0221 230 81 296 126
sofa 0.0517 276 126 461 269
sofa 0.0278 53 150 277 315
tvmonitor 0.7501 53 151 277 319
tvmonitor 0.6119 271 128 459 273
tvmonitor 0.1261 237 82 296 125
tvmonitor 0.0221 6 -15 489 165
tvmonitor 0.0212 303 370 395 370
tvmonitor 0.0209 304 370 410 370
