aeroplane 0.0251 2 1 16 9
aeroplane 0.0202 2 2 38 9
bicycle 0.0319 97 254 177 404
bird 0.0277 2 2 24 9
boat 0.0235 2 1 16 9
boat 0.0229 1 2 34 9
bus 0.0217 1 -3 269 351
car 0.0398 2 1 16 9
car 0.0313 5 2 26 9
car 0.0259 229 280 262 316
car 0.0257 256 279 270 310
car 0.0251 267 273 271 308
car 0.0234 2 1 45 9
chair 0.0222 96 196 182 423
dog 0.0206 96 260 178 406
horse 0.0304 97 254 177 404
person 0.8275 94 149 180 409
person 0.0254 267 231 271 303
person 0.0230 3 1 19 10
person 0.0222 0 243 2 314
person 0.0217 1 1 13 10
person 0.0205 234 229 266 297
pottedplant 0.0303 2 1 16 9
pottedplant 0.0215 231 234 265 300
sheep 0.0242 2 2 24 9
sheep 0.0205 96 246 178 405
