bird 0.0204 491 166 495 238
bottle 0.1712 405 322 441 395
bottle 0.0342 484 350 495 399
bottle 0.0335 491 166 495 238
bottle 0.0321 388 385 482 396
bottle 0.0272 491 317 495 401
bottle 0.0261 492 294 494 399
bottle 0.0259 484 307 495 398
car 0.0237 491 166 495 238
chair 0.0275 491 171 495 239
chair 0.0246 493 288 494 398
chair 0.0231 492 277 494 397
chair 0.0229 10 2 359 402
chair 0.0209 492 161 494 337
chair 0.0208 479 154 493 344
chair 0.0202 491 180 495 331
chair 0.0201 101 7 519 397
person 0.7748 243 31 485 398
person 0.6103 22 18 293 398
person 0.0764 491 166 495 238
person 0.0588 269 31 460 216
person 0.0321 492 149 495 318
person 0.0281 44 12 514 386
person 0.0274 407 321 446 396
person 0.0259 492 208 494 391
person 0.0254 492 272 495 396
person 0.0253 491 351 495 399
person 0.0251 492 87 495 267
person 0.0207 446 183 494 397
pottedplant 0.0416 0 253 35 396
pottedplant 0.0311 491 166 495 238
pottedplant 0.0255 0 224 19 387
pottedplant 0.0200 484 350 495 399
sofa 0.0225 250 31 494 398
sofa 0.0211 12 30 279 399
