bottle 0.0202 -3 32 45 339
cat 0.7701 52 2 435 340
chair 0.0758 462 297 494 372
chair 0.0542 467 236 496 329
chair 0.0389 474 250 497 367
chair 0.0379 63 0 494 372
chair 0.0351 490 292 496 372
chair 0.0307 474 339 496 371
chair 0.0295 491 241 495 352
chair 0.0261 456 173 492 333
chair 0.0232 432 305 492 370
chair 0.0214 349 12 505 359
chair 0.0207 494 320 493 379
chair 0.0201 -10 2 115 369
dog 0.0218 68 0 458 330
person 0.0241 81 0 515 372
sofa 0.0329 462 297 494 372
sofa 0.0231 474 280 496 366
tvmonitor 0.0527 45 0 457 371
tvmonitor 0.0212 -3 28 54 343
