bird 0.1216 315 16 336 39
bottle 0.0447 242 112 261 136
bottle 0.0303 315 16 336 39
bottle 0.0255 153 115 193 144
bottle 0.0239 4 0 131 371
bus 0.0261 92 10 254 144
bus 0.0226 -1 0 122 372
cat 0.0569 315 16 336 39
cat 0.0235 87 7 251 141
chair 0.0398 357 98 489 372
chair 0.0321 143 58 383 371
chair 0.0246 89 12 250 148
chair 0.0243 181 119 501 369
chair 0.0213 194 44 363 168
cow 0.0236 315 16 336 39
diningtable 0.0251 54 105 441 371
dog 0.0516 315 16 336 39
person 0.7841 183 30 382 370
person 0.0813 315 16 336 39
person 0.0337 246 110 272 138
person 0.0333 242 112 261 136
person 0.0290 92 10 254 144
person 0.0290 197 46 352 166
pottedplant 0.0366 315 16 336 39
sheep 0.0428 315 16 336 39
sofa 0.0363 92 10 254 144
sofa 0.0290 188 52 385 372
tvmonitor 0.6456 92 10 254 144
tvmonitor 0.0694 -1 0 122 372
tvmonitor 0.0355 57 151 438 372
tvmonitor 0.0252 453 45 494 191
