bicycle 0.0397 374 10 496 132
bird 0.0671 7 263 183 372
bird 0.0563 -1 0 44 14
bird 0.0432 87 267 142 309
boat 0.0571 381 7 497 129
bottle 0.0488 375 13 495 135
bottle 0.0354 0 275 51 371
bottle 0.0351 122 357 216 371
bottle 0.0346 444 13 495 76
car 0.0343 375 7 495 130
cat 0.6905 105 105 443 283
cat 0.1267 7 263 183 372
cat 0.0708 0 97 238 362
cat 0.0410 93 268 144 307
chair 0.1259 106 2 475 128
chair 0.0744 20 65 475 307
chair 0.0460 15 4 409 174
chair 0.0366 107 0 365 60
chair 0.0339 270 1 326 30
diningtable 0.0567 20 65 475 307
diningtable 0.0460 35 1 461 177
dog 0.2115 7 263 183 372
dog 0.0546 87 267 142 309
dog 0.0515 105 101 437 276
dog 0.0356 445 15 495 81
motorbike 0.0403 374 10 496 132
person 0.1746 445 15 495 81
person 0.0985 381 5 497 126
person 0.0542 6 263 176 372
person 0.0517 491 26 495 81
person 0.0460 20 65 475 307
person 0.0440 460 14 496 164
person 0.0414 -2 0 52 14
person 0.0404 491 27 496 116
person 0.0398 190 1 242 12
person 0.0392 271 0 318 26
person 0.0374 6 0 114 13
person 0.0355 492 13 495 165
sheep 0.0520 7 258 183 371
sofa 0.0616 20 65 475 307
sofa 0.0356 34 1 461 183
tvmonitor 0.0391 20 65 475 307
