bottle 0.0367 396 278 397 468
bottle 0.0322 72 3 243 493
bottle 0.0289 350 282 399 486
chair 0.0627 44 1 234 494
chair 0.0410 -2 349 118 497
chair 0.0327 0 200 398 498
chair 0.0312 0 181 52 455
diningtable 0.0346 0 200 398 498
diningtable 0.0341 56 475 342 497
diningtable 0.0288 13 446 385 502
dog 0.0288 69 2 234 494
person 0.7938 198 91 362 497
person 0.6349 72 3 243 493
person 0.0575 390 77 397 418
person 0.0531 396 119 397 306
person 0.0422 394 122 399 436
person 0.0415 1 68 126 481
person 0.0389 395 155 398 426
person 0.0347 344 123 399 458
person 0.0334 396 212 397 462
person 0.0333 396 202 397 457
person 0.0291 396 262 397 460
sofa 0.0438 45 0 352 495
sofa 0.0338 2 216 396 497
