bicycle 0.0287 0 231 329 498
bird 0.0542 -1 291 40 399
bottle 0.0311 -1 310 19 389
bottle 0.0294 -3 293 36 397
cat 0.0488 -1 291 40 399
chair 0.0810 220 13 333 483
chair 0.0687 0 77 329 495
cow 0.0423 -1 279 45 395
diningtable 0.0457 0 198 329 499
diningtable 0.0348 224 13 334 482
dog 0.0731 -1 279 45 395
horse 0.0298 -1 291 40 399
person 0.7310 -1 74 279 499
person 0.0403 -2 293 40 405
person 0.0386 -1 310 19 389
person 0.0309 320 20 331 475
person 0.0287 0 277 48 468
sheep 0.0635 -1 291 40 399
sofa 0.0793 0 77 329 495
sofa 0.0313 220 13 333 483
tvmonitor 0.0678 224 13 334 482
