aeroplane 0.0399 0 -1 495 373
boat 0.0577 0 -1 495 373
bottle 0.0481 268 125 343 223
bus 0.6764 0 -1 495 373
bus 0.1104 261 106 351 219
bus 0.0715 23 57 347 314
bus 0.0697 207 107 382 229
bus 0.0653 53 129 316 266
bus 0.0478 215 76 459 248
bus 0.0433 442 156 490 203
car 0.1283 0 -1 495 373
car 0.0440 150 97 438 280
car 0.0431 267 131 352 232
car 0.0401 215 123 374 241
dog 0.0468 114 165 193 224
person 0.6062 114 165 193 224
person 0.4518 268 125 343 223
person 0.3411 334 111 402 219
person 0.1175 0 -1 495 373
person 0.0789 453 158 494 207
person 0.0591 50 72 312 299
train 0.1421 0 -1 495 373
train 0.0402 202 75 481 249
tvmonitor 0.1269 0 -1 495 373
