aeroplane 0.0263 5 0 490 327
bird 0.0627 334 0 496 328
bottle 0.0420 334 0 496 328
bottle 0.0358 5 0 490 327
bus 0.0614 5 0 490 327
car 0.0513 5 0 490 327
car 0.0277 0 -1 5 24
cat 0.0573 334 0 496 328
cat 0.0277 5 0 490 327
chair 0.1112 5 0 490 327
chair 0.0251 334 0 496 328
chair 0.0234 1 0 220 328
diningtable 0.0395 5 0 490 327
dog 0.0496 5 0 490 327
dog 0.0402 334 0 496 328
horse 0.0320 5 0 490 327
motorbike 0.0448 5 0 490 327
person 0.6534 5 0 490 327
person 0.0583 1 0 220 328
person 0.0458 136 1 437 244
person 0.0449 338 0 500 328
person 0.0442 2 5 9 64
person 0.0336 0 -3 4 36
person 0.0235 1 5 3 90
pottedplant 0.0385 334 0 496 328
sheep 0.0386 334 0 496 328
sofa 0.1578 5 0 490 327
tvmonitor 0.0469 5 0 490 327
