bicycle 0.0426 346 1 371 40
bicycle 0.0403 0 307 372 492
bicycle 0.0334 356 262 373 482
bicycle 0.0294 245 234 373 379
bird 0.0719 350 0 372 41
bird 0.0425 0 386 24 420
bird 0.0330 1 7 71 81
boat 0.0403 0 307 372 492
boat 0.0306 350 0 372 41
boat 0.0300 81 8 149 33
boat 0.0297 98 10 179 31
bottle 0.0412 350 0 372 41
car 0.0510 350 -1 372 36
car 0.0274 32 50 339 445
cat 0.0319 350 1 372 48
cat 0.0302 356 258 372 424
chair 0.6668 246 238 372 382
chair 0.1467 356 254 372 420
chair 0.0538 333 195 372 370
chair 0.0452 344 141 372 306
chair 0.0317 -1 267 373 494
chair 0.0302 300 239 370 365
diningtable 0.0804 0 335 372 495
diningtable 0.0482 6 376 247 478
diningtable 0.0332 356 253 372 413
diningtable 0.0282 246 238 372 382
dog 0.0510 350 0 372 41
dog 0.0283 356 264 373 434
horse 0.0315 350 0 372 41
horse 0.0277 360 265 374 441
motorbike 0.0569 350 -1 372 36
person 0.7555 146 132 260 487
person 0.1012 350 0 372 41
person 0.0507 360 250 373 409
person 0.0399 368 190 372 375
person 0.0316 356 278 372 490
pottedplant 0.0769 350 -1 372 36
pottedplant 0.0420 1 6 70 75
pottedplant 0.0383 0 328 372 494
pottedplant 0.0375 -51 -2 101 498
pottedplant 0.0309 355 289 372 502
pottedplant 0.0297 356 243 373 401
sheep 0.0642 0 386 24 420
sheep 0.0385 350 0 372 41
sofa 0.0541 356 261 372 429
sofa 0.0484 246 238 372 382
sofa 0.0296 9 182 362 500
tvmonitor 0.0284 360 251 373 415
