bird 0.0479 467 339 496 372
boat 0.0297 60 24 435 347
bottle 0.0536 352 31 502 340
bottle 0.0431 467 339 496 372
bottle 0.0278 478 70 493 301
bottle 0.0277 125 130 346 341
bus 0.0299 125 128 346 354
car 0.0324 315 106 391 160
cat 0.0284 467 343 496 373
chair 0.0467 122 134 349 366
chair 0.0302 60 24 435 347
cow 0.0332 402 3 492 151
cow 0.0322 473 343 497 373
diningtable 0.0351 60 24 435 347
dog 0.0484 467 339 496 372
dog 0.0332 401 0 492 137
horse 0.0304 467 339 496 372
horse 0.0288 414 3 495 145
motorbike 0.0429 463 66 493 305
motorbike 0.0340 478 70 493 301
motorbike 0.0313 462 145 494 261
motorbike 0.0281 394 40 499 331
person 0.2212 243 133 322 243
person 0.1134 467 339 496 372
person 0.0571 195 122 354 337
person 0.0477 408 0 493 136
person 0.0306 493 82 493 289
person 0.0286 468 65 495 306
person 0.0283 60 24 435 347
pottedplant 0.0300 467 339 496 372
sheep 0.0355 473 343 497 373
sofa 0.0331 126 137 360 368
tvmonitor 0.1833 123 129 341 341
tvmonitor 0.0674 180 113 416 357
