boat 0.0543 111 56 150 86
bottle 0.1077 110 51 150 85
bottle 0.0980 356 108 373 134
bottle 0.0922 330 74 343 114
bottle 0.0726 227 51 245 67
bottle 0.0530 154 42 177 65
bottle 0.0498 0 192 11 255
bottle 0.0450 126 43 150 71
bottle 0.0410 461 107 494 141
bottle 0.0391 380 6 412 37
bottle 0.0382 221 247 314 370
bus 0.0419 14 92 160 186
bus 0.0379 410 108 491 368
car 0.0950 409 111 492 371
car 0.0539 339 157 445 348
car 0.0518 163 45 230 68
car 0.0469 227 51 245 67
car 0.0433 111 56 150 86
chair 0.6601 178 69 340 284
chair 0.0743 422 110 494 366
chair 0.0725 395 105 428 149
chair 0.0600 -2 257 240 372
chair 0.0461 454 106 494 142
chair 0.0429 407 4 486 44
chair 0.0428 111 56 150 86
chair 0.0418 0 176 11 253
chair 0.0394 429 239 495 372
chair 0.0380 447 2 493 46
chair 0.0357 410 7 483 77
diningtable 0.0779 0 252 246 371
diningtable 0.0391 180 71 345 265
person 0.0604 0 192 10 272
person 0.0518 227 51 245 67
person 0.0435 342 26 419 123
pottedplant 0.0658 110 51 150 85
pottedplant 0.0435 154 42 177 65
pottedplant 0.0425 8 2 72 69
pottedplant 0.0416 232 48 246 66
pottedplant 0.0403 446 -1 494 21
pottedplant 0.0378 461 5 494 55
pottedplant 0.0358 406 0 487 20
tvmonitor 0.5682 342 26 419 128
tvmonitor 0.1604 14 92 160 186
tvmonitor 0.0923 418 110 491 367
tvmonitor 0.0885 381 1 426 31
tvmonitor 0.0819 438 120 495 244
tvmonitor 0.0717 329 72 344 111
tvmonitor 0.0615 337 126 470 363
tvmonitor 0.0528 392 4 462 39
tvmonitor 0.0494 161 45 225 68
tvmonitor 0.0485 399 102 431 146
tvmonitor 0.0457 111 56 150 86
tvmonitor 0.0438 415 15 486 110
tvmonitor 0.0421 388 27 443 121
tvmonitor 0.0371 461 107 494 141
tvmonitor 0.0368 360 2 385 29
