aeroplane 0.0927 -2 104 498 315
aeroplane 0.0462 406 162 464 220
bird 0.0600 406 162 464 220
boat 0.0613 -2 104 498 320
bottle 0.0423 139 167 207 194
car 0.0535 -1 113 497 327
chair 0.2573 3 182 305 330
chair 0.0989 -1 123 497 327
chair 0.0735 27 136 319 282
chair 0.0628 183 165 241 196
chair 0.0433 2 3 141 40
chair 0.0397 127 168 219 198
chair 0.0358 133 1 300 22
chair 0.0349 81 155 281 222
chair 0.0346 -1 194 122 329
diningtable 0.0392 -2 133 498 333
pottedplant 0.4378 406 162 464 220
pottedplant 0.2306 387 67 475 216
pottedplant 0.0968 431 38 493 219
pottedplant 0.0779 0 1 27 31
pottedplant 0.0616 -3 12 131 193
pottedplant 0.0418 91 120 114 153
pottedplant 0.0415 5 13 161 317
sofa 0.1104 -1 160 497 332
