boat 0.0692 264 2 489 88
bottle 0.0599 30 0 113 67
bottle 0.0519 401 333 461 371
bottle 0.0491 43 32 139 163
bottle 0.0468 0 0 26 31
bottle 0.0398 -1 19 52 159
bottle 0.0365 56 0 110 43
cat 0.0520 141 58 360 254
chair 0.0916 70 0 246 172
chair 0.0649 93 3 237 63
chair 0.0389 -1 17 52 154
chair 0.0354 40 39 142 173
chair 0.0315 260 244 461 373
chair 0.0288 3 0 46 32
diningtable 0.0330 93 2 237 59
diningtable 0.0310 52 2 248 169
person 0.0649 25 -1 111 68
person 0.0552 1 0 49 38
person 0.0464 72 0 110 31
person 0.0460 60 0 240 55
person 0.0415 10 -1 78 39
person 0.0386 88 0 243 167
person 0.0354 404 329 466 370
person 0.0346 0 3 58 98
person 0.0325 12 -2 123 139
pottedplant 0.0437 93 2 237 59
pottedplant 0.0325 -1 19 52 159
sofa 0.0352 70 0 246 172
sofa 0.0350 86 2 237 64
tvmonitor 0.8364 141 65 360 264
tvmonitor 0.0676 86 2 237 59
tvmonitor 0.0434 465 0 491 14
tvmonitor 0.0357 43 32 139 163
tvmonitor 0.0354 426 1 467 7
tvmonitor 0.0337 393 0 493 50
tvmonitor 0.0303 453 0 494 49
tvmonitor 0.0301 24 3 244 174
tvmonitor 0.0294 389 2 442 6
