aeroplane 0.0470 6 89 301 369
bird 0.0613 390 33 417 92
bird 0.0400 -1 154 67 310
boat 0.1296 12 85 302 368
boat 0.1075 235 40 494 319
boat 0.0330 1 155 72 275
bottle 0.0621 65 244 78 291
bottle 0.0443 170 235 192 317
bottle 0.0385 159 242 202 345
bottle 0.0354 203 228 229 336
bottle 0.0314 7 150 28 180
car 0.0443 1 154 72 287
car 0.0358 8 264 26 289
car 0.0308 4 265 14 287
chair 0.0892 313 261 360 308
chair 0.0348 457 280 483 307
chair 0.0345 407 288 423 311
chair 0.0342 353 257 385 307
chair 0.0330 430 278 463 309
person 0.4179 17 265 40 322
person 0.0842 8 150 41 186
person 0.0654 0 154 66 298
person 0.0572 66 248 77 292
person 0.0532 204 229 221 283
person 0.0494 8 264 26 289
person 0.0480 314 252 360 306
person 0.0431 207 228 225 307
person 0.0416 172 230 190 288
person 0.0373 3 267 14 292
person 0.0342 2 260 1 321
person 0.0336 466 275 489 307
person 0.0333 456 269 484 306
person 0.0329 353 257 385 307
person 0.0317 2 156 63 215
person 0.0317 349 210 388 308
pottedplant 0.3944 349 210 388 308
pottedplant 0.3514 275 260 298 303
pottedplant 0.2205 246 242 264 299
pottedplant 0.2107 357 252 387 307
pottedplant 0.1336 314 219 360 304
pottedplant 0.1216 406 209 440 308
pottedplant 0.1179 428 258 465 312
pottedplant 0.1152 407 284 423 310
pottedplant 0.1045 415 213 462 310
pottedplant 0.0983 449 262 484 308
pottedplant 0.0963 65 240 78 288
pottedplant 0.0927 426 229 482 312
pottedplant 0.0907 408 263 423 307
pottedplant 0.0868 223 234 247 307
pottedplant 0.0775 299 200 344 300
pottedplant 0.0737 411 242 435 310
pottedplant 0.0516 2 182 47 324
pottedplant 0.0441 7 260 27 286
pottedplant 0.0391 304 171 370 300
pottedplant 0.0389 4 243 30 292
pottedplant 0.0372 274 215 338 308
sofa 0.0405 314 257 359 307
tvmonitor 0.0327 314 252 360 306
