bicycle 0.0478 286 118 303 135
bicycle 0.0270 256 104 270 132
bicycle 0.0265 350 217 466 371
bottle 0.2415 220 68 237 97
bottle 0.1497 285 114 303 134
bottle 0.1126 225 111 237 131
bottle 0.1016 256 104 270 132
bottle 0.0502 469 118 487 141
bottle 0.0461 121 77 140 106
bottle 0.0333 445 115 464 138
bottle 0.0325 319 114 332 133
bottle 0.0319 377 90 392 111
bottle 0.0283 348 122 367 144
bottle 0.0275 399 276 486 370
bottle 0.0270 351 228 487 372
bottle 0.0267 458 231 497 363
car 0.0256 285 114 303 134
cat 0.0313 222 68 240 97
chair 0.3352 358 224 418 369
chair 0.3286 352 222 471 372
chair 0.2147 452 284 496 374
chair 0.0950 378 281 484 371
chair 0.0773 363 222 428 272
chair 0.0613 444 220 497 321
chair 0.0540 412 224 489 352
chair 0.0361 286 118 303 135
chair 0.0278 480 149 499 363
chair 0.0276 432 165 493 294
diningtable 0.3965 354 233 485 372
diningtable 0.1085 438 264 495 371
diningtable 0.0273 360 218 424 335
dog 0.0274 285 114 303 134
motorbike 0.0367 285 114 303 134
person 0.0831 444 220 497 321
person 0.0792 285 114 303 134
person 0.0621 121 77 140 106
person 0.0619 256 104 270 132
person 0.0498 474 120 489 145
person 0.0455 491 154 495 328
person 0.0413 222 68 240 97
person 0.0381 490 232 497 356
person 0.0376 492 150 494 285
person 0.0328 353 218 485 370
person 0.0301 225 111 237 131
person 0.0283 443 157 496 290
person 0.0267 246 28 303 73
person 0.0266 414 276 487 370
pottedplant 0.0663 223 115 233 132
pottedplant 0.0652 285 114 303 134
pottedplant 0.0498 222 68 240 97
pottedplant 0.0473 256 104 270 132
pottedplant 0.0368 475 115 489 139
sofa 0.0421 452 230 496 358
sofa 0.0409 352 219 479 369
sofa 0.0384 443 205 497 312
tvmonitor 0.0294 0 127 496 373
tvmonitor 0.0283 469 121 487 144
tvmonitor 0.0265 246 29 296 72
