aeroplane 0.0413 482 175 496 208
aeroplane 0.0337 6 51 59 86
boat 0.0346 482 175 496 208
boat 0.0296 475 18 496 101
boat 0.0280 6 56 59 86
boat 0.0264 100 166 129 199
bus 0.8973 121 87 467 306
bus 0.1548 478 175 494 207
bus 0.1190 71 157 102 202
bus 0.1006 99 162 129 198
bus 0.0962 456 175 477 207
bus 0.0575 68 123 106 207
bus 0.0524 468 120 495 216
bus 0.0440 125 148 166 188
bus 0.0360 122 164 154 195
bus 0.0346 60 93 137 213
bus 0.0342 415 183 439 200
bus 0.0339 141 153 182 183
bus 0.0332 411 184 428 199
bus 0.0324 409 160 461 211
bus 0.0309 412 173 442 199
bus 0.0300 107 145 154 191
bus 0.0295 135 165 172 194
bus 0.0281 403 184 419 199
bus 0.0272 150 159 188 189
bus 0.0268 122 134 185 179
bus 0.0259 30 151 89 208
car 0.2418 478 175 494 207
car 0.1940 69 160 98 205
car 0.1753 97 166 124 198
car 0.0406 8 60 64 88
car 0.0327 481 17 497 96
car 0.0263 132 165 168 194
car 0.0256 130 150 170 186
car 0.0254 406 184 424 198
car 0.0239 420 172 473 211
chair 0.0315 483 178 495 210
chair 0.0230 102 170 127 200
motorbike 0.0320 483 178 495 210
motorbike 0.0260 102 170 127 200
person 0.0936 483 178 495 210
person 0.0756 362 184 375 204
person 0.0722 396 183 411 200
person 0.0680 463 183 477 210
person 0.0621 381 180 394 197
person 0.0567 171 168 198 192
person 0.0564 180 171 205 194
person 0.0553 106 171 130 200
person 0.0378 75 170 99 206
person 0.0375 121 87 467 306
person 0.0372 492 155 494 204
person 0.0275 70 146 104 202
person 0.0273 130 150 170 186
person 0.0267 72 184 86 216
person 0.0243 132 165 168 194
pottedplant 0.0227 482 175 496 208
train 0.0516 482 175 496 208
train 0.0429 71 157 102 202
train 0.0363 92 165 122 199
train 0.0296 460 176 480 207
train 0.0289 468 110 496 219
train 0.0264 473 151 491 202
train 0.0264 58 98 116 214
tvmonitor 0.0301 479 178 493 210
