aeroplane 0.0627 159 27 336 80
aeroplane 0.0407 1 74 16 162
aeroplane 0.0362 1 262 33 361
aeroplane 0.0301 0 53 17 235
bicycle 0.0268 133 277 151 328
bird 0.0461 1 79 10 145
boat 0.0441 2 52 16 319
boat 0.0355 2 55 9 269
boat 0.0278 168 28 334 80
boat 0.0262 20 14 475 357
boat 0.0261 3 263 37 360
bottle 0.0322 134 270 150 312
bus 0.0468 76 244 98 256
bus 0.0461 79 250 127 303
bus 0.0436 120 250 148 291
bus 0.0404 95 252 142 300
bus 0.0379 0 255 33 356
bus 0.0324 14 244 36 268
bus 0.0318 17 238 40 262
bus 0.0315 70 251 105 313
bus 0.0295 4 249 22 275
bus 0.0288 121 247 147 265
bus 0.0283 134 232 267 291
bus 0.0276 11 243 93 327
bus 0.0268 28 241 60 259
car 0.8025 113 264 398 370
car 0.4706 17 244 94 326
car 0.4455 136 232 273 291
car 0.3931 1 259 33 358
car 0.3153 79 250 127 303
car 0.1653 121 253 147 294
car 0.1199 77 246 98 259
car 0.0668 2 250 16 284
car 0.0660 5 251 29 284
car 0.0646 12 249 37 273
car 0.0560 38 247 73 264
car 0.0487 125 268 323 337
chair 0.0290 2 259 38 358
horse 0.0312 3 263 37 360
motorbike 0.0921 3 263 37 360
motorbike 0.0650 130 266 146 309
motorbike 0.0487 133 277 151 328
motorbike 0.0415 103 264 134 306
motorbike 0.0366 82 255 124 309
person 0.1217 134 271 150 316
person 0.1212 129 263 147 306
person 0.0692 3 263 37 360
person 0.0449 0 251 12 349
person 0.0406 0 294 18 363
person 0.0401 1 253 10 300
person 0.0387 70 251 105 313
person 0.0382 77 248 98 264
person 0.0377 0 247 27 330
person 0.0366 0 240 4 295
person 0.0359 82 255 124 309
person 0.0352 2 77 9 154
person 0.0350 12 249 37 273
person 0.0318 173 273 260 315
person 0.0311 78 270 96 317
person 0.0290 1 225 2 287
person 0.0279 408 273 430 297
person 0.0272 2 57 9 220
pottedplant 0.0322 1 76 10 136
pottedplant 0.0322 412 269 434 295
pottedplant 0.0287 130 266 146 309
pottedplant 0.0262 1 259 33 358
sheep 0.0272 3 263 37 360
train 0.0289 85 250 136 302
