aeroplane 0.1389 7 226 36 276
aeroplane 0.0443 0 247 12 279
aeroplane 0.0361 1 259 11 282
aeroplane 0.0335 97 260 161 282
aeroplane 0.0276 91 224 126 277
bicycle 0.0717 91 224 126 277
bicycle 0.0567 69 260 90 282
bicycle 0.0530 94 246 159 281
bicycle 0.0412 144 258 162 275
bicycle 0.0365 124 258 164 276
bicycle 0.0345 11 231 37 278
bicycle 0.0298 180 211 236 299
bicycle 0.0268 0 232 12 278
bird 0.1305 67 260 87 281
bird 0.0516 10 226 37 276
bird 0.0407 0 246 8 279
boat 0.2527 7 226 36 276
boat 0.1116 0 246 8 279
boat 0.0987 91 224 126 277
boat 0.0881 69 260 90 282
boat 0.0569 88 253 141 281
boat 0.0410 1 214 6 265
boat 0.0398 68 263 114 279
boat 0.0277 2 195 5 253
bottle 0.0648 67 260 87 281
bottle 0.0273 89 225 123 277
bottle 0.0262 0 233 8 277
bus 0.0313 7 226 36 276
bus 0.0262 0 246 8 279
car 0.0659 0 246 8 279
car 0.0607 7 226 36 276
car 0.0471 96 259 157 282
car 0.0278 91 224 126 277
car 0.0269 69 260 90 282
cat 0.0480 67 260 87 281
chair 0.0826 93 224 130 278
chair 0.0536 11 231 37 278
chair 0.0406 67 260 87 281
chair 0.0371 96 259 157 282
chair 0.0335 0 246 8 279
cow 0.0338 67 260 87 281
cow 0.0290 0 246 8 279
diningtable 0.0357 89 225 123 277
diningtable 0.0283 86 246 132 280
diningtable 0.0265 87 259 142 282
dog 0.0670 69 260 90 282
horse 0.6452 180 211 236 299
horse 0.0369 69 260 90 282
motorbike 0.0371 147 258 164 276
motorbike 0.0284 123 262 165 280
motorbike 0.0275 97 260 161 282
person 0.5565 191 181 225 260
person 0.0880 69 260 90 282
person 0.0577 183 210 192 246
person 0.0518 147 258 164 276
person 0.0497 0 233 8 277
person 0.0469 10 226 37 276
person 0.0407 91 224 126 277
person 0.0394 0 258 7 283
person 0.0263 1 194 2 269
pottedplant 0.0799 67 260 87 281
pottedplant 0.0514 10 226 37 276
pottedplant 0.0417 0 233 8 277
pottedplant 0.0410 89 225 123 277
pottedplant 0.0384 0 258 7 283
pottedplant 0.0322 96 259 157 282
pottedplant 0.0277 1 214 6 265
sheep 0.0591 69 260 90 282
sheep 0.0581 0 253 7 281
sofa 0.0267 10 226 37 276
train 0.0308 7 226 36 276
train 0.0270 91 224 126 277
tvmonitor 0.0280 7 226 36 276
