bottle 0.0861 477 88 494 137
bottle 0.0631 1 67 32 153
bottle 0.0540 3 50 46 211
bottle 0.0529 11 62 54 158
chair 0.0780 0 178 496 328
chair 0.0647 113 138 319 321
person 0.5430 145 139 279 284
person 0.2156 200 172 498 329
person 0.2037 27 42 69 95
person 0.1857 5 20 45 96
person 0.1444 17 12 48 62
person 0.1298 31 140 527 329
person 0.1242 14 86 239 326
person 0.1128 288 79 308 120
person 0.0791 1 54 72 327
person 0.0656 26 54 86 145
person 0.0653 1 7 17 67
sofa 0.2273 0 162 496 328
sofa 0.0860 113 138 319 321
tvmonitor 0.0961 448 102 491 144
