bicycle 0.0228 0 42 19 206
boat 0.0242 -3 161 500 445
bottle 0.0544 0 42 19 206
bottle 0.0276 0 46 12 126
bus 0.0205 11 62 492 297
car 0.8717 27 64 491 295
car 0.0268 0 41 12 119
car 0.0260 -1 22 6 97
car 0.0258 0 42 19 206
car 0.0213 -1 205 497 447
cat 0.0233 0 41 12 119
chair 0.0412 0 42 19 206
chair 0.0249 0 62 11 233
diningtable 0.0227 0 43 19 199
dog 0.0206 0 41 12 119
motorbike 0.0213 0 42 19 206
person 0.0508 0 43 19 211
person 0.0329 0 41 12 119
person 0.0281 0 42 5 159
person 0.0275 -1 26 6 110
person 0.0222 331 96 359 128
person 0.0210 312 95 347 129
pottedplant 0.0450 0 43 19 199
pottedplant 0.0249 0 46 13 161
pottedplant 0.0218 0 26 12 93
pottedplant 0.0214 1 62 10 239
sheep 0.0264 0 41 12 119
sheep 0.0209 -1 205 497 447
tvmonitor 0.0379 0 43 19 199
tvmonitor 0.0266 0 46 11 143
