bottle 0.0902 468 338 495 372
bottle 0.0397 437 351 479 371
cat 0.7297 169 156 309 350
cat 0.0397 0 0 495 372
cat 0.0377 468 338 495 372
cat 0.0307 24 154 322 363
chair 0.1322 420 305 488 370
chair 0.0717 463 339 494 372
chair 0.0713 312 340 488 370
chair 0.0620 262 308 499 373
chair 0.0542 424 340 484 370
chair 0.0541 257 350 480 373
chair 0.0500 57 344 235 372
chair 0.0479 363 352 483 371
chair 0.0460 0 0 495 372
chair 0.0444 417 352 476 370
chair 0.0438 170 157 309 353
chair 0.0357 194 336 496 375
chair 0.0294 63 355 299 373
diningtable 0.0494 0 0 495 372
diningtable 0.0489 468 338 495 372
diningtable 0.0404 436 317 495 370
diningtable 0.0306 437 351 479 371
diningtable 0.0296 23 334 472 370
diningtable 0.0295 55 344 229 372
diningtable 0.0278 316 351 491 371
person 0.0522 431 303 493 367
person 0.0461 468 338 495 372
person 0.0439 460 314 495 368
person 0.0350 493 314 493 368
person 0.0336 493 308 493 362
person 0.0303 490 337 495 368
person 0.0297 492 325 495 369
person 0.0290 434 333 490 371
person 0.0284 0 0 495 372
pottedplant 0.0417 468 338 495 372
pottedplant 0.0324 0 0 495 372
pottedplant 0.0286 460 314 495 368
sofa 0.1026 431 303 493 367
sofa 0.0413 0 0 495 372
sofa 0.0372 223 295 467 369
tvmonitor 0.0449 0 0 495 372
tvmonitor 0.0387 463 339 494 372
tvmonitor 0.0327 170 157 309 353
tvmonitor 0.0320 52 339 225 371
tvmonitor 0.0314 443 312 496 369
