bottle 0.0378 332 0 498 330
bottle 0.0284 -12 0 429 329
cat 0.0344 347 0 499 329
chair 0.0923 332 0 498 330
chair 0.0771 0 1 97 110
chair 0.0414 0 0 495 329
cow 0.2882 201 168 466 328
diningtable 0.0447 0 0 495 329
diningtable 0.0411 332 0 498 330
dog 0.0705 195 165 424 325
dog 0.0457 199 165 366 273
horse 0.2947 207 170 475 330
person 0.0575 255 0 497 329
person 0.0295 0 0 495 329
person 0.0269 479 1 500 328
pottedplant 0.0893 332 0 498 330
sheep 0.0496 195 165 424 325
sofa 0.0334 0 0 495 329
sofa 0.0293 317 0 498 329
tvmonitor 0.0429 317 0 498 329
