bicycle 0.0831 304 105 495 249
bicycle 0.0618 25 5 134 43
car 0.1107 282 17 323 72
car 0.0647 221 2 344 82
car 0.0546 44 0 138 32
car 0.0468 324 5 358 38
chair 0.1762 356 1 490 164
chair 0.0771 0 47 51 213
chair 0.0661 229 86 290 197
chair 0.0572 244 146 492 371
chair 0.0513 279 239 489 372
chair 0.0489 31 2 526 369
motorbike 0.0801 40 4 134 39
motorbike 0.0728 3 3 117 46
motorbike 0.0491 31 122 526 372
person 0.5673 6 17 309 371
person 0.1214 0 1 65 71
person 0.0938 201 -1 246 92
person 0.0774 41 1 133 36
person 0.0680 30 146 528 371
person 0.0626 251 102 486 368
person 0.0563 349 1 395 89
person 0.0496 2 -1 63 144
pottedplant 0.0909 264 96 488 351
sofa 0.0485 6 17 286 371
tvmonitor 0.0682 477 95 494 141
