bicycle 0.0412 0 312 495 375
boat 0.0299 0 253 495 375
bottle 0.6188 23 153 50 252
bottle 0.4464 4 153 22 252
bottle 0.4236 318 49 332 88
bottle 0.3844 350 49 364 87
bottle 0.2296 336 50 347 86
bottle 0.1781 93 156 105 180
bottle 0.1720 269 3 312 68
bottle 0.1260 30 152 42 201
bottle 0.1206 380 49 396 87
bottle 0.0740 335 142 356 199
bottle 0.0514 282 41 306 89
bottle 0.0393 -1 114 19 193
bottle 0.0364 489 59 498 312
bottle 0.0345 68 152 83 183
bottle 0.0342 381 3 496 368
bottle 0.0327 350 145 370 196
bottle 0.0309 357 124 396 229
bus 0.0319 -1 114 19 193
chair 0.0386 2 191 493 379
chair 0.0352 2 272 48 374
chair 0.0311 379 166 490 368
chair 0.0300 -1 115 19 197
diningtable 0.0377 32 352 463 377
diningtable 0.0303 3 205 492 377
dog 0.0386 381 3 496 368
person 0.7091 125 29 339 371
person 0.5973 373 17 497 372
person 0.1749 338 139 359 196
person 0.0747 481 30 498 341
person 0.0680 456 10 507 362
person 0.0625 353 109 407 245
person 0.0500 4 153 22 252
person 0.0496 259 30 501 388
person 0.0475 492 114 494 298
person 0.0423 491 124 495 312
person 0.0387 320 76 417 254
person 0.0371 0 122 18 208
person 0.0371 340 312 428 370
person 0.0352 27 152 39 201
person 0.0346 318 49 332 88
person 0.0332 23 153 50 252
person 0.0325 3 142 15 223
person 0.0318 490 55 497 286
person 0.0314 268 2 312 64
pottedplant 0.0316 269 3 312 68
sofa 0.0380 2 185 493 380
tvmonitor 0.1457 0 1 112 71
tvmonitor 0.0521 -1 114 19 193
tvmonitor 0.0490 3 257 133 372
tvmonitor 0.0356 -10 0 193 78
tvmonitor 0.0308 1 2 24 29
