bicycle 0.7819 0 220 113 320
bicycle 0.6015 135 257 375 372
bicycle 0.3078 384 203 493 298
bicycle 0.0657 3 222 30 296
bicycle 0.0422 114 242 256 369
bicycle 0.0333 161 283 255 351
bicycle 0.0331 195 332 299 361
bicycle 0.0280 2 210 15 243
boat 0.0383 469 114 495 198
boat 0.0306 -1 216 113 319
bottle 0.0952 -1 216 113 319
bottle 0.0385 136 263 375 371
bottle 0.0265 342 156 363 197
bottle 0.0261 384 203 493 298
car 0.0349 67 135 428 354
car 0.0288 151 135 281 330
car 0.0246 237 144 320 320
car 0.0238 0 206 3 252
car 0.0237 197 148 423 305
car 0.0236 490 131 497 269
chair 0.0271 0 214 26 280
chair 0.0261 -1 218 13 287
horse 0.0254 181 145 251 373
horse 0.0242 240 143 310 369
motorbike 0.3728 385 206 493 300
motorbike 0.0728 -1 216 113 319
motorbike 0.0271 6 217 35 271
motorbike 0.0248 134 251 377 372
person 0.7487 112 138 188 374
person 0.6039 181 145 251 373
person 0.4828 240 146 309 371
person 0.4393 294 150 357 367
person 0.0485 338 157 360 202
person 0.0367 1 214 10 245
person 0.0331 339 154 367 235
person 0.0325 351 160 370 264
person 0.0287 490 127 496 291
person 0.0274 -1 201 5 287
person 0.0266 2 164 9 236
person 0.0265 6 216 35 266
person 0.0244 1 164 2 254
person 0.0242 49 129 446 342
pottedplant 0.0411 3 215 22 244
pottedplant 0.0346 0 220 113 320
pottedplant 0.0328 389 207 495 299
train 0.0389 93 114 410 216
train 0.0299 67 135 428 354
train 0.0282 -1 216 113 319
tvmonitor 0.0244 475 125 496 193
