aeroplane 0.0219 -6 159 150 290
bicycle 0.0277 6 149 176 301
bird 0.0317 4 161 68 236
boat 0.0279 465 118 498 240
boat 0.0238 -5 146 157 277
bus 0.0914 459 117 496 235
car 0.0457 459 124 496 248
car 0.0294 -1 147 168 290
car 0.0261 459 176 496 287
car 0.0223 490 129 496 256
chair 0.1821 83 143 154 183
chair 0.0840 69 138 160 227
chair 0.0536 24 137 174 267
cow 0.0697 2 164 63 240
diningtable 0.0283 83 143 154 183
dog 0.0421 4 161 68 236
dog 0.0211 0 166 18 244
horse 0.7322 73 124 429 371
horse 0.0752 2 164 63 240
horse 0.0248 -2 163 107 261
horse 0.0221 -5 151 157 286
motorbike 0.0241 0 155 168 301
person 0.8270 226 38 315 256
person 0.0447 2 161 63 231
person 0.0435 0 165 18 226
person 0.0263 459 121 496 244
person 0.0241 388 117 435 196
person 0.0229 490 133 496 259
person 0.0211 2 117 48 235
sheep 0.0318 4 161 68 236
sheep 0.0210 0 166 18 244
sofa 0.0346 83 143 154 183
train 0.0875 459 124 496 248
train 0.0442 411 123 498 249
train 0.0310 344 126 487 258
tvmonitor 0.0622 459 115 496 218
