cow 0.6081 96 92 328 251
cow 0.2197 79 119 118 201
cow 0.1806 90 103 209 235
cow 0.1569 3 104 132 212
cow 0.1561 0 97 42 219
cow 0.1542 203 107 330 259
cow 0.0286 -2 35 107 221
cow 0.0265 237 119 413 256
dog 0.0493 0 99 35 216
dog 0.0425 79 119 118 201
dog 0.0268 249 117 355 258
horse 0.1181 0 98 49 218
horse 0.1128 -1 102 121 214
horse 0.1114 79 119 118 201
horse 0.0522 96 94 329 253
horse 0.0446 203 107 330 259
horse 0.0439 85 105 199 233
person 0.0479 79 119 118 201
person 0.0372 1 105 48 220
person 0.0333 79 123 104 161
person 0.0284 450 172 482 189
person 0.0266 1 60 33 211
person 0.0261 255 117 357 258
person 0.0260 433 171 468 190
person 0.0250 0 108 4 221
sheep 0.0465 1 102 41 218
sheep 0.0405 96 92 328 251
sheep 0.0374 79 119 118 201
sheep 0.0328 360 176 385 190
sheep 0.0317 237 117 352 258
train 0.0310 99 93 332 250
train 0.0282 79 119 118 201
train 0.0264 3 104 132 212
