aeroplane 0.0530 26 259 89 282
aeroplane 0.0528 0 222 12 257
aeroplane 0.0351 215 241 232 254
aeroplane 0.0333 28 255 61 279
bird 0.0652 0 222 12 257
bird 0.0627 31 252 49 274
bird 0.0610 28 255 61 279
bird 0.0551 26 258 84 282
bird 0.0547 139 261 153 280
bird 0.0380 269 244 282 259
bird 0.0357 1 225 11 309
bird 0.0324 215 241 232 254
bird 0.0319 266 250 280 268
bird 0.0233 1 236 6 329
boat 0.2779 26 259 89 282
boat 0.1927 28 255 61 279
boat 0.0601 0 217 12 254
boat 0.0338 215 241 232 254
boat 0.0265 269 244 282 259
boat 0.0263 32 214 63 258
boat 0.0222 30 164 64 292
boat 0.0222 139 261 153 280
boat 0.0206 24 127 71 313
bottle 0.0203 29 256 55 277
bus 0.0304 28 259 92 283
car 0.0841 215 241 232 254
car 0.0332 26 258 84 282
car 0.0227 28 260 61 280
car 0.0225 139 261 153 280
car 0.0217 269 239 282 256
cat 0.0335 139 261 153 280
cow 0.6066 135 293 292 427
cow 0.2375 139 261 153 280
cow 0.1773 211 240 227 255
cow 0.0594 264 255 277 271
cow 0.0527 267 243 280 260
cow 0.0214 29 251 60 276
cow 0.0205 28 259 92 283
dog 0.0504 139 261 153 280
dog 0.0257 139 295 293 426
dog 0.0234 211 240 227 255
horse 0.0589 139 261 153 280
horse 0.0549 212 240 230 255
horse 0.0547 139 295 293 426
horse 0.0263 266 254 280 272
horse 0.0251 269 244 282 259
person 0.0297 30 251 54 275
pottedplant 0.0372 0 222 12 257
sheep 0.3820 139 261 153 280
sheep 0.1629 215 241 232 254
sheep 0.1036 264 255 277 271
sheep 0.0822 269 244 282 259
sheep 0.0463 26 259 89 282
sheep 0.0453 29 256 55 277
sheep 0.0411 139 295 293 426
sheep 0.0283 227 242 241 253
sheep 0.0270 235 234 254 261
sheep 0.0218 0 222 12 257
sheep 0.0215 233 242 246 253
sheep 0.0204 244 219 266 276
sheep 0.0203 255 229 266 266
train 0.0440 139 295 293 426
train 0.0307 215 241 232 254
train 0.0258 28 259 92 283
