aeroplane 0.0279 5 114 491 210
bicycle 0.5045 90 224 139 329
bicycle 0.4762 14 227 74 313
bicycle 0.0419 38 190 136 321
bird 0.0302 154 139 473 208
bird 0.0271 5 114 491 210
bird 0.0266 -1 8 497 245
boat 0.0346 5 114 491 210
boat 0.0259 0 20 496 251
boat 0.0246 -1 122 497 366
bottle 0.0861 22 226 74 314
bottle 0.0599 7 231 43 309
bottle 0.0550 90 224 139 329
bottle 0.0352 90 165 131 211
bottle 0.0260 105 245 147 330
bottle 0.0242 93 169 136 261
car 0.0279 0 156 27 226
car 0.0250 18 158 141 212
cat 0.0264 0 -7 496 203
chair 0.0450 93 233 143 330
chair 0.0422 7 231 43 309
chair 0.0397 9 227 72 314
chair 0.0262 4 214 31 298
cow 0.0279 28 160 139 199
dog 0.0274 22 231 74 315
dog 0.0263 7 227 43 308
horse 0.0245 7 227 43 308
horse 0.0241 8 223 73 312
motorbike 0.0662 22 226 74 314
motorbike 0.0621 90 224 139 329
person 0.6029 89 163 140 301
person 0.4757 24 167 80 292
person 0.2857 4 170 38 294
person 0.0507 0 155 35 233
person 0.0431 92 174 129 238
person 0.0402 9 159 56 194
person 0.0356 7 225 35 304
person 0.0305 82 164 132 213
person 0.0294 31 160 128 252
person 0.0290 30 160 144 204
person 0.0285 0 143 3 228
person 0.0260 -4 193 8 319
pottedplant 0.0245 89 228 140 329
pottedplant 0.0243 14 227 74 313
train 0.0264 14 227 74 313
