aeroplane 0.0406 443 83 481 177
aeroplane 0.0294 407 304 470 363
aeroplane 0.0288 450 148 489 190
aeroplane 0.0253 442 157 482 196
bicycle 0.0381 445 122 486 185
bicycle 0.0296 401 392 453 415
bird 0.0302 443 88 481 180
bird 0.0292 350 98 371 138
bird 0.0274 355 280 404 426
boat 0.0476 407 304 470 363
boat 0.0429 445 122 486 185
boat 0.0419 305 426 494 490
boat 0.0383 390 393 457 421
boat 0.0327 443 81 480 172
boat 0.0248 419 386 473 413
boat 0.0243 211 416 448 485
bus 0.0574 407 307 470 367
car 0.0664 407 307 470 367
car 0.0333 490 307 496 367
car 0.0295 492 328 494 393
car 0.0279 476 306 496 368
chair 0.0531 305 375 346 440
chair 0.0526 318 376 364 439
chair 0.0344 338 322 376 431
chair 0.0326 353 320 392 431
cow 0.0552 407 307 470 367
horse 0.0338 410 306 474 368
person 0.6100 355 280 404 426
person 0.0450 446 99 486 184
person 0.0433 407 307 470 367
person 0.0409 483 306 496 368
person 0.0371 350 98 371 138
person 0.0344 483 239 496 381
person 0.0339 187 384 206 446
person 0.0276 335 295 370 380
person 0.0256 408 392 462 415
person 0.0247 439 386 478 413
person 0.0241 451 390 481 417
pottedplant 0.0353 444 100 480 184
pottedplant 0.0314 443 152 481 194
pottedplant 0.0248 305 375 346 440
train 0.5816 20 87 389 455
train 0.1699 407 304 470 363
train 0.0251 123 19 504 422
