aeroplane 0.0524 0 0 317 475
bicycle 0.0792 0 0 317 475
bird 0.0447 0 0 317 475
bottle 0.0613 0 0 317 475
bus 0.0428 0 0 317 475
car 0.1088 0 0 317 475
cat 0.0660 0 0 317 475
chair 0.2024 0 0 317 475
diningtable 0.1513 0 0 317 475
dog 0.0770 0 0 317 475
dog 0.0417 243 320 318 477
horse 0.0470 0 0 317 475
motorbike 0.1060 0 0 317 475
person 0.4362 0 0 317 475
person 0.4010 2 236 144 479
person 0.0664 299 0 317 476
person 0.0663 308 2 318 474
person 0.0515 280 2 316 473
person 0.0505 299 77 316 226
person 0.0470 1 301 66 474
person 0.0406 1 232 295 475
pottedplant 0.0924 0 0 317 475
sofa 0.1886 0 0 317 475
tvmonitor 0.0640 0 0 317 475
