aeroplane 0.7280 106 225 460 340
aeroplane 0.1019 400 324 462 340
aeroplane 0.0856 392 327 438 338
aeroplane 0.0670 388 279 497 350
aeroplane 0.0521 0 248 245 345
aeroplane 0.0507 460 263 496 307
aeroplane 0.0440 0 5 496 366
aeroplane 0.0364 442 271 498 335
aeroplane 0.0317 456 222 492 272
aeroplane 0.0283 323 219 499 351
aeroplane 0.0247 282 278 478 351
aeroplane 0.0245 344 321 440 338
boat 0.0883 0 5 496 366
boat 0.0574 404 327 465 342
boat 0.0544 396 329 442 340
boat 0.0396 -2 256 224 343
boat 0.0361 420 311 496 352
boat 0.0351 110 224 463 340
boat 0.0333 430 279 502 350
boat 0.0318 0 320 12 345
boat 0.0305 363 333 499 366
boat 0.0274 466 275 497 319
boat 0.0270 450 272 498 333
boat 0.0263 461 260 495 304
bus 0.0380 398 325 455 339
bus 0.0378 396 329 442 340
bus 0.0340 407 321 478 343
bus 0.0331 390 327 433 338
bus 0.0248 0 320 12 345
bus 0.0233 0 5 496 366
car 0.0961 -1 322 19 347
car 0.0830 396 329 442 340
diningtable 0.0236 0 5 496 366
person 0.0443 398 329 448 340
person 0.0333 404 322 473 341
pottedplant 0.0249 0 5 496 366
pottedplant 0.0245 391 329 432 340
train 0.0318 0 5 496 366
train 0.0260 400 328 454 341
train 0.0250 405 323 480 346
tvmonitor 0.0483 0 5 496 366
