aeroplane 0.0345 2 0 493 330
bicycle 0.0528 14 180 231 331
bicycle 0.0385 2 0 493 330
bicycle 0.0290 145 182 233 329
bicycle 0.0236 182 0 415 330
bird 0.0488 209 0 404 331
bird 0.0265 1 0 72 70
bird 0.0253 2 0 493 330
boat 0.0656 2 0 493 330
boat 0.0346 235 0 393 294
bottle 0.0525 119 184 150 212
bottle 0.0307 231 4 397 227
car 0.0531 17 180 236 332
car 0.0245 121 184 155 213
cat 0.0270 218 0 409 330
chair 0.0265 218 0 409 330
chair 0.0254 2 0 493 330
diningtable 0.0272 2 0 493 330
dog 0.0233 121 184 155 213
motorbike 0.7722 17 180 236 332
motorbike 0.1028 145 182 233 329
motorbike 0.0270 2 0 493 330
motorbike 0.0234 121 184 155 213
person 0.1361 105 177 171 277
person 0.1192 67 172 194 297
person 0.0805 121 184 155 213
person 0.0537 17 176 236 330
person 0.0393 22 185 105 233
person 0.0305 109 168 221 323
pottedplant 0.0313 231 4 397 227
pottedplant 0.0242 108 0 457 330
pottedplant 0.0229 119 184 150 212
sheep 0.0401 218 0 409 330
train 0.0348 2 0 493 330
