bottle 0.0866 18 346 62 370
bottle 0.0516 -2 332 20 372
bottle 0.0472 0 249 57 368
bottle 0.0460 47 149 253 345
cat 0.1765 34 302 219 367
chair 0.0975 196 118 424 370
chair 0.0796 412 311 489 370
chair 0.0685 34 302 219 367
chair 0.0480 399 238 494 372
chair 0.0461 459 292 496 372
chair 0.0434 -4 132 124 281
diningtable 0.1829 21 181 286 365
diningtable 0.1002 29 129 442 371
diningtable 0.0534 24 272 236 369
dog 0.0527 36 297 232 368
person 0.7136 217 122 442 372
person 0.6788 396 135 497 371
person 0.5433 233 61 324 157
person 0.5009 117 80 199 227
person 0.4730 46 79 152 238
person 0.3314 170 74 238 185
person 0.2772 380 80 458 273
person 0.2697 338 69 399 173
person 0.2289 38 302 229 368
person 0.2264 0 136 111 357
person 0.0954 206 59 265 159
person 0.0839 361 114 462 351
person 0.0835 0 128 10 190
person 0.0616 341 84 412 280
sofa 0.0718 212 109 439 368
sofa 0.0587 32 297 221 367
sofa 0.0431 55 139 503 372
