aeroplane 0.0341 -1 4 497 144
boat 0.0522 0 3 496 245
boat 0.0418 482 163 496 213
bottle 0.0806 121 282 147 323
car 0.0568 0 2 497 129
car 0.0346 462 0 493 68
car 0.0332 469 0 494 20
car 0.0307 469 0 494 43
cat 0.7058 119 165 398 247
chair 0.0711 -1 3 497 122
chair 0.0437 0 4 497 250
chair 0.0359 -1 141 129 218
chair 0.0339 114 166 397 251
chair 0.0296 305 2 494 264
diningtable 0.0548 0 4 497 250
diningtable 0.0484 -1 3 497 122
diningtable 0.0476 2 229 423 370
dog 0.0447 112 164 399 247
person 0.0415 -1 2 497 117
person 0.0379 490 165 496 212
person 0.0351 477 164 495 213
person 0.0296 119 165 398 247
pottedplant 0.0306 0 2 497 129
sheep 0.0332 477 164 495 213
sofa 0.1157 0 2 497 129
sofa 0.0435 112 164 399 247
sofa 0.0416 0 11 496 254
tvmonitor 0.0459 368 -2 494 93
tvmonitor 0.0401 0 2 496 240
tvmonitor 0.0298 462 0 494 77
