bicycle 0.0686 377 211 501 288
bird 0.0449 418 210 498 284
bird 0.0384 0 281 34 318
bird 0.0211 0 93 183 319
boat 0.0235 410 210 499 284
boat 0.0214 0 281 34 318
bottle 0.0256 401 210 500 284
car 0.0212 3 4 31 27
cat 0.0259 -2 281 29 318
cat 0.0201 52 94 372 318
chair 0.0327 47 13 448 358
chair 0.0303 410 210 499 284
cow 0.3725 0 96 324 310
cow 0.0390 -1 275 35 318
dog 0.2011 0 98 324 314
dog 0.0314 0 281 34 318
dog 0.0235 47 13 448 358
dog 0.0206 410 211 499 288
horse 0.0664 0 96 324 310
horse 0.0203 410 210 499 284
motorbike 0.0213 376 208 502 286
person 0.0316 47 13 448 358
person 0.0296 1 1 17 24
person 0.0262 0 108 19 338
person 0.0250 0 97 182 320
person 0.0235 0 123 10 342
person 0.0232 0 113 49 334
person 0.0217 410 210 499 284
person 0.0204 492 207 494 275
pottedplant 0.0374 410 210 499 284
pottedplant 0.0200 458 209 496 279
sheep 0.0938 0 281 34 318
sheep 0.0698 0 94 322 307
sofa 0.0305 47 13 448 358
