bird 0.0378 40 108 64 129
boat 0.0255 35 108 61 128
bottle 0.0249 40 111 64 131
bus 0.0259 489 139 497 215
car 0.1299 200 40 435 190
car 0.0549 476 140 496 213
car 0.0355 144 21 452 257
car 0.0330 326 40 481 225
car 0.0217 490 96 496 210
car 0.0200 451 73 497 216
chair 0.0227 489 140 497 219
motorbike 0.7685 33 45 462 344
motorbike 0.0317 358 84 472 235
motorbike 0.0251 383 122 464 219
motorbike 0.0231 475 134 496 207
motorbike 0.0205 186 35 449 242
person 0.0365 489 135 497 212
person 0.0299 490 75 496 208
person 0.0280 40 111 64 131
person 0.0204 150 39 204 114
person 0.0202 493 29 494 195
pottedplant 0.0287 40 111 64 131
pottedplant 0.0244 0 100 96 230
pottedplant 0.0216 -3 -15 193 181
sheep 0.0254 40 108 64 129
