bicycle 0.0480 23 277 285 375
bottle 0.1018 418 340 483 371
bottle 0.0781 -1 344 28 373
bottle 0.0497 460 276 495 370
bottle 0.0487 -3 0 60 371
bottle 0.0432 444 308 496 373
bottle 0.0402 39 309 213 372
bottle 0.0382 478 264 493 370
bottle 0.0374 460 333 494 372
chair 0.0444 31 99 277 371
chair 0.0390 444 296 496 373
diningtable 0.0930 132 321 550 373
diningtable 0.0664 44 299 490 371
dog 0.0448 444 274 495 372
dog 0.0439 424 344 484 372
dog 0.0387 0 344 34 373
person 0.7961 269 128 452 359
person 0.7704 30 87 277 360
person 0.1272 442 204 497 372
person 0.0758 -3 0 60 371
person 0.0687 430 297 495 373
person 0.0631 492 225 494 363
person 0.0598 0 344 34 373
person 0.0559 493 247 494 365
person 0.0528 491 201 496 363
person 0.0472 483 158 496 377
person 0.0453 494 297 492 373
person 0.0412 477 295 493 374
person 0.0404 424 344 484 372
person 0.0357 492 135 495 359
pottedplant 0.0393 0 56 66 368
sofa 0.0500 31 99 277 371
tvmonitor 0.0423 388 0 498 243
