bird 0.0636 0 0 496 371
bird 0.0460 0 236 34 323
bird 0.0439 0 236 49 357
bottle 0.0366 320 -1 488 373
cat 0.6038 1 0 361 371
cat 0.0425 -3 4 131 367
chair 0.1129 0 0 496 371
cow 0.0421 0 0 496 371
diningtable 0.0432 0 0 496 371
dog 0.1531 0 0 496 371
dog 0.0350 1 257 55 366
dog 0.0322 0 238 34 332
horse 0.0394 0 0 496 371
person 0.0978 0 0 496 371
person 0.0406 0 239 27 319
person 0.0377 0 232 50 344
sheep 0.0533 0 0 496 371
sheep 0.0370 1 257 55 366
sofa 0.0995 0 0 496 371
tvmonitor 0.0309 -2 0 380 371
