bicycle 0.0215 9 4 180 491
bottle 0.8708 113 41 304 493
bottle 0.0563 207 -3 298 54
bottle 0.0361 118 65 294 297
bottle 0.0324 158 25 242 149
bottle 0.0298 186 7 296 89
bottle 0.0289 24 34 347 329
bottle 0.0226 144 1 315 111
car 0.0241 -2 2 57 25
car 0.0233 2 1 22 10
car 0.0222 -1 -1 115 36
car 0.0214 0 1 54 10
chair 0.0439 317 244 370 415
chair 0.0342 297 239 373 490
diningtable 0.0238 110 49 319 501
motorbike 0.0378 109 40 319 495
person 0.0432 361 1 373 494
person 0.0402 340 0 371 495
person 0.0266 313 0 374 495
person 0.0251 318 231 369 412
person 0.0243 -1 11 27 484
person 0.0227 367 79 373 479
pottedplant 0.0324 12 18 136 477
sofa 0.0246 317 244 370 415
tvmonitor 0.0282 303 238 373 483
