aeroplane 0.7064 3 94 492 214
aeroplane 0.1235 413 177 441 189
aeroplane 0.0493 403 129 498 190
aeroplane 0.0465 167 100 195 114
aeroplane 0.0450 73 57 422 163
aeroplane 0.0445 263 79 489 193
aeroplane 0.0440 417 84 500 188
aeroplane 0.0434 390 90 440 104
aeroplane 0.0410 40 194 72 208
aeroplane 0.0406 371 173 428 188
aeroplane 0.0400 476 95 496 140
aeroplane 0.0389 207 97 233 112
aeroplane 0.0377 -2 104 76 163
aeroplane 0.0344 1 171 9 200
aeroplane 0.0333 404 161 490 189
aeroplane 0.0332 445 110 502 183
aeroplane 0.0310 187 97 221 113
aeroplane 0.0309 0 135 18 163
aeroplane 0.0273 0 151 10 189
bicycle 0.0291 231 195 264 212
boat 0.0553 0 94 73 141
boat 0.0450 270 87 483 159
boat 0.0371 173 98 205 112
boat 0.0360 375 89 440 105
boat 0.0326 413 177 441 189
boat 0.0322 3 90 492 214
boat 0.0315 476 93 495 137
boat 0.0308 315 86 437 113
boat 0.0303 200 95 232 109
boat 0.0282 187 97 221 113
bus 0.0606 413 177 441 189
bus 0.0298 0 179 10 203
bus 0.0291 429 169 488 186
bus 0.0267 455 165 492 186
car 0.1999 415 180 439 190
car 0.0515 1 185 10 206
car 0.0467 432 174 484 187
car 0.0448 379 181 413 190
car 0.0435 456 170 492 185
car 0.0432 380 178 427 188
car 0.0397 43 194 76 209
car 0.0342 490 168 496 187
car 0.0325 176 98 209 112
car 0.0290 492 94 494 136
motorbike 0.0719 231 195 264 212
motorbike 0.0463 415 180 439 190
person 0.0578 48 197 72 210
person 0.0511 230 190 264 212
person 0.0443 419 181 441 189
person 0.0324 0 167 4 204
person 0.0291 0 181 4 210
pottedplant 0.0283 411 180 435 190
