aeroplane 0.0817 0 0 331 443
bicycle 0.1012 0 0 331 443
bird 0.0680 0 0 331 443
boat 0.0630 0 0 331 443
bottle 0.0726 0 0 331 443
car 0.1426 0 0 331 443
cat 0.1344 0 0 331 443
chair 0.2402 0 0 331 443
cow 0.0711 1 10 331 299
diningtable 0.2243 0 0 331 443
diningtable 0.0954 0 238 332 441
dog 0.1027 0 0 331 443
horse 0.0862 1 10 331 299
motorbike 0.0939 0 0 331 443
person 0.3307 157 95 310 291
person 0.2740 0 0 331 443
person 0.0955 124 404 218 443
person 0.0888 1 -1 178 256
pottedplant 0.1561 0 0 331 443
sofa 0.2465 0 0 331 443
sofa 0.0707 0 2 170 273
tvmonitor 0.1172 0 0 331 443
