aeroplane 0.0232 0 0 496 330
bird 0.0317 0 0 496 330
bottle 0.0446 0 0 496 330
bottle 0.0273 2 0 235 329
bus 0.0424 0 0 496 330
car 0.0526 0 0 496 330
cat 0.0414 0 0 496 330
cat 0.0349 4 0 249 329
chair 0.1001 0 0 496 330
chair 0.0286 0 0 222 329
diningtable 0.0391 0 0 496 330
dog 0.0663 0 0 496 330
horse 0.0379 0 0 496 330
motorbike 0.0439 0 0 496 330
person 0.6256 0 0 496 330
person 0.0543 465 -1 498 331
person 0.0453 307 -1 500 332
person 0.0281 2 0 235 329
person 0.0254 490 110 496 318
person 0.0249 481 33 498 338
pottedplant 0.0302 0 0 496 330
pottedplant 0.0228 2 0 235 329
sofa 0.1222 0 0 496 330
tvmonitor 0.0412 0 0 496 330
