aeroplane 0.0557 4 47 53 95
aeroplane 0.0289 415 275 486 313
aeroplane 0.0251 432 269 492 301
aeroplane 0.0245 5 137 130 210
bicycle 0.0265 4 47 53 95
bird 0.0402 415 273 470 302
boat 0.1539 7 132 136 203
boat 0.0628 -7 48 174 235
boat 0.0527 416 273 484 308
boat 0.0496 5 50 52 98
boat 0.0424 6 226 74 256
boat 0.0391 426 280 490 325
boat 0.0330 4 51 53 144
boat 0.0319 440 314 484 338
boat 0.0310 13 132 169 251
boat 0.0302 441 296 491 333
boat 0.0267 69 209 105 244
boat 0.0254 415 249 462 269
boat 0.0245 40 139 189 209
bottle 0.0421 399 307 408 328
bottle 0.0397 413 315 426 331
bottle 0.0389 42 364 109 370
bottle 0.0326 425 319 445 333
bottle 0.0274 54 295 97 345
car 0.0253 6 226 74 256
chair 0.0429 68 105 412 365
chair 0.0316 216 136 404 375
chair 0.0265 0 261 11 339
chair 0.0247 415 275 486 313
dog 0.0261 56 290 96 344
person 0.7963 56 121 259 372
person 0.7314 201 109 387 373
person 0.0344 415 270 471 300
pottedplant 0.0405 395 305 404 330
pottedplant 0.0346 422 318 440 334
pottedplant 0.0339 414 269 479 300
pottedplant 0.0335 416 316 430 330
pottedplant 0.0326 410 313 421 328
pottedplant 0.0268 432 315 477 336
pottedplant 0.0251 420 310 473 331
sofa 0.0590 78 111 417 370
sofa 0.0293 216 136 404 375
