bird 0.0299 428 75 495 183
bird 0.0227 492 81 494 178
bird 0.0226 493 71 493 175
cat 0.9051 76 0 496 396
cat 0.0325 422 87 495 190
cat 0.0216 3 306 179 396
chair 0.0836 -2 2 498 394
cow 0.0384 428 83 496 188
cow 0.0277 492 81 494 178
cow 0.0259 493 71 493 175
cow 0.0253 494 65 493 168
cow 0.0226 493 54 493 167
cow 0.0216 428 46 496 300
cow 0.0212 476 78 495 180
diningtable 0.0251 -2 2 498 394
dog 0.0394 -2 2 498 394
dog 0.0314 429 91 495 204
dog 0.0236 3 307 171 395
horse 0.0201 429 91 495 204
person 0.0772 -2 2 498 394
person 0.0302 436 7 496 388
person 0.0221 -1 0 43 397
pottedplant 0.0213 -2 2 498 394
sheep 0.1648 428 83 496 188
sheep 0.0463 468 75 495 177
sheep 0.0419 485 79 495 173
sheep 0.0213 434 53 490 311
sofa 0.0600 -2 2 498 394
tvmonitor 0.0624 -2 2 498 394
