bicycle 0.0466 461 353 494 399
bicycle 0.0289 127 388 166 414
bird 0.1084 290 374 337 400
bird 0.0596 328 383 387 412
bird 0.0359 130 389 169 414
boat 0.0373 334 383 388 412
boat 0.0339 462 358 493 401
bottle 0.0615 130 389 169 414
bottle 0.0452 334 383 388 412
bottle 0.0398 290 374 337 400
bottle 0.0262 248 124 293 314
bottle 0.0239 132 142 175 349
car 0.0446 334 383 388 412
car 0.0344 462 358 493 401
car 0.0304 101 98 394 276
car 0.0289 186 107 309 296
car 0.0253 127 388 166 414
cat 0.2108 290 374 337 400
cat 0.0906 192 339 286 399
cat 0.0748 334 383 388 412
cat 0.0435 297 378 370 404
cat 0.0274 130 389 169 414
chair 0.0848 461 353 494 399
chair 0.0668 291 236 360 341
chair 0.0545 290 374 337 400
chair 0.0473 334 383 388 412
chair 0.0432 284 142 367 384
chair 0.0402 315 258 390 392
chair 0.0325 404 274 451 413
chair 0.0311 5 354 45 435
chair 0.0294 297 378 370 404
chair 0.0273 391 277 432 409
chair 0.0254 298 261 360 389
cow 0.0848 290 374 337 400
cow 0.0460 189 340 283 399
cow 0.0293 334 383 388 412
cow 0.0241 130 389 169 414
diningtable 0.0298 462 358 493 401
dog 0.6292 192 339 286 399
dog 0.2811 288 373 333 400
dog 0.0566 130 389 169 414
dog 0.0516 183 347 241 397
dog 0.0507 328 383 387 412
dog 0.0394 189 332 360 413
horse 0.0617 288 373 333 400
horse 0.0291 192 339 286 399
motorbike 0.0364 127 388 166 414
person 0.7629 184 111 256 313
person 0.6991 96 135 172 378
person 0.4113 281 127 361 327
person 0.3322 247 120 294 312
person 0.1665 152 149 186 312
person 0.0667 290 374 337 400
person 0.0497 189 340 283 399
person 0.0373 291 218 360 345
person 0.0282 94 239 111 331
person 0.0262 328 383 387 412
person 0.0247 130 389 169 414
pottedplant 0.0673 293 120 357 181
pottedplant 0.0622 461 353 494 399
pottedplant 0.0450 337 383 390 413
pottedplant 0.0305 127 388 166 414
sheep 0.1310 288 373 333 400
sheep 0.0969 334 383 388 412
sheep 0.0617 130 389 169 414
sheep 0.0397 192 339 286 399
sheep 0.0312 297 378 370 404
sofa 0.0350 290 374 337 400
sofa 0.0306 291 236 360 341
sofa 0.0302 194 342 291 401
sofa 0.0259 284 142 367 384
sofa 0.0238 462 358 493 401
