bottle 0.0814 275 0 308 50
bottle 0.0586 293 123 309 160
bottle 0.0479 2 297 64 487
cat 0.0503 262 269 410 500
chair 0.1262 0 0 409 495
chair 0.0754 0 301 410 506
diningtable 0.0732 146 445 379 495
diningtable 0.0569 0 301 410 506
diningtable 0.0499 0 416 410 500
dog 0.1278 240 274 407 502
person 0.7436 0 0 298 495
person 0.5434 17 303 308 496
person 0.1282 162 276 401 500
person 0.1063 0 181 410 509
person 0.0668 119 0 399 495
person 0.0537 274 0 309 57
pottedplant 0.0607 293 123 309 160
sofa 0.1528 0 0 409 495
sofa 0.1348 0 301 410 506
