aeroplane 0.0615 194 259 229 287
aeroplane 0.0476 0 4 495 326
aeroplane 0.0315 147 255 183 273
aeroplane 0.0288 418 243 436 257
bicycle 0.5257 285 261 350 292
bird 0.0242 192 259 226 287
boat 0.1238 3 24 492 347
boat 0.0971 194 259 229 287
boat 0.0527 128 115 319 238
boat 0.0383 145 256 178 273
boat 0.0319 176 181 232 226
boat 0.0277 99 149 396 281
boat 0.0243 289 255 345 291
bottle 0.0384 194 259 229 287
bottle 0.0377 288 261 353 292
bottle 0.0277 139 117 309 231
bus 0.0789 194 259 229 287
bus 0.0728 0 7 495 328
bus 0.0481 139 117 309 231
bus 0.0474 145 252 185 271
bus 0.0390 93 75 355 261
bus 0.0339 180 182 222 224
bus 0.0327 418 243 436 257
car 0.1846 147 255 183 273
car 0.1694 418 243 436 257
car 0.1532 194 259 229 287
car 0.0371 0 4 495 326
car 0.0334 139 117 309 231
car 0.0289 1 255 3 286
chair 0.0427 289 255 345 291
chair 0.0282 307 259 350 287
chair 0.0272 145 256 178 273
horse 0.0335 289 255 345 291
motorbike 0.0664 289 255 345 291
motorbike 0.0353 146 259 177 275
motorbike 0.0352 194 259 229 287
motorbike 0.0311 418 243 436 257
person 0.4674 293 233 334 285
person 0.1512 194 259 229 287
person 0.0368 149 258 182 276
person 0.0367 142 256 173 272
person 0.0307 418 243 436 257
person 0.0243 143 258 218 277
pottedplant 0.0515 194 259 229 287
pottedplant 0.0318 146 259 177 275
pottedplant 0.0260 289 255 345 291
train 0.0791 0 7 495 328
train 0.0324 194 259 229 287
train 0.0286 68 74 365 274
train 0.0280 176 181 232 226
train 0.0248 139 117 309 231
tvmonitor 0.0991 -9 -1 169 45
tvmonitor 0.0427 -11 -4 194 83
tvmonitor 0.0372 139 117 309 231
tvmonitor 0.0366 0 4 495 326
tvmonitor 0.0292 194 259 229 287
