aeroplane 0.0369 1 181 17 193
bird 0.0275 1 183 16 195
boat 0.7826 104 46 399 288
boat 0.0462 202 52 230 148
boat 0.0443 2 181 23 193
boat 0.0419 258 45 307 180
boat 0.0362 242 50 323 210
boat 0.0248 208 30 435 245
boat 0.0239 172 76 268 188
boat 0.0236 27 24 273 290
boat 0.0230 109 161 408 282
boat 0.0224 69 72 231 257
boat 0.0222 206 97 233 148
bottle 0.0291 107 45 396 284
car 0.0385 1 183 16 195
cow 0.0297 1 181 17 193
cow 0.0283 1 186 17 198
person 0.0228 396 189 410 210
sheep 0.0492 1 181 17 193
