aeroplane 0.0743 88 171 219 231
aeroplane 0.0508 4 104 491 373
bird 0.0725 125 171 151 218
bird 0.0685 120 173 163 228
bird 0.0519 347 278 429 330
boat 0.1969 4 103 491 368
boat 0.1305 -13 126 384 263
boat 0.1020 100 183 207 231
boat 0.0970 84 177 262 262
boat 0.0599 469 52 495 81
car 0.1297 194 72 254 92
car 0.1204 474 52 497 80
car 0.0540 185 75 232 90
cat 0.0599 347 278 429 330
cat 0.0484 390 265 433 287
chair 0.0936 0 47 66 236
chair 0.0523 347 278 429 330
cow 0.0585 392 264 438 287
cow 0.0551 347 278 429 330
diningtable 0.0561 317 316 490 398
dog 0.0757 392 264 438 287
dog 0.0678 347 278 429 330
horse 0.0474 347 278 429 330
person 0.0989 120 170 164 226
person 0.0579 0 273 57 391
person 0.0474 -1 264 19 363
pottedplant 0.1112 445 330 495 390
pottedplant 0.0871 476 375 495 396
pottedplant 0.0843 -1 208 35 337
pottedplant 0.0838 284 373 351 398
pottedplant 0.0668 413 48 448 73
pottedplant 0.0639 -1 254 270 397
pottedplant 0.0572 399 331 493 396
pottedplant 0.0558 448 380 491 397
pottedplant 0.0536 120 173 163 228
pottedplant 0.0494 169 337 349 396
pottedplant 0.0479 143 259 321 392
sheep 0.0850 343 280 426 328
sheep 0.0681 392 267 438 291
tvmonitor 0.0600 -1 51 59 251
