boat 0.0538 3 242 492 369
bottle 0.1649 3 338 38 372
bottle 0.0813 405 170 426 195
bottle 0.0795 293 158 311 195
bottle 0.0755 2 275 31 342
bottle 0.0559 1 241 463 370
bottle 0.0526 285 130 310 182
bottle 0.0448 383 166 400 193
bottle 0.0410 217 132 238 168
chair 0.0772 413 189 480 299
chair 0.0554 453 182 495 311
chair 0.0500 282 139 307 190
chair 0.0464 62 238 511 362
chair 0.0442 228 161 290 261
chair 0.0401 404 170 427 200
diningtable 0.4827 1 257 494 371
diningtable 0.0540 90 176 593 371
diningtable 0.0463 -52 211 368 365
diningtable 0.0450 185 271 559 363
diningtable 0.0403 -21 263 267 371
person 0.7518 69 78 246 281
person 0.7047 291 124 415 282
person 0.3815 230 144 273 192
person 0.3692 183 91 226 168
person 0.2058 0 74 65 280
person 0.2039 216 141 239 183
person 0.1825 282 130 307 182
person 0.1493 444 112 496 317
person 0.1478 225 152 286 254
person 0.1143 52 148 91 205
person 0.1055 50 147 85 270
person 0.0929 18 93 63 202
person 0.0885 464 22 499 350
person 0.0836 265 134 285 172
person 0.0813 482 30 497 341
person 0.0751 414 187 480 296
person 0.0616 485 60 494 281
person 0.0569 -4 92 62 420
person 0.0455 0 22 33 261
person 0.0453 0 28 18 243
person 0.0449 92 99 138 172
person 0.0420 435 153 497 452
pottedplant 0.0538 3 338 38 372
sofa 0.0417 0 232 495 367
sofa 0.0413 429 183 495 305
