aeroplane 0.0339 -1 51 497 330
bird 0.1056 135 22 180 52
bottle 0.0692 211 9 268 102
car 0.0551 -2 73 498 330
cat 0.0507 27 19 132 86
chair 0.0593 3 0 93 329
chair 0.0536 452 125 495 162
chair 0.0511 -1 77 497 330
chair 0.0346 2 1 235 302
dog 0.0806 37 20 137 86
horse 0.0389 -1 77 497 330
horse 0.0351 4 0 84 329
motorbike 0.0378 -1 56 497 330
person 0.6832 268 63 501 328
person 0.6060 6 87 285 331
person 0.0992 4 0 84 329
person 0.0744 -1 56 497 330
person 0.0593 -1 15 106 200
person 0.0582 134 25 213 101
person 0.0511 459 124 496 159
person 0.0336 451 79 497 318
sheep 0.0389 32 20 134 90
sofa 0.0851 -1 82 497 330
