bicycle 0.0314 418 -1 482 60
bicycle 0.0284 278 2 373 56
bird 0.0493 0 2 89 130
bird 0.0435 0 1 73 73
bird 0.0278 58 0 140 75
bottle 0.2423 307 42 352 83
bottle 0.1782 370 32 406 99
bottle 0.1235 461 -2 494 67
bottle 0.0739 330 30 376 85
bottle 0.0437 415 -1 478 61
bottle 0.0347 283 4 375 60
bottle 0.0292 183 3 484 160
car 0.0398 461 -2 494 67
car 0.0327 277 0 374 48
cat 0.1048 186 131 371 296
cat 0.0325 467 -3 496 67
cat 0.0265 0 2 89 130
chair 0.0660 279 0 379 44
chair 0.0449 3 0 492 329
chair 0.0313 461 -2 494 67
chair 0.0264 0 1 97 135
chair 0.0262 364 -2 459 56
chair 0.0255 427 0 489 65
diningtable 0.0342 278 0 381 48
diningtable 0.0309 466 -1 496 71
diningtable 0.0289 3 0 492 329
dog 0.7222 186 129 371 293
dog 0.0318 0 1 97 135
dog 0.0256 34 -1 188 123
horse 0.0269 0 2 89 130
motorbike 0.0307 415 -2 478 57
motorbike 0.0295 302 35 350 82
motorbike 0.0287 87 -2 470 119
person 0.0521 461 -2 494 67
person 0.0371 3 0 492 329
person 0.0352 419 0 482 64
person 0.0341 0 1 74 63
person 0.0335 -1 1 114 126
person 0.0332 2 1 71 329
person 0.0299 393 -1 462 56
person 0.0291 489 -4 497 69
person 0.0276 370 29 406 97
person 0.0274 56 -1 142 81
person 0.0258 347 1 453 48
pottedplant 0.0955 461 -2 494 67
pottedplant 0.0930 416 -1 477 65
pottedplant 0.0383 277 0 374 48
pottedplant 0.0265 347 1 453 57
pottedplant 0.0255 308 6 397 58
sheep 0.0254 0 1 97 135
sofa 0.0500 3 0 492 329
sofa 0.0334 187 127 370 286
tvmonitor 0.0467 466 -1 496 71
tvmonitor 0.0348 280 -1 371 29
