aeroplane 0.0433 -1 0 83 17
aeroplane 0.0397 0 286 57 329
aeroplane 0.0295 0 304 34 327
bicycle 0.0733 9 279 165 332
bicycle 0.0513 52 273 443 332
bicycle 0.0486 -2 282 83 328
bicycle 0.0344 387 34 428 103
bicycle 0.0331 44 289 303 331
bicycle 0.0308 100 311 395 330
bicycle 0.0292 77 303 199 328
bicycle 0.0289 0 198 307 329
bird 0.0581 385 5 431 106
boat 0.0500 0 0 88 18
boat 0.0449 243 140 291 174
boat 0.0433 -1 -1 145 14
boat 0.0297 17 0 173 7
bottle 0.0560 77 303 199 328
bottle 0.0436 27 300 132 331
bottle 0.0369 0 1 214 329
bottle 0.0279 387 39 428 102
car 0.0312 1 308 33 328
car 0.0292 -1 0 74 17
car 0.0287 3 317 30 330
chair 0.0410 47 131 331 328
chair 0.0290 63 232 385 331
dog 0.0660 385 5 431 106
horse 0.0713 385 8 431 106
motorbike 0.0798 10 278 172 332
motorbike 0.0330 0 286 65 329
motorbike 0.0326 17 270 274 330
motorbike 0.0294 0 193 308 329
person 0.6290 385 5 431 106
person 0.6078 92 131 325 328
person 0.0470 398 8 433 46
person 0.0385 21 294 121 332
person 0.0349 0 286 65 329
person 0.0330 0 299 34 327
pottedplant 0.0640 0 286 57 329
pottedplant 0.0386 9 288 102 332
sofa 0.0322 48 134 330 330
