bicycle 0.0275 166 101 329 270
bicycle 0.0205 235 172 267 228
bird 0.0252 241 176 269 224
boat 0.0264 166 101 329 270
bottle 0.0898 241 176 269 224
bottle 0.0769 123 79 387 369
bus 0.0304 125 82 385 370
car 0.0274 166 101 329 270
car 0.0256 118 88 377 336
car 0.0224 222 164 273 236
car 0.0204 241 176 269 224
cat 0.0290 246 171 272 229
cat 0.0243 237 157 297 243
cat 0.0211 222 163 265 237
chair 0.0447 133 86 392 337
chair 0.0368 166 101 329 270
chair 0.0270 218 163 285 243
chair 0.0268 216 143 318 262
cow 0.0255 235 172 267 228
diningtable 0.0406 13 330 482 375
diningtable 0.0280 22 289 473 380
diningtable 0.0244 166 101 329 270
diningtable 0.0224 73 355 485 374
dog 0.0369 125 79 393 368
dog 0.0322 235 172 267 228
dog 0.0219 166 101 329 270
dog 0.0218 250 157 292 232
motorbike 0.0229 166 101 329 270
person 0.5395 127 82 391 370
person 0.0749 227 159 291 247
person 0.0653 216 143 318 262
person 0.0539 166 101 329 270
person 0.0226 58 101 288 358
pottedplant 0.0303 235 172 267 228
pottedplant 0.0300 166 101 329 270
pottedplant 0.0282 237 157 297 243
sheep 0.0208 246 171 272 229
sofa 0.0246 121 69 436 354
train 0.0300 166 101 329 270
tvmonitor 0.0267 166 101 329 270
tvmonitor 0.0228 118 88 377 336
tvmonitor 0.0213 350 0 497 371
