aeroplane 0.0281 393 65 430 83
aeroplane 0.0257 422 63 455 80
boat 0.0237 394 68 428 85
boat 0.0221 418 66 452 82
bus 0.0388 422 63 455 80
bus 0.0340 390 66 425 83
bus 0.0308 40 92 446 343
car 0.8671 37 90 435 340
car 0.3040 418 66 452 82
car 0.2653 390 66 425 83
car 0.0322 350 63 371 79
car 0.0295 357 64 379 78
car 0.0294 344 63 362 80
car 0.0286 366 65 387 78
car 0.0284 359 58 378 72
chair 0.0200 394 68 428 85
motorbike 0.0308 418 66 452 82
motorbike 0.0273 389 66 419 83
motorbike 0.0221 399 65 439 83
person 0.0281 387 67 413 82
person 0.0263 233 107 293 152
person 0.0247 202 102 269 158
person 0.0244 432 66 460 81
person 0.0206 249 114 308 151
pottedplant 0.0287 256 34 333 91
pottedplant 0.0280 148 9 222 110
pottedplant 0.0221 0 60 18 106
train 0.0202 390 66 425 83
