bicycle 0.0512 437 223 464 253
bicycle 0.0457 426 222 451 254
boat 0.0331 467 200 496 242
bottle 0.2707 299 150 314 197
bottle 0.0436 197 83 212 118
bottle 0.0392 482 108 497 158
bottle 0.0355 417 98 437 121
bottle 0.0337 230 177 258 199
bottle 0.0337 197 196 314 368
car 0.0410 467 202 496 245
car 0.0349 491 201 495 247
car 0.0337 491 228 495 301
car 0.0317 490 178 497 304
chair 0.6059 296 186 370 325
chair 0.4886 108 191 208 361
chair 0.3259 212 197 314 367
chair 0.1950 247 186 318 325
chair 0.1419 138 186 224 326
chair 0.1220 265 187 347 301
chair 0.1213 163 177 230 288
chair 0.0765 174 181 298 318
chair 0.0746 165 181 212 207
chair 0.0654 393 191 421 279
chair 0.0651 0 275 144 371
chair 0.0569 491 224 495 299
chair 0.0542 229 180 258 202
chair 0.0492 111 191 306 367
chair 0.0432 325 184 366 246
chair 0.0427 326 186 364 219
chair 0.0409 421 214 449 256
chair 0.0387 437 223 464 253
chair 0.0372 429 218 456 253
chair 0.0354 444 218 472 252
cow 0.0321 491 224 495 299
diningtable 0.6315 114 197 326 367
diningtable 0.1067 226 191 316 367
diningtable 0.0814 254 195 358 340
diningtable 0.0628 296 186 370 325
diningtable 0.0495 249 186 316 296
diningtable 0.0362 179 211 441 359
diningtable 0.0359 -1 275 152 371
diningtable 0.0354 125 187 222 342
motorbike 0.0384 440 223 468 253
person 0.0846 482 108 497 158
person 0.0710 491 219 495 298
person 0.0498 200 83 216 124
person 0.0401 491 105 495 213
person 0.0377 197 196 314 368
person 0.0365 454 112 479 148
person 0.0324 492 117 494 225
pottedplant 0.0706 230 177 258 199
pottedplant 0.0554 440 223 468 253
pottedplant 0.0509 425 217 452 253
pottedplant 0.0347 491 202 495 304
sofa 0.1244 0 275 144 371
sofa 0.0396 296 186 370 325
sofa 0.0337 145 195 326 369
tvmonitor 0.0487 0 286 144 371
tvmonitor 0.0406 230 177 258 199
