aeroplane 0.0722 0 219 18 245
aeroplane 0.0478 246 57 271 103
aeroplane 0.0301 208 101 231 129
aeroplane 0.0286 8 131 33 147
aeroplane 0.0283 204 102 220 129
aeroplane 0.0280 210 208 259 234
aeroplane 0.0259 343 201 378 217
bicycle 0.1106 354 227 367 254
bicycle 0.0658 132 213 144 233
bicycle 0.0377 0 219 18 245
bicycle 0.0255 384 227 392 249
bird 0.0895 243 58 268 102
bird 0.0537 201 57 216 115
bird 0.0453 278 47 302 107
bird 0.0437 132 210 144 231
bird 0.0347 200 51 216 79
bird 0.0274 354 227 367 254
bird 0.0253 8 131 33 147
boat 0.2300 278 47 302 107
boat 0.1274 245 60 272 105
boat 0.0618 202 63 222 126
boat 0.0496 205 98 220 127
boat 0.0338 210 208 259 234
boat 0.0321 0 289 495 375
boat 0.0302 213 86 250 115
boat 0.0291 132 210 144 231
boat 0.0288 0 219 12 246
boat 0.0254 318 108 481 181
boat 0.0245 5 198 28 225
bottle 0.0355 132 210 144 231
bottle 0.0284 353 232 368 255
bottle 0.0264 0 289 495 375
bus 0.0798 346 198 382 215
bus 0.0435 411 196 428 210
bus 0.0431 394 198 413 208
bus 0.0388 375 201 392 211
bus 0.0363 210 208 259 234
bus 0.0356 402 197 421 209
bus 0.0273 419 194 435 212
bus 0.0268 287 197 302 209
car 0.7007 210 208 259 234
car 0.4138 343 201 378 217
car 0.1287 375 201 392 211
car 0.1155 291 201 305 211
car 0.0637 0 223 18 247
car 0.0487 417 198 430 214
car 0.0374 132 210 144 231
car 0.0309 249 209 261 221
chair 0.0535 438 223 486 288
chair 0.0305 132 213 144 233
chair 0.0288 353 232 368 255
cow 0.0245 132 210 144 231
dog 0.0259 132 210 144 231
horse 0.0499 132 210 144 231
horse 0.0298 354 227 367 254
motorbike 0.0783 132 213 144 233
motorbike 0.0495 354 223 368 253
motorbike 0.0391 0 223 18 247
motorbike 0.0341 210 208 259 234
motorbike 0.0299 292 203 304 214
person 0.3091 132 210 144 231
person 0.0968 384 224 392 246
person 0.0918 358 220 370 251
person 0.0470 422 198 432 225
person 0.0416 292 203 304 214
person 0.0343 376 203 392 214
person 0.0314 452 200 464 241
person 0.0252 338 206 353 216
pottedplant 0.0454 322 279 477 326
pottedplant 0.0433 328 288 425 317
pottedplant 0.0412 132 213 144 233
pottedplant 0.0306 0 219 18 245
pottedplant 0.0304 354 227 367 254
pottedplant 0.0296 246 57 271 103
pottedplant 0.0260 278 47 302 107
pottedplant 0.0259 442 218 490 287
sheep 0.0279 210 208 259 234
sheep 0.0246 278 47 302 107
train 0.0440 0 283 496 375
train 0.0263 346 198 382 215
train 0.0262 210 208 259 234
train 0.0260 1 298 314 371
