aeroplane 0.0393 489 164 497 207
aeroplane 0.0224 491 133 495 203
boat 0.0451 489 169 496 208
bus 0.0586 489 169 496 208
car 0.8185 32 108 479 315
car 0.1348 489 169 496 208
car 0.0441 366 150 480 191
car 0.0279 491 127 495 191
car 0.0269 401 133 500 203
car 0.0239 424 153 493 206
car 0.0231 0 175 18 225
car 0.0212 492 120 495 175
chair 0.0297 489 173 497 209
chair 0.0200 1 179 11 221
motorbike 0.0254 489 173 497 209
person 0.0600 63 141 103 171
person 0.0414 489 169 496 208
person 0.0343 281 132 315 174
pottedplant 0.0298 489 173 497 209
train 0.0243 489 164 497 207
tvmonitor 0.0279 489 169 496 208
