boat 0.0673 275 81 344 109
bottle 0.0787 23 1 65 48
bottle 0.0546 36 2 107 52
bottle 0.0537 272 81 341 109
bottle 0.0504 65 1 156 30
bottle 0.0463 450 0 482 19
bottle 0.0437 98 0 186 32
bottle 0.0397 38 -2 121 34
bottle 0.0348 4 0 29 25
car 0.0361 275 83 344 112
cat 0.0660 197 175 422 355
chair 0.1199 271 83 341 111
chair 0.0805 420 94 489 277
chair 0.0503 403 0 498 273
chair 0.0419 115 9 247 262
chair 0.0417 36 201 216 375
chair 0.0415 185 79 442 374
chair 0.0366 94 323 228 370
chair 0.0361 441 1 475 19
chair 0.0351 5 0 490 371
chair 0.0336 421 1 464 19
chair 0.0321 0 4 284 238
diningtable 0.0905 275 83 344 112
diningtable 0.0396 161 69 459 372
dog 0.8018 193 177 412 358
motorbike 0.0329 76 0 153 26
motorbike 0.0321 52 -1 130 27
person 0.4033 115 2 263 211
person 0.0556 16 0 41 25
person 0.0477 50 -2 124 28
person 0.0476 4 0 29 25
person 0.0475 18 0 55 44
person 0.0431 441 1 475 19
person 0.0375 73 0 148 26
pottedplant 0.0686 272 81 341 109
pottedplant 0.0417 101 -2 183 28
pottedplant 0.0356 56 -1 134 27
sofa 0.0353 5 0 490 371
tvmonitor 0.0677 272 81 341 109
tvmonitor 0.0592 432 0 468 19
tvmonitor 0.0576 464 1 492 89
tvmonitor 0.0563 412 1 466 24
tvmonitor 0.0516 478 64 494 137
tvmonitor 0.0413 407 8 447 82
tvmonitor 0.0388 450 0 482 19
tvmonitor 0.0363 416 4 485 74
tvmonitor 0.0320 427 6 497 277
