bird 0.0426 439 273 462 307
boat 0.0550 -1 -27 497 238
boat 0.0359 66 73 429 257
bottle 0.0716 188 -1 290 40
bottle 0.0422 439 273 462 307
bottle 0.0356 492 185 494 307
bottle 0.0355 494 178 493 293
bottle 0.0349 492 203 495 305
bottle 0.0347 462 258 486 312
bottle 0.0323 478 192 494 310
bottle 0.0308 493 178 493 283
bus 0.0429 66 73 429 257
bus 0.0363 -1 -14 497 267
car 0.0354 -1 -27 497 238
cat 0.0333 439 269 462 306
chair 0.0321 337 220 362 275
chair 0.0310 406 217 432 275
chair 0.0304 492 219 494 309
chair 0.0299 455 209 492 314
dog 0.0406 439 269 462 306
dog 0.0287 462 263 486 312
person 0.7032 252 201 288 317
person 0.6940 188 199 227 309
person 0.6498 438 181 487 311
person 0.6436 335 209 364 273
person 0.5396 292 201 320 296
person 0.1830 280 179 300 213
person 0.1288 492 185 494 307
person 0.0747 301 184 319 213
person 0.0734 493 178 493 283
person 0.0600 494 170 493 259
person 0.0590 229 210 250 298
person 0.0548 462 258 486 312
person 0.0528 493 164 493 255
person 0.0527 210 202 246 306
person 0.0478 173 118 229 160
person 0.0452 493 154 493 255
person 0.0427 439 273 462 307
person 0.0414 293 182 326 247
person 0.0412 259 207 289 264
person 0.0376 417 191 430 228
person 0.0365 150 124 196 159
person 0.0347 424 204 438 267
person 0.0343 443 131 489 267
person 0.0340 492 137 495 250
person 0.0321 420 195 434 234
person 0.0313 491 240 496 314
person 0.0293 254 111 311 167
pottedplant 0.0569 149 181 190 243
train 0.0798 -1 -12 498 260
train 0.0443 66 73 429 257
