aeroplane 0.1037 0 0 387 332
aeroplane 0.0443 27 177 359 332
bicycle 0.1366 0 0 387 332
bird 0.1117 0 0 387 332
boat 0.0634 0 0 387 332
boat 0.0569 27 177 359 332
bottle 0.0835 0 0 387 332
bus 0.0499 0 0 387 332
car 0.1501 0 0 387 332
cat 0.1185 0 0 387 332
chair 0.2272 0 0 387 332
chair 0.0461 25 171 361 332
cow 0.0633 0 0 387 332
diningtable 0.1621 0 0 387 332
dog 0.1260 0 0 387 332
horse 0.1121 0 0 387 332
motorbike 0.1629 0 0 387 332
person 0.4666 75 0 390 332
person 0.0439 350 4 389 327
pottedplant 0.1594 0 0 387 332
sheep 0.0496 0 0 387 332
sofa 0.2187 0 0 387 332
train 0.0517 0 0 387 332
tvmonitor 0.0857 0 0 387 332
tvmonitor 0.0475 359 20 386 175
