bottle 0.0884 54 180 82 214
bottle 0.0706 292 204 319 243
bottle 0.0687 290 212 314 253
bottle 0.0621 319 194 339 229
cat 0.0590 54 180 82 214
chair 0.5325 188 258 291 371
chair 0.4552 278 244 350 361
chair 0.4329 349 267 451 372
chair 0.1120 107 225 176 327
chair 0.1002 437 296 495 373
chair 0.0872 160 229 249 335
chair 0.0844 110 180 197 337
chair 0.0762 452 239 495 372
chair 0.0703 376 203 486 372
chair 0.0626 153 223 389 359
chair 0.0610 390 274 495 372
chair 0.0598 276 229 429 353
diningtable 0.3000 158 229 399 364
diningtable 0.0955 227 213 463 346
diningtable 0.0896 193 258 294 371
diningtable 0.0812 258 228 377 348
diningtable 0.0707 353 268 492 372
diningtable 0.0683 165 226 290 332
dog 0.0546 54 180 82 214
person 0.7423 113 159 201 329
person 0.6908 205 178 251 235
person 0.6084 325 172 381 227
person 0.5254 371 193 476 370
person 0.5237 442 173 498 239
person 0.4271 286 187 326 231
person 0.3584 452 210 495 371
person 0.1359 392 190 446 233
person 0.1262 444 182 496 288
person 0.0749 490 177 497 235
person 0.0740 185 190 256 315
person 0.0571 490 217 496 300
person 0.0564 492 205 494 265
sofa 0.0551 188 258 291 371
sofa 0.0547 374 208 487 373
