aeroplane 0.0491 0 94 330 377
bicycle 0.0347 0 105 330 389
bird 0.3755 214 131 318 356
bird 0.1323 0 94 330 377
bird 0.0525 109 131 308 356
boat 0.0395 0 105 330 389
cat 0.0736 214 126 318 346
cat 0.0347 0 99 330 380
cat 0.0278 -1 257 331 503
chair 0.0282 0 105 330 389
chair 0.0265 -1 221 331 524
cow 0.0225 214 131 318 356
cow 0.0219 0 105 330 389
diningtable 0.0485 0 287 330 520
dog 0.0742 214 126 318 346
dog 0.0309 0 105 330 389
horse 0.0320 0 94 330 377
horse 0.0297 214 131 318 356
person 0.0413 0 105 330 389
person 0.0220 210 128 317 351
pottedplant 0.0524 0 105 330 389
sheep 0.0679 214 131 318 356
sheep 0.0248 0 105 330 389
sofa 0.0272 0 105 330 389
sofa 0.0244 -1 221 331 524
tvmonitor 0.0213 -1 275 331 493
