aeroplane 0.5685 45 137 473 286
aeroplane 0.0424 339 200 475 299
aeroplane 0.0226 213 184 477 287
boat 0.0252 68 135 489 283
boat 0.0243 338 196 477 298
boat 0.0210 0 242 11 275
bottle 0.0309 0 242 11 275
car 0.0326 0 236 5 276
chair 0.0337 0 239 11 273
chair 0.0246 0 201 10 276
chair 0.0236 0 244 10 308
cow 0.0216 0 239 11 273
dog 0.0206 0 239 11 273
horse 0.0210 0 239 11 273
person 0.0442 0 239 11 273
person 0.0291 0 211 5 277
person 0.0221 0 176 4 277
person 0.0215 1 240 3 319
sheep 0.0264 0 239 11 273
