bottle 0.0490 325 363 365 372
bottle 0.0324 371 0 498 372
cat 0.7176 147 124 332 370
cat 0.0423 52 73 357 380
chair 0.1137 1 213 64 305
chair 0.0572 10 213 180 292
chair 0.0547 2 201 188 351
chair 0.0519 151 118 343 370
chair 0.0441 0 26 324 345
chair 0.0297 366 0 496 371
chair 0.0291 -2 41 209 225
diningtable 0.0295 0 46 315 360
diningtable 0.0284 1 214 63 310
dog 0.0358 25 208 196 297
dog 0.0314 147 124 332 370
person 0.0587 0 215 57 314
person 0.0336 51 58 373 383
person 0.0306 329 367 361 372
person 0.0280 151 118 343 370
pottedplant 0.0336 1 228 48 325
pottedplant 0.0323 329 367 361 372
sofa 0.0367 58 53 437 371
sofa 0.0345 -1 4 317 325
sofa 0.0308 1 214 63 310
tvmonitor 0.0594 371 0 498 372
