bottle 0.0565 1 0 189 329
bottle 0.0442 323 0 492 330
bottle 0.0377 429 0 496 330
bus 0.0434 1 0 189 329
car 0.0458 -2 0 498 330
car 0.0351 1 0 189 329
cat 0.0623 429 0 496 330
cat 0.0619 323 0 492 330
chair 0.0801 323 0 492 330
chair 0.0707 -2 0 498 330
chair 0.0695 429 0 496 330
chair 0.0597 1 0 189 329
diningtable 0.0404 -2 0 498 330
dog 0.0440 429 0 496 330
dog 0.0377 323 0 492 330
dog 0.0360 -2 0 498 330
person 0.5041 144 37 484 328
person 0.0748 323 0 492 330
person 0.0741 437 0 495 330
person 0.0517 1 0 189 329
person 0.0481 464 -1 499 332
pottedplant 0.0410 338 0 493 329
sofa 0.0786 -2 0 498 330
train 0.0382 1 0 189 329
tvmonitor 0.0715 1 0 189 329
tvmonitor 0.0385 -2 0 498 330
