bottle 0.0734 248 0 286 21
bottle 0.0603 200 1 240 21
bottle 0.0552 212 1 275 21
bottle 0.0533 201 0 231 13
bottle 0.0532 211 0 245 12
bottle 0.0466 220 0 267 12
bottle 0.0414 180 2 229 20
bottle 0.0409 163 2 199 19
cow 0.0717 436 120 495 308
cow 0.0530 198 111 280 302
cow 0.0477 359 121 448 293
cow 0.0425 245 119 296 295
cow 0.0413 283 113 368 301
cow 0.0367 126 101 213 293
dog 0.0682 188 69 267 168
dog 0.0450 436 120 495 308
horse 0.5846 11 92 132 311
horse 0.5539 126 101 213 293
horse 0.5373 195 108 276 301
horse 0.3341 431 115 493 304
horse 0.3162 283 113 368 301
horse 0.2974 356 114 443 285
horse 0.0848 325 112 411 287
horse 0.0717 259 109 322 300
horse 0.0567 472 114 500 305
horse 0.0472 273 95 340 264
horse 0.0420 482 95 497 279
horse 0.0384 346 86 423 252
horse 0.0354 351 103 410 205
motorbike 0.0685 273 90 338 192
motorbike 0.0366 3 65 77 148
motorbike 0.0349 352 83 416 210
person 0.4971 351 64 416 193
person 0.3547 184 69 264 173
person 0.3527 270 85 334 173
person 0.3033 416 63 485 205
person 0.2152 7 66 113 202
person 0.1889 120 71 194 167
person 0.0930 388 73 443 190
person 0.0689 391 83 424 149
person 0.0650 397 90 418 132
person 0.0597 405 90 426 132
person 0.0548 354 73 399 139
person 0.0535 161 67 232 175
person 0.0462 491 101 495 232
person 0.0456 353 117 438 287
person 0.0447 285 115 366 303
person 0.0357 491 62 496 181
sheep 0.0382 437 130 495 313
