aeroplane 0.0288 10 24 375 364
bicycle 0.0269 9 36 376 389
bottle 0.0336 482 26 497 363
chair 0.0671 482 247 496 381
chair 0.0479 -4 0 101 108
chair 0.0453 466 14 497 375
chair 0.0445 24 0 166 95
chair 0.0408 476 311 495 390
chair 0.0395 438 2 494 387
chair 0.0306 476 173 496 381
chair 0.0238 478 73 494 334
cow 0.0249 12 13 381 364
horse 0.7841 3 25 343 388
horse 0.0303 96 3 445 343
person 0.0274 490 53 496 336
person 0.0266 475 20 496 369
person 0.0256 491 251 495 383
person 0.0236 3 16 320 275
pottedplant 0.0243 482 26 497 363
pottedplant 0.0236 466 14 497 375
tvmonitor 0.0390 475 20 496 369
tvmonitor 0.0265 438 2 494 387
tvmonitor 0.0265 483 187 496 380
tvmonitor 0.0252 483 90 496 330
