bird 0.0352 277 97 351 163
boat 0.0301 0 151 495 372
bottle 0.0407 235 99 267 166
bottle 0.0336 292 318 460 375
bottle 0.0316 18 330 101 369
cat 0.0782 -1 148 411 369
cat 0.0308 310 134 498 255
chair 0.1346 0 142 401 369
chair 0.1019 315 134 500 255
chair 0.0439 302 142 388 194
chair 0.0411 0 124 19 306
chair 0.0376 460 128 495 249
chair 0.0363 482 166 498 293
chair 0.0345 235 101 266 170
chair 0.0320 477 137 495 269
chair 0.0315 0 127 34 326
chair 0.0306 -5 125 102 328
chair 0.0299 1 103 220 186
chair 0.0298 270 98 357 208
chair 0.0294 0 93 223 336
chair 0.0289 476 330 494 369
chair 0.0285 474 164 498 336
diningtable 0.0820 0 142 401 369
dog 0.0319 21 140 216 237
dog 0.0287 34 155 124 215
person 0.0427 481 161 498 374
person 0.0333 -2 137 397 369
person 0.0292 490 172 496 322
pottedplant 0.4508 277 97 351 163
pottedplant 0.0413 235 101 266 170
pottedplant 0.0318 286 95 388 176
pottedplant 0.0309 270 104 311 179
sofa 0.7529 310 134 498 255
sofa 0.1769 0 132 401 368
sofa 0.0310 -1 89 238 347
tvmonitor 0.0297 276 97 352 168
tvmonitor 0.0295 3 154 429 368
