bird 0.1113 283 222 344 278
bird 0.0777 477 238 494 263
bird 0.0232 236 0 267 13
boat 0.0461 477 238 494 263
boat 0.0220 285 222 349 282
car 0.0483 477 238 494 263
car 0.0249 488 231 498 258
car 0.0203 3 358 23 370
cat 0.0578 0 0 496 219
cat 0.0499 477 238 494 263
cat 0.0442 283 222 344 278
cat 0.0212 218 1 277 12
cat 0.0200 213 0 250 13
cow 0.2604 477 238 494 263
cow 0.0892 283 222 344 278
dog 0.1015 477 239 494 265
dog 0.0670 283 222 344 278
dog 0.0206 0 0 496 219
horse 0.1074 477 239 494 265
horse 0.0265 283 222 344 278
person 0.0325 477 239 494 265
person 0.0236 240 0 271 13
pottedplant 0.0269 10 264 173 371
sheep 0.6960 283 222 344 278
sheep 0.4131 477 238 494 263
sheep 0.0523 306 227 423 279
sheep 0.0345 361 233 407 261
sheep 0.0272 281 223 307 235
train 0.0226 477 238 494 263
