aeroplane 0.7434 0 41 221 125
aeroplane 0.0501 2 51 47 179
aeroplane 0.0441 277 214 349 261
aeroplane 0.0388 375 259 455 311
aeroplane 0.0377 490 75 496 97
aeroplane 0.0286 1 48 40 106
bicycle 0.0498 276 211 351 259
bicycle 0.0384 263 207 458 264
bicycle 0.0338 0 99 26 184
bicycle 0.0293 374 267 402 291
bicycle 0.0277 417 224 430 245
bird 0.1760 420 224 433 246
bird 0.0644 373 266 395 287
bird 0.0397 276 211 351 259
bird 0.0298 490 75 496 97
bird 0.0288 110 130 313 205
bird 0.0274 303 51 354 180
boat 0.2994 376 260 455 315
boat 0.1643 276 211 351 259
boat 0.1202 374 267 402 291
boat 0.0431 0 43 215 128
boat 0.0364 490 72 496 94
boat 0.0325 420 224 433 246
boat 0.0301 265 204 401 260
boat 0.0287 0 187 496 383
bottle 0.0550 110 130 313 205
bottle 0.0391 374 267 402 291
bottle 0.0288 273 211 347 259
bottle 0.0263 0 103 26 186
bus 0.0278 379 259 458 311
car 0.0454 490 72 496 94
car 0.0413 380 261 458 315
car 0.0390 110 130 313 205
car 0.0287 293 63 326 144
car 0.0267 0 51 25 179
cat 0.0269 420 224 433 246
chair 0.0402 0 86 27 186
chair 0.0352 281 218 353 263
chair 0.0281 0 27 57 391
cow 0.0334 420 224 433 246
cow 0.0318 490 75 496 97
diningtable 0.0266 4 151 280 372
dog 0.0617 420 224 433 246
dog 0.0359 110 130 313 205
horse 0.0423 417 224 430 245
motorbike 0.0671 110 130 313 205
person 0.7356 299 54 353 181
person 0.6680 270 55 304 157
person 0.3665 109 130 308 205
person 0.1041 103 63 321 220
person 0.1017 0 46 18 178
person 0.0913 420 224 433 246
person 0.0462 209 141 262 166
person 0.0448 375 265 401 287
person 0.0444 0 52 18 113
person 0.0417 0 28 50 390
person 0.0374 328 71 346 106
person 0.0346 0 32 20 386
person 0.0315 312 64 347 114
person 0.0294 279 63 301 92
person 0.0289 490 72 496 94
pottedplant 0.0862 276 211 351 259
pottedplant 0.0503 373 266 395 287
pottedplant 0.0281 0 28 50 390
pottedplant 0.0276 375 259 455 311
pottedplant 0.0267 417 224 430 245
sheep 0.0437 420 224 433 246
sheep 0.0412 490 75 496 97
sheep 0.0299 373 266 395 287
sheep 0.0268 380 261 458 315
