bird 0.0568 0 0 495 371
bird 0.0412 -3 49 37 323
bird 0.0326 -2 363 52 371
boat 0.0287 -3 363 68 371
car 0.0327 0 363 57 371
cat 0.6421 135 17 477 372
chair 0.0715 133 1 486 370
cow 0.0329 -2 363 52 371
cow 0.0261 0 0 495 371
diningtable 0.0432 0 0 495 371
dog 0.0517 0 0 495 371
dog 0.0286 -1 358 51 370
person 0.0706 0 0 495 371
person 0.0422 0 363 57 371
pottedplant 0.0487 0 0 495 371
pottedplant 0.0345 -3 49 37 323
pottedplant 0.0274 -6 14 72 357
sheep 0.0386 -2 363 52 371
sheep 0.0284 0 0 495 371
sofa 0.0592 0 0 495 371
tvmonitor 0.0411 133 1 486 370
