bird 0.0758 -1 33 27 114
bird 0.0585 0 29 34 176
boat 0.0392 -1 35 27 117
bottle 0.0452 0 29 27 113
car 0.0526 0 29 27 113
cat 0.0590 -1 33 27 114
chair 0.0484 0 37 73 334
cow 0.0922 -1 37 27 121
cow 0.0514 0 31 34 168
dog 0.0822 0 41 27 127
dog 0.0591 0 29 34 176
horse 0.7026 26 63 375 323
horse 0.0655 0 41 27 127
horse 0.0385 -1 9 43 305
horse 0.0332 314 62 384 183
horse 0.0321 -2 28 91 317
horse 0.0313 0 22 25 240
motorbike 0.0308 -1 23 21 108
person 0.7802 162 11 301 162
person 0.0839 0 10 65 320
person 0.0767 0 22 26 109
person 0.0723 0 7 34 302
person 0.0613 -3 5 132 324
person 0.0608 0 24 19 196
person 0.0465 316 59 383 177
person 0.0301 0 -4 34 79
sheep 0.1198 -1 37 27 121
sheep 0.0441 0 30 34 185
