bicycle 0.1790 153 258 482 376
bicycle 0.0337 292 307 468 374
bicycle 0.0318 46 204 511 378
bird 0.0599 194 309 269 372
bottle 0.0682 203 172 245 245
bottle 0.0304 157 270 479 376
bottle 0.0301 193 315 263 372
car 0.0447 473 99 491 119
cat 0.0308 195 314 268 373
chair 0.0440 294 318 466 374
chair 0.0371 5 136 115 364
chair 0.0337 -3 97 264 373
chair 0.0321 402 321 475 372
chair 0.0320 215 160 490 369
chair 0.0299 270 236 482 375
cow 0.0342 173 273 313 373
dog 0.0591 194 309 269 372
dog 0.0508 166 268 305 372
dog 0.0374 203 172 245 245
horse 0.0554 172 274 307 372
horse 0.0313 153 252 490 376
motorbike 0.1360 155 270 465 376
motorbike 0.0467 170 268 325 373
motorbike 0.0352 3 174 492 373
person 0.7958 -4 56 272 374
person 0.7699 192 90 436 369
person 0.0867 195 314 268 373
person 0.0711 203 172 245 245
person 0.0612 170 268 325 373
person 0.0539 3 11 493 360
person 0.0359 172 136 299 275
pottedplant 0.0305 202 176 238 230
sheep 0.0308 195 313 276 373
sofa 0.0328 -3 97 264 373
