bottle 0.2830 391 140 408 171
bottle 0.0430 248 224 263 249
bus 0.0366 353 80 430 151
cat 0.0384 353 80 430 151
chair 0.4370 179 166 222 217
chair 0.2415 229 176 281 234
chair 0.2088 1 240 142 332
chair 0.1768 3 210 38 268
chair 0.1551 11 180 101 261
chair 0.0766 101 230 402 331
chair 0.0662 309 243 499 334
chair 0.0639 3 199 101 311
chair 0.0625 2 200 48 325
chair 0.0586 5 233 255 334
chair 0.0475 4 154 54 208
chair 0.0440 16 319 143 331
chair 0.0396 1 215 25 336
chair 0.0368 13 276 232 333
chair 0.0362 1 203 9 322
chair 0.0348 27 298 170 331
diningtable 0.0687 218 173 277 226
diningtable 0.0639 183 165 273 213
diningtable 0.0628 0 173 97 257
diningtable 0.0535 179 166 222 217
diningtable 0.0333 4 210 45 268
person 0.0461 396 140 411 171
person 0.0447 353 80 430 151
person 0.0413 20 214 389 332
person 0.0342 1 231 173 331
pottedplant 0.0386 396 140 411 171
pottedplant 0.0367 386 139 405 171
sofa 0.3305 122 230 404 331
sofa 0.0926 1 235 157 332
sofa 0.0619 0 160 97 245
sofa 0.0506 4 210 45 268
sofa 0.0504 1 216 259 335
sofa 0.0484 179 166 222 217
sofa 0.0463 0 198 97 327
sofa 0.0414 33 281 375 332
sofa 0.0389 353 80 430 151
sofa 0.0329 0 204 82 279
tvmonitor 0.6464 353 80 430 151
tvmonitor 0.0529 299 70 335 146
tvmonitor 0.0391 445 169 495 251
tvmonitor 0.0369 0 23 34 209
tvmonitor 0.0346 222 40 265 176
tvmonitor 0.0330 3 207 46 265
