aeroplane 0.0298 114 -1 303 66
aeroplane 0.0285 377 52 423 76
bicycle 0.0552 13 1 83 48
bicycle 0.0222 3 2 39 37
bicycle 0.0208 40 3 134 46
bird 0.0691 380 52 426 76
bird 0.0276 365 50 403 73
bird 0.0273 254 138 341 263
bird 0.0219 359 20 401 55
bird 0.0206 367 37 401 64
boat 0.0733 377 52 423 76
boat 0.0353 114 -1 303 66
boat 0.0259 377 8 462 57
bottle 0.0417 31 0 81 39
bottle 0.0297 380 52 426 76
bottle 0.0290 1 1 25 27
bottle 0.0289 3 2 39 37
car 0.0698 112 0 297 66
car 0.0301 380 52 426 76
car 0.0234 18 0 78 39
car 0.0234 1 1 25 27
car 0.0224 3 1 38 32
cat 0.0800 254 135 341 262
cat 0.0336 99 117 278 252
cat 0.0269 380 52 426 76
chair 0.0327 114 -1 303 66
chair 0.0200 3 2 39 37
cow 0.0745 250 138 339 263
cow 0.0251 97 117 274 252
dog 0.7754 99 117 278 252
dog 0.6349 254 138 341 263
horse 0.0473 252 135 338 261
motorbike 0.0678 8 0 80 49
motorbike 0.0268 3 2 39 37
motorbike 0.0230 42 1 133 38
person 0.0493 31 0 81 39
person 0.0391 3 2 39 37
pottedplant 0.0548 380 52 426 76
pottedplant 0.0239 24 0 80 39
pottedplant 0.0223 114 -2 295 62
pottedplant 0.0200 1 1 25 27
sheep 0.0910 250 138 339 263
sheep 0.0449 377 52 423 76
sheep 0.0228 423 58 470 75
sofa 0.0247 77 108 363 261
sofa 0.0244 115 -1 309 71
