aeroplane 0.0347 5 16 490 326
aeroplane 0.0326 6 206 43 223
boat 0.3596 -9 40 458 336
boat 0.2780 12 204 436 313
boat 0.1618 353 133 485 226
boat 0.1293 427 189 489 216
boat 0.1059 393 193 492 224
boat 0.0996 431 217 501 283
boat 0.0885 474 189 490 211
boat 0.0861 331 175 492 242
boat 0.0751 6 206 43 223
boat 0.0706 479 224 493 257
boat 0.0643 24 55 306 293
boat 0.0540 424 198 501 261
boat 0.0539 14 178 51 221
boat 0.0390 22 179 89 221
boat 0.0359 142 3 485 286
boat 0.0339 274 146 463 290
boat 0.0313 450 247 497 299
boat 0.0302 31 208 73 222
boat 0.0301 24 196 80 221
boat 0.0296 90 185 116 209
bottle 0.0639 485 178 493 205
bottle 0.0441 485 223 494 254
bus 0.0353 4 197 38 221
bus 0.0349 4 10 491 325
bus 0.0321 1 207 25 223
car 0.0720 2 207 32 222
car 0.0320 491 226 495 256
person 0.1448 18 174 47 214
person 0.0548 485 181 494 207
person 0.0450 491 226 495 256
person 0.0446 480 222 492 254
person 0.0333 0 200 18 218
person 0.0311 3 175 15 202
person 0.0310 -2 167 6 227
person 0.0309 5 196 44 221
person 0.0302 0 191 12 215
pottedplant 0.0519 479 224 493 257
pottedplant 0.0373 481 181 491 207
train 0.0622 4 4 491 326
train 0.0305 2 207 32 222
