bottle 0.0307 288 2 317 9
bottle 0.0285 1 183 177 445
bottle 0.0272 294 3 335 8
bottle 0.0244 0 372 20 490
bus 0.0263 1 183 177 445
car 0.0595 287 3 324 8
car 0.0584 1 183 177 445
car 0.0304 0 350 20 488
car 0.0260 291 1 361 10
cat 0.0396 1 183 177 445
cat 0.0326 201 7 363 191
chair 0.0433 214 14 374 355
chair 0.0373 0 183 178 452
chair 0.0369 267 249 350 363
chair 0.0309 0 382 19 488
chair 0.0255 259 112 370 384
chair 0.0240 0 268 32 484
chair 0.0239 314 261 355 343
chair 0.0232 368 168 371 342
chair 0.0227 369 143 371 352
chair 0.0225 321 160 372 342
chair 0.0225 368 241 372 333
chair 0.0223 201 7 363 191
chair 0.0221 312 229 363 321
diningtable 0.0303 0 183 178 452
person 0.0310 0 268 32 484
person 0.0262 290 3 326 8
person 0.0239 214 11 374 351
person 0.0232 -1 368 16 486
person 0.0225 2 181 176 432
pottedplant 0.0296 290 3 326 8
pottedplant 0.0242 282 3 312 8
pottedplant 0.0237 0 365 20 489
pottedplant 0.0224 333 0 372 27
sofa 0.0556 1 183 177 445
sofa 0.0259 214 11 374 351
sofa 0.0237 203 7 361 183
tvmonitor 0.7140 1 183 177 445
tvmonitor 0.4335 199 8 354 183
tvmonitor 0.0826 158 116 359 324
tvmonitor 0.0316 164 244 353 384
tvmonitor 0.0294 203 44 232 139
