bicycle 0.0320 0 197 97 367
bird 0.8651 196 139 486 325
bird 0.8637 44 70 262 254
bird 0.1296 386 331 499 373
bird 0.0776 7 146 113 231
bird 0.0669 355 352 491 371
bird 0.0482 248 363 372 371
bird 0.0476 456 336 491 368
bird 0.0460 256 358 395 371
bird 0.0352 7 110 113 202
bird 0.0291 0 207 95 369
bird 0.0242 3 79 54 133
bird 0.0232 0 113 112 340
bird 0.0208 220 340 462 371
bottle 0.0357 0 201 97 369
cat 0.0800 -1 264 91 370
cat 0.0346 389 338 496 372
cat 0.0266 354 358 485 371
cat 0.0209 456 336 491 368
chair 0.0560 -1 258 91 371
chair 0.0240 2 215 188 372
chair 0.0236 -3 155 100 362
dog 0.0400 0 264 97 370
dog 0.0382 385 339 493 371
dog 0.0262 354 358 485 371
dog 0.0237 438 336 493 369
motorbike 0.0235 0 197 97 367
person 0.0307 0 210 89 372
person 0.0245 383 332 494 372
pottedplant 0.0632 0 197 97 367
pottedplant 0.0233 3 135 140 359
pottedplant 0.0216 388 344 497 372
sheep 0.0390 388 344 497 372
sheep 0.0345 334 357 489 371
sheep 0.0284 0 258 96 370
sheep 0.0257 438 336 493 369
sheep 0.0251 3 147 109 235
sheep 0.0211 456 345 492 371
sheep 0.0208 270 368 366 371
sofa 0.0235 -3 265 85 370
