aeroplane 0.6708 3 123 492 306
aeroplane 0.0559 10 144 298 333
aeroplane 0.0491 255 119 497 269
aeroplane 0.0454 318 133 403 173
aeroplane 0.0392 458 159 497 194
aeroplane 0.0308 300 271 343 328
bicycle 0.0830 353 43 368 70
bicycle 0.0432 475 43 488 70
bird 0.0414 7 0 35 9
bird 0.0370 300 271 343 328
boat 0.0349 2 126 493 309
bottle 0.0957 101 36 113 66
bottle 0.0841 353 43 368 70
bottle 0.0757 258 36 276 66
bottle 0.0623 73 33 86 63
bottle 0.0516 475 43 488 70
bottle 0.0495 99 169 122 201
bus 0.0420 311 133 395 173
bus 0.0383 410 27 436 57
bus 0.0331 8 -1 127 20
bus 0.0314 23 0 112 8
car 0.0427 313 132 400 174
car 0.0399 411 30 436 60
car 0.0380 7 0 35 9
car 0.0355 421 140 496 337
car 0.0342 475 43 488 70
car 0.0329 353 43 368 70
car 0.0328 14 0 58 8
chair 0.1679 353 43 368 70
chair 0.1262 411 33 436 62
chair 0.0594 475 47 488 71
chair 0.0419 422 147 495 336
chair 0.0391 387 44 405 63
chair 0.0377 394 44 413 63
chair 0.0370 304 282 346 340
chair 0.0363 379 44 397 63
chair 0.0358 451 43 466 64
chair 0.0331 307 37 320 69
chair 0.0316 73 33 86 63
diningtable 0.0560 353 43 368 70
motorbike 0.0324 353 43 368 70
person 0.2014 98 166 124 200
person 0.1078 353 40 368 68
person 0.0806 101 36 113 66
person 0.0717 475 47 488 71
person 0.0697 7 0 43 14
person 0.0584 2 3 31 63
person 0.0564 77 37 89 64
person 0.0554 259 39 276 68
person 0.0541 356 147 389 171
person 0.0526 311 133 395 173
person 0.0488 411 33 436 62
person 0.0464 301 21 319 69
person 0.0407 68 161 90 192
person 0.0383 300 276 343 334
pottedplant 0.3118 302 273 347 331
pottedplant 0.2816 259 39 276 68
pottedplant 0.1260 353 43 368 70
pottedplant 0.1089 302 31 318 70
pottedplant 0.1069 475 47 488 71
pottedplant 0.0991 292 32 313 69
pottedplant 0.0962 279 41 294 66
pottedplant 0.0878 105 40 116 67
pottedplant 0.0678 339 41 351 67
pottedplant 0.0561 73 37 86 64
pottedplant 0.0529 175 37 320 64
pottedplant 0.0502 82 41 92 65
pottedplant 0.0391 313 132 400 174
pottedplant 0.0373 7 0 35 9
sofa 0.0344 411 33 436 62
tvmonitor 0.0798 411 30 436 60
tvmonitor 0.0712 313 132 400 174
tvmonitor 0.0568 18 0 125 14
tvmonitor 0.0413 353 43 368 70
tvmonitor 0.0371 22 0 175 19
tvmonitor 0.0369 64 1 158 12
