bottle 0.0403 104 4 149 101
bottle 0.0379 28 318 467 334
bottle 0.0370 368 100 494 323
cat 0.0356 7 311 183 330
chair 0.1031 356 253 498 331
chair 0.0721 258 238 494 330
chair 0.0573 461 262 495 332
chair 0.0447 230 125 475 308
chair 0.0421 367 102 495 331
chair 0.0341 0 315 285 332
diningtable 0.0996 -4 299 501 332
diningtable 0.0616 -3 259 499 335
diningtable 0.0584 65 315 492 332
diningtable 0.0402 230 125 475 308
dog 0.0451 4 307 171 329
person 0.7298 154 90 357 327
person 0.4520 374 101 496 327
person 0.3406 203 39 253 87
person 0.3086 3 30 125 200
person 0.2433 2 26 180 330
person 0.0791 163 14 184 60
person 0.0697 192 11 216 53
person 0.0622 6 307 177 329
person 0.0590 213 119 477 309
person 0.0578 142 13 173 93
person 0.0559 236 5 267 69
person 0.0536 1 26 40 345
person 0.0448 110 4 158 101
person 0.0435 215 18 256 77
person 0.0366 490 121 496 317
person 0.0357 457 108 498 331
person 0.0344 1 1 80 177
person 0.0341 -9 295 294 330
pottedplant 0.0368 42 0 117 121
sofa 0.0349 145 85 350 322
