bicycle 0.0368 284 96 364 181
bird 0.0699 217 102 285 174
bird 0.0487 250 190 306 222
bird 0.0420 298 80 368 197
bird 0.0349 320 117 369 230
boat 0.0712 217 102 285 174
boat 0.0681 280 103 357 174
bottle 0.0354 360 253 370 277
chair 0.0510 7 103 53 139
cow 0.0772 320 117 369 230
cow 0.0734 214 104 283 177
dog 0.1436 320 117 369 230
dog 0.0663 251 191 310 221
dog 0.0498 336 78 370 221
dog 0.0456 218 104 285 177
dog 0.0426 251 180 345 228
dog 0.0418 144 55 236 279
dog 0.0378 354 113 370 234
dog 0.0345 244 126 375 247
horse 0.1777 320 117 369 230
horse 0.0483 217 102 285 174
horse 0.0448 145 47 241 278
horse 0.0433 353 107 371 231
horse 0.0417 336 73 370 221
person 0.5023 142 47 232 278
person 0.0701 333 40 368 237
person 0.0610 309 66 369 211
person 0.0445 347 5 371 215
person 0.0435 360 -3 370 211
person 0.0404 184 51 213 94
person 0.0401 320 117 369 230
person 0.0389 367 76 369 213
pottedplant 0.0563 4 88 45 123
pottedplant 0.0442 347 1 371 131
pottedplant 0.0402 7 98 52 135
pottedplant 0.0362 46 106 66 122
sheep 0.1565 217 102 285 174
sheep 0.0465 317 126 367 234
sheep 0.0360 251 191 310 221
