bicycle 0.1335 351 95 479 271
bicycle 0.1002 368 104 493 210
chair 0.3847 100 24 293 285
chair 0.2770 349 115 466 271
chair 0.1390 54 11 417 319
diningtable 0.1473 55 12 502 318
diningtable 0.0527 351 118 478 273
person 0.0705 92 0 137 79
person 0.0644 48 0 110 54
person 0.0617 2 0 63 48
person 0.0591 125 1 166 57
person 0.0580 0 0 26 49
person 0.0580 48 0 95 34
person 0.0572 63 0 127 75
person 0.0555 152 0 187 48
pottedplant 0.1523 151 133 281 326
pottedplant 0.1177 351 96 472 269
pottedplant 0.1119 367 103 472 200
pottedplant 0.0604 -12 7 202 323
pottedplant 0.0588 147 0 183 43
pottedplant 0.0542 0 4 144 232
pottedplant 0.0527 165 0 494 210
