bicycle 0.0343 382 0 495 372
bird 0.0242 1 186 24 214
bottle 0.0214 367 0 494 371
bottle 0.0208 446 0 486 8
cat 0.0536 175 125 241 281
cat 0.0243 0 1 496 147
chair 0.0214 175 125 241 281
chair 0.0201 382 0 495 372
cow 0.0302 175 125 241 281
dog 0.6886 175 125 241 281
dog 0.0205 47 107 299 294
horse 0.0298 175 125 241 281
horse 0.0215 447 42 493 153
motorbike 0.0222 382 0 495 372
person 0.0418 172 126 237 280
person 0.0211 2 188 24 218
person 0.0210 454 41 493 149
pottedplant 0.0383 367 0 494 371
pottedplant 0.0248 446 0 486 8
sheep 0.0260 175 128 241 283
sofa 0.0422 175 125 241 281
sofa 0.0374 0 -1 496 139
sofa 0.0201 21 16 474 355
