bottle 0.1973 67 248 100 278
bottle 0.1015 303 1 324 31
bottle 0.1005 206 -1 250 45
bottle 0.0622 284 16 312 68
bottle 0.0608 340 0 365 12
bottle 0.0606 270 -2 295 24
bottle 0.0589 338 1 367 21
bottle 0.0558 174 0 493 246
bottle 0.0489 235 0 291 80
bottle 0.0486 276 -1 305 45
bottle 0.0485 262 0 288 23
bottle 0.0454 342 16 363 58
bottle 0.0390 309 13 350 72
car 0.0620 0 1 73 52
cat 0.0541 10 88 352 256
chair 0.1191 -2 8 68 269
chair 0.0728 -1 3 67 61
chair 0.0589 -6 0 134 272
chair 0.0436 8 0 244 110
chair 0.0402 99 4 465 252
cow 0.0417 5 88 349 256
dog 0.5535 10 88 352 256
person 0.1319 270 -2 295 24
person 0.0891 300 0 320 27
person 0.0548 1 3 9 56
person 0.0523 318 14 356 71
person 0.0498 337 17 360 63
person 0.0444 206 0 249 39
person 0.0427 280 11 308 69
person 0.0412 -3 6 77 266
person 0.0397 339 1 366 16
person 0.0396 319 0 363 28
person 0.0390 288 16 324 74
sofa 0.0608 -1 3 192 118
train 0.1031 234 -1 394 149
train 0.0514 191 -1 483 206
tvmonitor 0.0530 206 -1 250 45
tvmonitor 0.0506 277 2 373 119
tvmonitor 0.0412 61 0 183 39
tvmonitor 0.0398 218 -1 292 61
