bicycle 0.0491 -1 360 373 494
boat 0.0352 0 327 372 495
boat 0.0287 -3 408 375 492
bottle 0.0433 45 433 185 492
car 0.0303 306 6 369 145
chair 0.0431 0 0 371 495
chair 0.0397 -1 393 373 492
chair 0.0322 -1 450 373 498
chair 0.0306 0 262 372 498
diningtable 0.0522 -2 399 374 494
diningtable 0.0444 3 455 369 500
motorbike 0.0293 -1 360 373 494
person 0.8008 0 0 371 495
person 0.0757 0 0 184 496
person 0.0596 316 1 371 494
person 0.0417 351 60 371 193
person 0.0408 317 17 370 172
person 0.0367 -1 385 374 492
person 0.0330 357 -1 377 497
person 0.0294 369 44 371 178
person 0.0284 369 28 370 178
person 0.0281 -7 0 85 495
pottedplant 0.0294 311 10 370 157
sofa 0.0709 0 0 371 495
sofa 0.0416 -2 430 374 494
sofa 0.0292 -1 351 373 495
