aeroplane 0.0337 490 184 496 210
aeroplane 0.0324 479 190 492 210
aeroplane 0.0286 447 178 485 210
aeroplane 0.0285 455 190 484 210
aeroplane 0.0274 0 191 49 232
aeroplane 0.0252 397 313 496 368
bicycle 0.0251 388 315 489 366
bird 0.1001 0 235 43 277
bird 0.0863 105 225 194 269
bird 0.0472 460 259 495 299
bird 0.0412 384 244 424 268
bird 0.0315 397 309 496 367
boat 0.0456 388 315 489 366
boat 0.0429 0 235 43 277
boat 0.0386 446 173 486 210
boat 0.0329 490 175 496 208
boat 0.0279 493 157 494 203
boat 0.0273 473 170 490 201
boat 0.0258 473 186 490 209
bottle 0.0523 384 244 424 268
bottle 0.0426 105 225 194 269
bus 0.1270 446 173 486 210
bus 0.0933 484 175 495 208
bus 0.0278 230 135 452 236
bus 0.0269 38 131 237 229
car 0.8704 230 135 452 236
car 0.8502 38 133 238 232
car 0.1524 479 190 492 210
car 0.1308 455 190 484 210
car 0.0355 276 140 383 172
car 0.0336 0 195 35 228
car 0.0301 1 143 48 234
car 0.0277 388 315 489 366
car 0.0270 263 145 333 168
car 0.0267 0 235 43 277
car 0.0258 368 155 463 228
cat 0.0599 107 224 199 269
cat 0.0520 460 259 495 299
cat 0.0455 0 237 42 280
cat 0.0299 384 247 424 269
chair 0.0302 490 193 496 213
chair 0.0270 474 196 489 210
cow 0.0549 0 235 43 277
cow 0.0413 105 225 194 269
cow 0.0365 460 259 495 299
dog 0.0944 105 225 194 269
dog 0.0539 0 235 43 277
dog 0.0352 466 260 497 298
dog 0.0297 211 224 354 282
dog 0.0263 384 244 424 268
horse 0.0354 0 235 43 277
motorbike 0.0402 484 193 494 212
motorbike 0.0388 474 196 489 210
motorbike 0.0320 450 194 481 212
motorbike 0.0284 0 194 42 230
person 0.0775 480 195 492 211
person 0.0707 490 184 496 210
person 0.0408 446 193 478 213
person 0.0308 109 222 197 267
person 0.0253 0 235 43 277
pottedplant 0.0408 402 313 498 368
pottedplant 0.0331 454 324 494 369
pottedplant 0.0259 490 193 496 213
sheep 0.2194 460 259 495 299
sheep 0.1654 0 237 42 280
sheep 0.1057 105 225 194 269
sheep 0.0656 386 247 428 269
sheep 0.0460 432 243 492 274
sheep 0.0349 454 253 494 347
sheep 0.0340 418 249 467 268
sheep 0.0297 238 223 358 282
sheep 0.0274 405 250 449 267
sheep 0.0262 381 312 481 363
train 0.0682 447 178 485 210
train 0.0462 484 172 495 205
