chair 0.4872 303 1 481 205
chair 0.1189 74 2 179 111
chair 0.0704 1 3 134 163
chair 0.0684 308 24 436 124
chair 0.0663 417 70 492 196
chair 0.0656 401 2 492 135
chair 0.0644 -2 9 498 363
chair 0.0588 195 -2 338 156
chair 0.0484 38 66 136 223
chair 0.0446 93 3 245 134
chair 0.0428 255 10 357 133
chair 0.0384 292 -1 414 97
chair 0.0382 284 55 344 140
dog 0.5313 17 121 368 303
dog 0.0391 36 67 139 228
person 0.2223 186 -4 324 142
person 0.0805 73 1 179 118
person 0.0669 -2 9 498 363
person 0.0420 14 116 378 302
person 0.0384 6 59 168 312
sofa 0.1046 -2 9 498 363
sofa 0.0793 18 114 352 304
sofa 0.0466 296 3 480 209
sofa 0.0422 74 2 179 123
