aeroplane 0.0606 484 106 496 123
aeroplane 0.0234 190 150 235 179
aeroplane 0.0215 492 64 495 130
boat 0.0513 490 106 496 124
boat 0.0404 93 256 121 274
boat 0.0304 190 150 235 179
boat 0.0284 491 59 495 129
boat 0.0229 476 36 496 136
bottle 0.0419 148 19 159 33
bus 0.0637 190 150 235 179
bus 0.0636 490 106 496 124
bus 0.0333 136 16 155 32
bus 0.0286 146 17 161 32
car 0.6660 190 150 235 179
car 0.1640 490 106 496 124
car 0.0304 492 106 495 155
car 0.0202 143 19 156 34
chair 0.0528 93 256 121 274
chair 0.0237 490 108 496 126
cow 0.0215 490 108 496 126
cow 0.0205 143 19 156 34
motorbike 0.0293 190 152 234 180
motorbike 0.0254 490 106 496 124
person 0.0686 143 19 156 34
person 0.0414 490 106 496 124
person 0.0375 230 158 241 176
person 0.031 490 94 496 120
person 0.0201 190 150 235 179
pottedplant 0.0256 490 106 496 124
sheep 0.0290 490 108 496 126
sofa 0.0209 93 256 121 274
train 0.0720 142 16 157 32
train 0.0419 9 4 181 40
train 0.0416 81 5 163 33
train 0.0296 490 102 496 122
train 0.0288 190 150 235 179
train 0.0203 491 81 495 123
tvmonitor 0.0299 93 256 121 274
