bird 0.0580 69 153 206 256
bird 0.0532 294 124 379 274
bird 0.0449 341 196 404 300
bus 0.0486 210 -3 503 117
car 0.7668 206 -4 500 112
car 0.0698 -5 4 446 121
cat 0.5354 71 154 205 250
cat 0.2580 294 124 379 274
cat 0.0863 341 191 404 300
cat 0.0681 48 136 251 360
cat 0.0531 301 110 436 288
chair 0.0543 36 148 263 380
chair 0.0537 71 153 212 246
chair 0.0376 297 118 384 274
cow 0.0454 343 190 409 300
dog 0.3043 343 190 409 300
dog 0.2114 295 120 379 272
dog 0.0964 330 141 422 294
dog 0.0959 289 88 432 285
dog 0.0520 71 154 205 250
dog 0.0444 321 54 479 275
horse 0.0394 341 196 404 300
person 0.4165 321 54 479 275
person 0.0496 39 145 261 377
person 0.0432 74 153 224 257
pottedplant 0.1117 39 29 245 215
pottedplant 0.0732 33 152 267 382
pottedplant 0.0461 71 153 212 250
pottedplant 0.0459 -2 6 99 287
sheep 0.0958 341 196 404 300
sheep 0.0838 293 124 374 274
tvmonitor 0.0394 71 153 212 250
