bicycle 0.0425 107 199 356 371
bird 0.0393 247 269 342 371
bird 0.0373 181 338 275 373
boat 0.1445 319 81 402 243
boat 0.0648 392 93 469 243
boat 0.0391 376 98 424 238
bottle 0.0611 316 79 398 240
bottle 0.0360 197 349 273 373
bus 0.0530 317 81 397 243
bus 0.0455 5 113 44 258
bus 0.0352 391 95 462 241
car 0.0378 -1 100 20 212
car 0.0368 5 113 44 258
car 0.0354 317 81 397 243
chair 0.0955 101 228 167 366
chair 0.0809 88 223 250 371
chair 0.0657 101 225 127 321
chair 0.0389 129 0 365 372
chair 0.0370 104 193 351 371
chair 0.0352 57 292 281 371
cow 0.0435 188 344 267 373
cow 0.0370 163 332 277 373
dog 0.0870 247 269 342 371
dog 0.0741 188 344 267 373
dog 0.0553 130 315 309 372
horse 0.0370 101 207 347 369
horse 0.0359 233 274 340 372
person 0.7227 128 41 320 370
person 0.0636 100 225 121 304
person 0.0564 3 119 39 252
person 0.0537 196 349 267 373
person 0.0452 486 51 493 320
person 0.0424 393 101 461 246
person 0.0410 303 100 340 230
person 0.0407 469 34 494 337
person 0.0398 314 81 392 243
person 0.0383 0 98 17 173
person 0.0374 243 106 291 212
person 0.0364 218 83 316 258
person 0.0363 -1 100 21 218
person 0.0358 247 269 342 371
person 0.0347 430 79 486 292
pottedplant 0.0367 423 97 486 303
sheep 0.0466 246 274 342 372
sheep 0.0449 181 338 275 373
sheep 0.0395 123 315 301 372
train 0.1166 317 81 397 243
train 0.0664 5 113 44 258
train 0.0368 0 105 26 231
tvmonitor 0.0360 5 113 44 258
