aeroplane 0.0382 73 135 101 160
bicycle 0.0419 117 149 159 204
bicycle 0.0416 129 146 179 207
bicycle 0.0382 138 147 200 230
bird 0.0444 72 126 95 151
boat 0.0720 128 148 179 217
boat 0.0631 467 195 497 304
boat 0.0544 77 150 135 209
boat 0.0483 73 135 101 160
boat 0.0482 117 149 159 204
bottle 0.0451 433 344 499 372
bottle 0.0418 125 148 167 205
bottle 0.0395 134 142 150 159
car 0.1131 71 139 103 167
car 0.0942 71 128 96 154
car 0.0853 74 143 132 205
car 0.0612 134 140 149 155
car 0.0499 115 160 340 334
car 0.0448 473 196 497 298
chair 0.2148 76 150 130 209
chair 0.0457 71 139 103 167
chair 0.0423 75 129 99 154
chair 0.0387 129 146 179 207
cow 0.0426 73 135 101 160
cow 0.0392 466 198 498 325
diningtable 0.0424 76 154 129 210
dog 0.0425 429 344 495 372
horse 0.0473 3 132 156 368
horse 0.0467 70 131 96 157
horse 0.0396 71 139 103 167
horse 0.0383 76 150 130 209
motorbike 0.8064 107 159 334 335
motorbike 0.0501 71 128 96 154
motorbike 0.0441 130 150 224 308
motorbike 0.0397 134 142 150 159
person 0.1660 287 140 317 183
person 0.1400 72 126 95 151
person 0.1305 134 142 150 159
person 0.1113 130 145 177 202
person 0.0956 187 143 206 175
person 0.0657 152 144 179 174
person 0.0651 426 349 490 373
person 0.0645 71 139 103 167
person 0.0595 163 145 183 173
person 0.0465 158 151 227 267
person 0.0448 93 133 112 150
person 0.0443 115 155 340 334
person 0.0425 73 139 132 202
person 0.0413 150 145 275 290
pottedplant 0.0767 467 168 496 279
pottedplant 0.0454 72 126 95 151
sheep 0.0569 0 139 144 373
sheep 0.0562 74 143 132 205
sheep 0.0446 72 137 102 164
sheep 0.0392 75 129 99 154
sofa 0.0568 76 150 130 209
train 0.0458 473 202 497 310
