aeroplane 0.0416 11 -1 484 373
boat 0.0558 11 -1 484 373
bus 0.0864 301 -10 498 341
bus 0.0790 11 -1 484 373
chair 0.1259 444 217 496 329
chair 0.1045 76 267 231 373
chair 0.0537 113 142 319 369
chair 0.0440 28 153 467 376
chair 0.0439 442 134 498 348
chair 0.0383 184 114 373 373
chair 0.0365 49 250 399 372
chair 0.0363 490 214 497 333
person 0.5270 118 135 275 370
person 0.4021 202 110 371 372
person 0.0494 11 -1 484 373
sofa 0.1051 98 130 397 374
sofa 0.0636 16 207 479 375
sofa 0.0389 11 -1 484 373
train 0.1080 312 12 496 365
train 0.0780 11 -1 484 373
tvmonitor 0.0417 11 -1 484 373
