bird 0.0391 467 121 496 209
bird 0.0315 461 156 494 214
car 0.0326 0 12 496 359
cat 0.0594 1 0 494 248
cat 0.0362 0 115 151 279
chair 0.0741 0 12 496 359
cow 0.0592 1 2 494 251
cow 0.0341 460 153 496 212
cow 0.0339 492 87 494 191
cow 0.0314 493 72 494 193
diningtable 0.0382 0 12 496 359
dog 0.6048 1 2 494 251
dog 0.0682 467 121 496 209
dog 0.0542 461 156 494 214
dog 0.0342 484 76 496 195
dog 0.0328 3 12 242 277
horse 0.0566 0 12 496 359
horse 0.0466 460 116 496 208
horse 0.0362 475 99 496 202
person 0.1567 466 116 497 208
person 0.0815 1 2 494 251
person 0.0694 491 94 495 189
person 0.0663 492 82 494 190
person 0.0624 492 44 494 204
sheep 0.0351 461 156 494 214
sofa 0.0858 0 10 495 266
