aeroplane 0.0643 0 363 11 429
aeroplane 0.0511 0 375 13 479
aeroplane 0.0382 0 287 13 442
bicycle 0.0406 0 287 13 442
bicycle 0.0367 0 398 13 487
bicycle 0.0358 0 363 11 429
bird 0.0874 0 419 13 490
bird 0.0581 0 370 12 444
boat 0.0992 0 367 12 432
boat 0.0676 0 305 8 440
boat 0.0479 0 370 13 476
boat 0.0420 1 269 26 445
boat 0.0377 0 419 13 490
boat 0.0376 2 353 26 439
bottle 0.2906 136 115 208 403
bottle 0.1471 109 62 235 410
bottle 0.1138 79 194 136 309
bottle 0.1034 323 29 336 91
bottle 0.0966 95 222 131 303
bottle 0.0959 163 166 202 290
bottle 0.0845 173 181 191 243
bottle 0.0428 336 284 338 344
bottle 0.0357 105 198 143 274
car 0.0537 0 365 7 426
car 0.0536 248 341 336 497
car 0.0392 0 370 13 476
chair 0.3968 247 333 337 498
chair 0.0544 251 70 316 182
chair 0.0434 62 1 255 494
diningtable 0.0559 81 5 257 490
diningtable 0.0461 244 333 335 498
diningtable 0.0436 124 109 214 417
motorbike 0.0377 81 5 257 490
person 0.2677 71 3 251 493
person 0.1403 130 90 240 429
person 0.0418 0 370 13 476
person 0.0361 0 365 7 426
pottedplant 0.0619 0 419 13 490
pottedplant 0.0493 323 29 336 91
pottedplant 0.0396 0 365 7 426
pottedplant 0.0346 336 289 338 346
sheep 0.0560 0 369 8 430
sofa 0.0843 253 333 336 498
