bird 0.0433 410 52 491 257
bird 0.0411 298 64 376 265
bird 0.0348 373 103 419 246
cat 0.0493 31 116 96 209
cat 0.0347 373 103 419 246
cat 0.0324 296 59 371 261
cow 0.2184 410 51 491 253
cow 0.1105 295 60 372 264
cow 0.0851 373 103 419 246
cow 0.0800 414 55 479 105
cow 0.0600 31 116 96 209
cow 0.0577 417 7 492 122
cow 0.0406 275 3 368 127
cow 0.0344 491 79 496 235
cow 0.0340 27 -2 101 81
cow 0.0335 409 59 484 158
cow 0.0293 492 112 494 243
dog 0.7453 31 116 96 209
dog 0.0882 410 51 491 253
dog 0.0580 298 64 376 265
dog 0.0390 373 101 419 243
horse 0.0495 410 51 491 253
horse 0.0364 31 116 96 209
horse 0.0269 295 60 372 264
person 0.0403 30 116 97 212
sheep 0.6017 295 60 372 264
sheep 0.5397 373 103 419 246
sheep 0.4853 411 54 491 259
sheep 0.0775 275 3 368 127
sheep 0.0719 414 55 479 105
sheep 0.0548 417 7 492 122
sheep 0.0342 483 69 497 245
sheep 0.0325 380 98 419 139
sheep 0.0321 491 101 495 244
sheep 0.0312 409 59 484 163
sheep 0.0312 31 116 96 209
sheep 0.0308 492 112 494 243
sheep 0.0303 373 76 457 244
sheep 0.0288 426 146 483 261
sheep 0.0285 382 181 409 241
sheep 0.0278 405 62 457 139
sheep 0.0267 19 -2 93 81
sofa 0.0314 30 116 97 212
