aeroplane 0.0496 351 187 496 237
aeroplane 0.0381 15 0 465 327
bird 0.0445 184 105 209 143
boat 0.2356 41 0 266 270
boat 0.1306 23 0 464 327
boat 0.0790 350 188 496 241
boat 0.0682 173 101 206 148
boat 0.0467 71 30 353 224
boat 0.0444 355 200 491 270
boat 0.0414 192 293 373 327
bottle 0.0369 180 104 206 144
bottle 0.0305 38 -1 269 329
bus 0.0546 29 0 458 275
car 0.0393 190 292 367 328
car 0.0296 492 223 494 263
person 0.1504 184 105 209 143
pottedplant 0.0285 392 227 478 274
train 0.0573 24 0 471 327
train 0.0422 39 0 260 281
