bird 0.6384 199 87 381 259
bird 0.6189 24 119 244 282
bird 0.4834 335 51 456 222
bird 0.0669 319 98 386 236
bird 0.0538 205 126 243 175
bird 0.0530 357 56 457 156
bird 0.0388 278 88 381 141
bird 0.0368 412 41 481 105
bird 0.0342 460 56 496 134
bird 0.0331 413 50 457 118
bird 0.0325 476 65 496 125
bird 0.0301 443 23 497 239
bird 0.0298 173 108 416 343
bird 0.0281 263 86 396 209
bird 0.0261 162 129 255 193
bird 0.0259 429 27 495 113
bird 0.0256 89 68 336 283
bird 0.0256 363 24 483 116
cat 0.0302 206 124 242 166
chair 0.0262 0 -6 495 181
dog 0.0370 206 124 242 166
person 0.0277 20 124 240 293
pottedplant 0.0833 0 0 205 252
pottedplant 0.0667 0 56 95 295
pottedplant 0.0364 1 45 48 306
pottedplant 0.0314 -4 -1 225 126
sheep 0.0303 206 124 242 166
sofa 0.0359 0 -6 495 181
