aeroplane 0.0739 0 136 58 200
aeroplane 0.0525 352 7 424 24
aeroplane 0.0520 322 6 376 25
bicycle 0.5955 4 133 155 266
bicycle 0.3715 255 109 466 343
bicycle 0.2420 109 163 299 323
bicycle 0.1983 146 93 380 306
bicycle 0.1199 0 147 42 275
bicycle 0.0881 243 166 361 343
bicycle 0.0859 11 135 62 189
bicycle 0.0830 283 112 469 241
boat 0.0641 306 19 368 156
boat 0.0521 0 136 58 200
boat 0.0506 319 6 363 25
boat 0.0450 352 7 424 24
bottle 0.0457 4 125 162 257
bus 0.0610 352 7 424 24
bus 0.0524 449 7 483 24
car 0.1542 449 7 483 24
car 0.1387 357 7 427 23
car 0.1045 321 8 368 28
car 0.0711 412 9 450 21
car 0.0441 264 22 301 43
chair 0.0804 316 119 467 327
chair 0.0613 187 35 331 300
motorbike 0.0466 3 137 62 199
motorbike 0.0446 0 175 49 276
person 0.5225 196 20 323 281
person 0.0971 -2 134 36 237
person 0.0795 14 136 51 177
person 0.0576 0 134 35 179
pottedplant 0.0535 468 92 487 105
