bottle 0.0412 233 230 264 291
bottle 0.0381 238 211 258 284
bottle 0.0238 241 198 255 260
bottle 0.0233 240 172 293 316
bottle 0.0231 248 212 285 302
bottle 0.0209 244 190 263 268
bottle 0.0200 247 196 260 248
car 0.0206 216 244 270 295
chair 0.3294 114 228 146 292
chair 0.0409 122 171 221 335
chair 0.0393 28 180 109 327
chair 0.0336 110 201 192 307
chair 0.0312 63 203 117 305
chair 0.0250 66 218 157 303
chair 0.0200 251 177 298 318
diningtable 0.0298 116 227 149 294
diningtable 0.0235 123 173 231 334
motorbike 0.0253 248 177 296 318
motorbike 0.0232 234 225 262 290
motorbike 0.0200 246 213 276 295
person 0.7414 124 151 214 325
person 0.7254 29 170 104 318
person 0.5483 252 156 301 307
person 0.0430 241 198 255 260
person 0.0379 244 190 263 268
person 0.0356 238 211 258 284
person 0.0298 252 158 297 236
person 0.0250 233 230 264 291
person 0.0247 251 185 267 234
person 0.0246 35 196 51 237
person 0.0241 248 188 259 232
person 0.0228 258 157 291 212
person 0.0208 263 147 286 197
sofa 0.0305 116 227 149 294
sofa 0.0220 30 168 108 315
