bicycle 0.0894 343 200 385 262
bicycle 0.0706 155 140 253 332
bicycle 0.0527 108 193 269 332
bicycle 0.0526 80 36 242 331
bird 0.0525 172 141 205 174
boat 0.0390 96 1 500 330
boat 0.0341 91 48 279 284
bottle 0.0539 350 196 386 261
bottle 0.0460 151 132 250 330
bottle 0.0453 165 139 228 281
bottle 0.0321 322 162 368 268
bottle 0.0302 337 146 383 263
car 0.0436 339 194 383 263
chair 0.0337 77 29 246 328
dog 0.0342 349 191 387 260
horse 0.0404 343 190 386 261
motorbike 0.1232 343 190 386 261
motorbike 0.0633 146 140 248 333
motorbike 0.0461 80 36 242 331
person 0.5526 319 142 371 262
person 0.3076 91 126 193 331
person 0.1330 343 190 386 261
person 0.1077 82 36 248 332
person 0.0497 157 136 229 284
person 0.0327 56 54 166 314
person 0.0300 172 141 205 174
pottedplant 0.0459 172 141 205 174
pottedplant 0.0413 155 128 207 187
pottedplant 0.0399 86 39 260 293
pottedplant 0.0351 156 132 253 330
pottedplant 0.0336 16 0 479 332
pottedplant 0.0331 -2 41 28 107
pottedplant 0.0317 343 200 385 262
