aeroplane 0.0339 191 124 256 141
aeroplane 0.0305 436 139 487 157
aeroplane 0.0253 305 129 354 148
bicycle 0.0286 345 177 377 215
bird 0.0454 324 161 349 208
bird 0.0340 349 166 380 213
bird 0.0311 325 161 342 191
bird 0.0254 354 161 375 199
boat 0.0421 191 124 256 141
boat 0.0307 62 55 183 236
boat 0.0303 309 129 357 149
boat 0.0290 324 161 349 208
boat 0.0253 338 172 376 216
boat 0.0249 323 171 359 217
bottle 0.0326 343 169 379 215
bottle 0.0284 325 161 342 187
bottle 0.0268 326 161 348 205
bottle 0.0258 362 163 374 184
bottle 0.0256 355 162 374 194
bus 0.1156 191 124 256 141
bus 0.0599 305 129 354 148
bus 0.0495 436 139 487 157
bus 0.0493 183 121 311 143
bus 0.0315 370 135 406 148
bus 0.0304 381 134 419 149
bus 0.0303 491 134 495 157
bus 0.0253 250 125 370 148
car 0.5642 436 139 487 157
car 0.1953 191 124 256 141
car 0.1595 305 129 354 148
car 0.0866 373 137 403 150
car 0.0838 483 141 496 155
car 0.0390 426 141 460 155
car 0.0327 178 119 355 149
car 0.0307 409 135 453 157
car 0.0273 345 137 377 150
car 0.0262 62 55 183 236
cat 0.0583 289 191 385 266
cat 0.0545 170 186 223 281
cat 0.0283 184 240 224 277
chair 0.0685 345 177 377 215
cow 0.0577 189 125 252 142
cow 0.0573 289 191 385 266
cow 0.0395 170 186 223 281
dog 0.7251 170 186 223 281
dog 0.7092 289 191 385 266
dog 0.0619 179 239 223 278
dog 0.0472 349 173 380 215
dog 0.0374 324 181 358 217
dog 0.0323 324 161 349 208
horse 0.0463 289 191 385 266
horse 0.0391 324 161 349 208
horse 0.0369 349 173 380 215
horse 0.0348 170 186 223 281
horse 0.0272 189 125 252 142
person 0.7439 63 92 159 278
person 0.3286 324 161 349 208
person 0.3150 351 163 378 211
person 0.0448 76 63 145 229
person 0.0400 288 189 386 265
person 0.0372 170 186 223 281
person 0.0317 489 144 497 157
person 0.0306 -4 31 195 261
person 0.0291 191 124 256 141
person 0.0282 491 134 495 157
sheep 0.0496 289 191 385 266
sheep 0.0395 170 186 223 281
sheep 0.0270 179 239 223 278
sofa 0.0368 288 189 386 265
sofa 0.0327 349 173 380 215
train 0.1775 189 124 251 141
train 0.0808 187 121 300 143
train 0.0771 178 119 355 149
train 0.0342 309 132 356 150
