aeroplane 0.0880 3 79 31 92
aeroplane 0.0402 299 86 320 98
bicycle 0.0263 3 79 31 92
bird 0.0774 180 153 212 200
bird 0.0455 187 183 292 269
bird 0.0396 304 353 355 370
bird 0.0380 359 195 417 275
bird 0.0341 309 351 405 371
bird 0.0299 324 166 389 194
bird 0.0263 296 188 410 281
boat 0.1001 299 86 320 98
boat 0.0580 1 79 24 92
bottle 0.0294 305 352 361 370
bottle 0.0284 179 151 207 197
car 0.1103 3 79 31 92
car 0.0383 299 86 320 98
cat 0.0944 179 151 207 197
cat 0.0364 359 195 417 275
cat 0.0350 182 185 282 268
cow 0.1156 180 153 212 200
cow 0.0817 187 183 292 269
cow 0.0603 359 195 417 275
cow 0.0569 319 166 387 194
cow 0.0558 288 184 402 280
cow 0.0405 294 164 333 184
cow 0.0328 296 167 362 192
cow 0.0313 309 357 350 371
cow 0.0287 299 90 320 98
cow 0.0265 280 164 317 184
cow 0.0263 273 184 355 268
dog 0.2462 179 151 207 197
dog 0.0525 187 183 292 269
dog 0.0458 360 198 416 277
dog 0.0367 305 352 361 370
dog 0.0325 309 351 405 371
dog 0.0304 287 182 403 277
dog 0.0287 324 166 389 194
dog 0.0269 245 179 311 274
horse 0.0646 181 151 211 196
horse 0.0308 184 183 288 269
motorbike 0.0294 0 80 18 92
person 0.0627 309 357 350 371
person 0.0385 303 351 395 371
person 0.0379 179 151 207 197
pottedplant 0.0283 1 79 24 92
sheep 0.5151 285 182 397 276
sheep 0.4526 191 182 296 270
sheep 0.4274 324 166 389 194
sheep 0.3235 359 190 417 274
sheep 0.2644 180 153 212 200
sheep 0.2294 245 179 311 274
sheep 0.2086 290 165 330 188
sheep 0.1917 298 165 353 188
sheep 0.1030 189 169 275 207
sheep 0.0953 210 167 269 197
sheep 0.0850 317 169 420 260
sheep 0.0848 253 169 289 195
sheep 0.0751 239 165 287 189
sheep 0.0731 255 172 302 204
sheep 0.0662 230 173 288 203
sheep 0.0616 183 176 225 224
sheep 0.0550 263 169 325 207
sheep 0.0476 299 90 320 98
sheep 0.0348 305 352 361 370
sheep 0.0302 3 79 31 92
