aeroplane 0.0500 1 22 370 473
boat 0.0615 1 22 370 473
bottle 0.0463 357 203 371 471
bottle 0.0351 357 194 371 301
bottle 0.0351 368 204 372 439
bus 0.1085 1 22 370 473
bus 0.0388 118 157 254 432
bus 0.0358 357 190 372 297
bus 0.0322 78 135 293 282
car 0.0618 357 194 371 301
car 0.0528 34 128 337 430
car 0.0396 356 204 373 369
car 0.0305 118 157 254 432
chair 0.0326 357 196 371 306
horse 0.0326 356 200 372 358
motorbike 0.0371 357 194 371 301
motorbike 0.0301 356 204 373 369
person 0.7233 160 176 228 429
person 0.6403 240 177 371 497
person 0.3194 231 181 286 493
person 0.1572 356 201 372 364
person 0.0890 239 173 278 251
person 0.0867 357 149 371 291
person 0.0713 265 182 305 242
person 0.0647 349 99 373 295
person 0.0617 337 91 373 224
person 0.0516 91 144 280 264
person 0.0506 327 193 366 482
person 0.0489 34 128 337 430
person 0.0438 228 171 278 363
person 0.0349 368 91 371 240
person 0.0329 177 179 211 229
person 0.0307 369 273 371 496
person 0.0303 300 179 370 433
train 0.1934 1 22 370 473
train 0.1269 4 96 273 399
train 0.0595 76 124 295 278
