boat 0.0494 0 235 7 354
boat 0.0267 0 251 7 432
bottle 0.0566 0 242 7 361
bottle 0.0419 312 468 331 496
bottle 0.0312 322 468 331 495
bus 0.0406 0 235 7 354
bus 0.0254 0 251 7 432
car 0.0624 0 235 7 354
car 0.0401 0 251 7 432
car 0.0289 1 332 32 483
car 0.0264 312 468 331 496
chair 0.5796 135 294 258 482
chair 0.0492 297 431 331 494
chair 0.0491 172 105 241 202
chair 0.0446 0 241 7 355
chair 0.0446 312 468 331 496
chair 0.0334 0 262 33 490
chair 0.0299 0 259 7 439
chair 0.0269 306 384 331 493
diningtable 0.0316 134 290 259 471
person 0.0611 1 247 6 412
person 0.0253 327 468 332 495
person 0.0250 318 475 330 496
pottedplant 0.0444 0 242 7 361
pottedplant 0.0362 312 468 331 496
pottedplant 0.0260 1 255 6 458
sofa 0.0326 135 294 258 482
train 0.0478 -2 13 275 482
train 0.0379 0 241 7 355
tvmonitor 0.0655 0 235 7 354
tvmonitor 0.0287 0 251 7 432
tvmonitor 0.0254 312 468 331 496
