bottle 0.3533 93 40 137 158
bottle 0.0700 61 34 117 140
bottle 0.0687 125 -1 263 176
bottle 0.0660 121 24 185 151
bottle 0.0567 2 -1 58 145
bottle 0.0488 224 1 247 33
bottle 0.0479 86 5 173 68
bottle 0.0440 95 13 176 123
bottle 0.0417 182 3 218 30
bottle 0.0416 78 4 99 30
chair 0.0753 0 77 372 495
chair 0.0512 0 250 190 494
diningtable 0.0542 -2 249 204 495
diningtable 0.0427 0 92 371 495
person 0.8088 0 4 371 467
person 0.0571 2 23 169 285
person 0.0444 86 54 132 166
sofa 0.1634 0 133 371 494
tvmonitor 0.0525 -1 266 197 494
