aeroplane 0.1243 295 97 419 156
aeroplane 0.0458 315 92 336 109
aeroplane 0.0384 297 62 361 103
aeroplane 0.0378 360 82 377 101
aeroplane 0.0318 263 196 318 251
bicycle 0.0366 470 170 494 212
bicycle 0.0348 384 133 400 173
bicycle 0.0320 356 81 374 102
bird 0.0519 4 -1 83 68
boat 0.0949 263 196 318 251
boat 0.0588 92 234 153 300
boat 0.0399 218 81 260 155
boat 0.0396 295 97 419 156
bus 0.1296 216 81 256 155
bus 0.1022 3 9 264 192
bus 0.0454 290 54 361 94
bus 0.0394 262 195 318 246
bus 0.0374 151 156 297 216
car 0.6395 150 157 298 219
car 0.2658 218 81 260 155
car 0.1314 475 171 495 211
car 0.1067 293 101 420 158
car 0.0566 262 195 318 246
car 0.0530 151 160 234 211
car 0.0489 225 169 301 197
car 0.0476 0 158 18 196
car 0.0471 291 56 360 97
car 0.0450 3 54 234 199
car 0.0421 383 117 416 165
car 0.0383 359 85 377 104
car 0.0368 389 146 409 207
car 0.0343 313 88 338 107
car 0.0314 284 96 304 146
cat 0.0398 2 -1 78 68
chair 0.0427 470 170 494 212
chair 0.0386 2 0 78 73
chair 0.0380 265 195 323 252
dog 0.0447 2 -1 78 68
horse 0.0317 4 -1 83 68
motorbike 0.0610 475 171 495 211
motorbike 0.0460 384 167 409 233
motorbike 0.0422 355 84 374 104
motorbike 0.0410 383 126 409 169
motorbike 0.0398 386 138 406 180
motorbike 0.0379 389 146 409 213
motorbike 0.0379 151 156 297 216
person 0.4224 311 144 333 214
person 0.2718 383 162 409 232
person 0.1551 284 96 304 146
person 0.0771 356 81 374 102
person 0.0698 315 92 336 109
person 0.0657 389 146 409 207
person 0.0649 2 -1 71 68
person 0.0499 384 133 400 173
person 0.0459 1 0 25 72
person 0.0455 476 166 495 211
person 0.0445 220 136 243 164
person 0.0426 216 81 256 155
person 0.0379 377 119 407 164
person 0.0317 158 23 188 61
pottedplant 0.0808 416 96 493 163
pottedplant 0.0484 359 79 377 99
pottedplant 0.0389 384 133 400 173
pottedplant 0.0374 470 170 494 212
sheep 0.0370 2 -1 78 68
train 0.0584 218 81 260 155
train 0.0380 4 49 241 199
tvmonitor 0.1284 5 19 240 193
tvmonitor 0.0546 262 195 318 246
