bird 0.0400 27 1 54 11
bird 0.0316 190 153 282 196
bird 0.0226 262 155 279 180
bird 0.0203 3 1 15 11
boat 0.0299 190 153 282 196
boat 0.0223 27 1 54 11
boat 0.0219 158 142 336 188
boat 0.0211 89 85 406 224
car 0.0354 190 151 282 194
car 0.0269 158 142 336 188
car 0.0218 27 1 54 11
car 0.0207 0 0 11 12
car 0.0204 0 0 5 22
cat 0.0345 4 0 327 331
cat 0.0342 190 153 282 196
cow 0.5015 190 153 282 196
cow 0.0722 262 155 279 180
cow 0.0511 27 3 54 13
cow 0.0457 239 155 279 184
cow 0.0269 89 85 406 224
cow 0.0206 71 39 353 290
cow 0.0206 18 89 477 313
dog 0.1466 190 151 282 194
dog 0.0408 27 1 54 11
dog 0.0363 257 155 277 180
dog 0.0283 22 2 44 10
horse 0.1177 190 151 282 194
horse 0.0425 27 1 54 11
horse 0.0356 262 155 279 180
horse 0.0264 239 155 279 184
horse 0.0245 158 142 336 188
motorbike 0.0219 158 142 336 188
person 0.0339 257 155 277 180
person 0.0308 189 149 283 191
person 0.0270 27 1 54 11
person 0.0225 158 142 336 188
person 0.0215 0 0 5 22
sheep 0.2669 190 153 282 196
sheep 0.0657 27 3 54 13
sheep 0.0532 -1 128 497 331
sheep 0.0479 262 156 279 183
sheep 0.0243 3 1 15 11
train 0.0603 190 153 282 196
train 0.0299 158 142 336 188
train 0.0259 89 85 406 224
train 0.0217 19 19 476 274
