bottle 0.0693 318 246 334 283
car 0.0642 84 97 348 303
chair 0.0589 126 69 322 249
chair 0.0557 2 131 78 241
chair 0.0557 75 362 147 372
chair 0.0552 461 162 493 220
chair 0.0541 82 13 475 305
chair 0.0505 385 256 493 326
chair 0.0495 25 309 157 372
chair 0.0464 0 236 50 317
diningtable 0.0503 210 243 488 380
person 0.3022 133 69 307 226
person 0.2567 90 92 350 355
person 0.2022 95 10 447 267
person 0.1365 219 258 314 371
person 0.1063 316 241 335 282
person 0.0650 203 60 503 363
person 0.0566 83 147 279 242
sofa 0.0734 82 13 475 305
tvmonitor 0.0690 4 135 70 242
