aeroplane 0.0298 81 375 96 385
bicycle 0.0243 0 0 347 496
bird 0.0554 81 375 96 385
bird 0.0426 247 282 345 345
bird 0.0299 0 0 347 496
bird 0.0214 324 287 345 333
bird 0.0206 247 283 296 344
boat 0.0423 80 371 96 382
boat 0.0376 0 0 347 496
bottle 0.0462 0 0 347 496
bottle 0.0223 263 285 350 342
car 0.0272 0 0 347 496
cat 0.0593 244 282 342 345
cat 0.0443 0 0 347 496
cat 0.0259 247 283 296 344
chair 0.0343 0 0 347 496
chair 0.0312 247 282 345 345
cow 0.2047 247 282 345 345
cow 0.0359 307 286 339 334
cow 0.0304 323 291 345 337
cow 0.0232 247 285 290 342
cow 0.0214 81 375 96 385
diningtable 0.0584 0 0 347 496
dog 0.3966 247 282 345 345
dog 0.0665 247 283 296 344
dog 0.0415 307 289 339 338
dog 0.0307 324 287 345 333
dog 0.0228 0 0 347 496
horse 0.1155 247 282 345 345
horse 0.0245 307 286 339 334
horse 0.0229 324 287 345 333
person 0.0717 247 282 345 345
person 0.0415 0 0 347 496
person 0.0407 247 285 290 342
person 0.0289 307 289 339 338
person 0.0287 328 286 346 334
person 0.0244 338 286 347 334
pottedplant 0.0781 0 0 347 496
sheep 0.0699 247 282 345 345
sheep 0.0667 81 375 96 385
sheep 0.0266 307 286 339 334
sheep 0.0266 324 287 345 333
sofa 0.0400 246 284 341 349
sofa 0.0241 0 0 347 496
train 0.0292 247 282 345 345
tvmonitor 0.0417 0 0 347 496
