aeroplane 0.6782 33 118 477 253
aeroplane 0.0347 174 352 226 371
bird 0.0319 311 368 341 371
boat 0.0690 174 352 226 371
boat 0.0376 0 354 25 369
boat 0.0329 135 368 181 371
boat 0.0318 151 367 180 372
boat 0.0303 311 363 348 371
boat 0.0273 214 334 320 371
boat 0.0265 117 368 167 371
bottle 0.0394 374 319 472 374
bottle 0.0337 407 334 470 370
bottle 0.0288 307 364 344 371
bottle 0.0281 174 352 226 371
bus 0.0734 174 352 226 371
bus 0.0293 16 353 72 370
bus 0.0293 396 308 481 373
bus 0.0272 0 354 25 369
bus 0.0264 70 354 127 369
bus 0.0263 21 352 114 370
car 0.1693 174 352 226 371
car 0.0586 152 363 194 371
car 0.0566 0 358 18 370
car 0.0553 151 367 180 372
car 0.0518 135 368 181 371
car 0.0494 359 312 472 375
car 0.0443 315 367 344 372
car 0.0435 402 321 475 371
car 0.0390 117 368 167 371
car 0.0286 490 346 496 370
car 0.0280 326 283 364 299
car 0.0279 433 314 491 373
car 0.0278 317 368 373 371
car 0.0275 13 359 60 369
car 0.0270 478 356 493 372
car 0.0266 74 354 131 369
chair 0.0329 175 355 226 372
motorbike 0.0320 345 318 470 375
person 0.0552 307 364 344 371
person 0.0398 402 321 475 371
person 0.0384 345 318 470 375
person 0.0382 151 367 180 372
person 0.0377 484 350 495 373
person 0.0366 177 352 231 371
person 0.0321 135 368 181 371
person 0.0282 117 368 167 371
person 0.0269 436 332 488 372
person 0.0267 344 358 439 370
pottedplant 0.0390 214 334 320 371
pottedplant 0.0314 307 364 344 371
pottedplant 0.0305 174 352 226 371
pottedplant 0.0272 152 364 186 371
sheep 0.0271 0 358 18 370
sheep 0.0257 172 356 222 372
train 0.0398 174 352 226 371
train 0.0283 19 335 139 369
train 0.0257 52 344 138 366
tvmonitor 0.0368 174 352 226 371
