bird 0.0293 322 0 361 8
boat 0.0383 0 190 495 328
car 0.0365 79 0 166 28
car 0.0364 322 0 375 7
cat 0.0417 114 21 208 157
chair 0.0708 273 -1 480 205
chair 0.0390 258 22 339 197
chair 0.0366 77 -9 230 151
chair 0.0359 79 0 174 33
chair 0.0347 243 145 322 213
chair 0.0303 68 0 200 54
chair 0.0302 164 82 401 286
chair 0.0295 19 -12 351 134
chair 0.0286 47 -4 299 69
chair 0.0283 59 1 131 27
diningtable 0.0920 0 190 495 328
diningtable 0.0325 1 1 495 327
diningtable 0.0316 273 0 480 213
dog 0.8312 114 22 208 159
person 0.0821 316 0 366 12
person 0.0805 444 62 488 121
person 0.0617 485 62 494 121
person 0.0605 292 2 492 196
person 0.0594 423 74 447 103
person 0.0560 387 72 436 131
person 0.0470 405 82 449 131
person 0.0463 234 10 363 199
person 0.0375 315 0 430 12
person 0.0360 491 74 495 144
person 0.0338 114 22 208 159
person 0.0307 360 47 487 192
person 0.0277 336 116 425 185
pottedplant 0.0562 174 164 250 210
pottedplant 0.0302 271 -1 474 189
pottedplant 0.0299 322 0 375 7
pottedplant 0.0282 467 1 496 37
sofa 0.0423 114 21 208 157
sofa 0.0355 273 -1 480 205
sofa 0.0325 77 -9 230 151
sofa 0.0278 23 -14 347 156
tvmonitor 0.0482 274 -2 479 201
tvmonitor 0.0293 0 170 496 333
