bicycle 0.0290 455 154 492 316
boat 0.0581 334 207 403 252
boat 0.0295 465 163 489 213
boat 0.0288 111 -4 455 302
bottle 0.0571 465 163 489 213
bottle 0.0466 455 157 492 323
bottle 0.0263 -8 0 129 330
bus 0.0336 107 -6 458 300
car 0.3642 111 -4 454 287
car 0.0253 465 163 489 213
cat 0.0514 465 163 489 213
cat 0.0361 2 264 86 331
chair 0.1131 464 165 490 216
chair 0.1000 1 264 95 331
chair 0.0897 449 153 491 311
chair 0.0721 7 265 175 329
chair 0.0502 458 159 491 259
chair 0.0453 117 -4 463 303
chair 0.0318 402 156 491 324
chair 0.0303 300 257 475 328
chair 0.0257 -8 0 121 329
diningtable 0.0510 464 165 490 216
diningtable 0.0340 450 153 491 317
dog 0.0337 2 260 94 330
motorbike 0.0295 12 0 483 330
person 0.0911 1 264 95 331
person 0.0322 465 163 489 213
person 0.0262 478 39 493 290
person 0.0251 240 324 317 328
pottedplant 0.0549 465 163 489 213
pottedplant 0.0260 455 155 492 320
sofa 0.0883 2 264 110 331
sofa 0.0392 117 -4 463 303
sofa 0.0381 464 165 490 216
train 0.0258 12 0 483 330
tvmonitor 0.1706 465 163 489 213
tvmonitor 0.0646 111 -4 455 302
tvmonitor 0.0316 -2 0 138 330
