aeroplane 0.0562 461 213 477 233
aeroplane 0.0310 22 206 51 217
bicycle 0.0513 458 213 475 233
bird 0.0271 458 213 475 233
boat 0.0406 461 213 477 233
boat 0.0398 22 206 51 217
boat 0.0287 18 210 40 219
boat 0.0271 1 149 24 164
boat 0.0219 16 50 57 75
bottle 0.0335 458 213 475 233
bus 0.1329 22 206 51 217
bus 0.0570 459 211 474 231
bus 0.0316 8 210 18 219
bus 0.0293 2 201 8 217
bus 0.0262 2 209 9 221
bus 0.0205 2 193 8 213
car 0.2627 461 211 477 231
car 0.1460 23 209 49 219
car 0.0601 418 207 428 217
car 0.0600 411 207 420 217
car 0.0407 493 204 494 238
chair 0.0381 461 213 477 233
chair 0.0243 23 209 49 219
cow 0.0906 461 213 477 233
cow 0.0456 23 209 49 219
cow 0.0395 411 210 420 219
cow 0.0360 418 210 428 219
dog 0.0312 461 213 477 233
horse 0.0772 458 213 475 233
horse 0.0259 415 210 423 219
horse 0.0241 23 209 49 219
horse 0.0207 33 210 55 219
motorbike 0.1474 458 213 475 233
motorbike 0.0231 23 209 49 219
motorbike 0.0213 414 207 424 217
person 0.1511 458 213 475 233
person 0.0461 415 210 423 219
person 0.0417 407 210 416 219
person 0.0410 21 210 44 218
person 0.0298 493 204 494 238
person 0.0221 5 209 13 220
person 0.0221 1 202 2 227
person 0.0219 494 174 493 244
pottedplant 0.0322 461 213 477 233
sheep 0.0595 461 213 477 233
sheep 0.0269 411 210 420 219
sofa 0.0219 461 213 477 233
train 0.8219 73 138 399 279
train 0.2187 22 206 51 217
train 0.0559 461 211 477 231
train 0.0222 72 200 87 218
