bicycle 0.0674 0 0 496 371
bottle 0.0454 13 0 52 9
bottle 0.0446 0 -1 19 16
car 0.1466 9 -1 48 15
car 0.1142 1 -2 25 16
car 0.1027 16 0 88 20
car 0.0971 331 1 437 12
car 0.0950 350 1 433 7
car 0.0875 299 1 430 18
car 0.0818 0 0 496 371
car 0.0787 68 -1 114 32
car 0.0642 0 -1 12 68
car 0.0586 240 2 325 6
car 0.0504 229 0 500 89
car 0.0469 238 0 421 31
chair 0.0600 68 -1 114 32
chair 0.0468 0 2 12 76
motorbike 0.9047 0 0 496 371
motorbike 0.0890 234 -1 495 185
person 0.1055 68 -1 114 32
person 0.0695 4 -1 37 15
person 0.0585 0 0 496 371
person 0.0518 0 2 12 76
pottedplant 0.0704 69 -1 113 28
pottedplant 0.0467 16 0 56 10
