bottle 0.0291 207 388 312 504
bottle 0.0251 342 313 356 338
bottle 0.0208 236 394 360 499
bottle 0.0200 366 314 379 337
bus 0.0496 266 292 307 344
bus 0.0325 342 313 356 338
bus 0.0232 287 300 317 336
bus 0.0203 366 314 379 337
car 0.0658 346 314 360 337
car 0.0638 338 313 352 337
car 0.0433 274 299 306 344
car 0.0371 362 315 375 336
car 0.0353 370 315 382 336
car 0.0292 1 308 10 344
car 0.0231 315 321 328 338
car 0.0206 28 313 53 338
cow 0.7286 106 330 209 400
cow 0.0940 111 340 133 397
cow 0.0793 186 348 207 397
cow 0.0661 176 347 201 398
cow 0.0636 160 337 201 393
cow 0.0346 194 329 207 345
cow 0.0309 102 337 119 361
cow 0.0245 174 337 188 361
cow 0.0237 176 333 186 349
cow 0.0235 98 329 116 346
dog 0.0258 106 330 209 400
dog 0.0221 186 362 207 398
dog 0.0217 196 365 211 395
horse 0.0766 106 330 209 400
horse 0.0276 186 362 207 398
horse 0.0275 111 340 133 397
horse 0.0224 160 337 201 393
horse 0.0206 185 338 208 392
motorbike 0.0214 343 319 355 339
person 0.0491 346 314 360 337
person 0.0473 338 313 352 337
person 0.0354 367 319 378 339
person 0.0273 295 324 309 343
person 0.0263 277 306 304 344
person 0.0201 1 299 3 352
pottedplant 0.0206 342 313 356 338
sheep 0.0692 106 330 209 400
sheep 0.0528 196 365 211 395
sheep 0.0488 186 362 207 398
sheep 0.0296 111 340 133 397
sheep 0.0254 191 333 202 350
sheep 0.0241 198 333 210 349
sheep 0.0216 190 334 204 363
train 0.0373 266 292 307 344
train 0.0360 106 330 209 400
