bottle 0.0809 317 400 329 462
bottle 0.0629 4 292 18 335
bottle 0.0582 21 297 37 330
bottle 0.0476 13 295 31 333
car 0.0596 1 0 11 11
chair 0.5458 140 280 246 348
chair 0.3304 1 415 89 494
chair 0.0772 0 335 23 402
chair 0.0747 0 428 39 497
chair 0.0744 -1 323 35 492
chair 0.0717 -1 323 14 500
chair 0.0612 -1 322 76 493
chair 0.0591 3 380 155 497
chair 0.0565 0 445 7 495
chair 0.0564 318 403 329 467
chair 0.0550 0 459 12 497
chair 0.0526 286 399 329 494
chair 0.0515 0 394 8 499
chair 0.0503 18 299 36 335
chair 0.0494 308 392 328 462
chair 0.0488 -1 427 19 497
chair 0.0482 289 354 327 461
chair 0.0459 318 346 329 462
chair 0.0443 30 444 164 496
chair 0.0435 74 283 302 477
chair 0.0434 37 231 156 396
chair 0.0433 3 476 35 495
chair 0.0423 12 325 62 396
chair 0.0408 213 348 329 498
chair 0.0401 306 414 330 494
chair 0.0386 307 337 329 454
diningtable 0.4674 1 321 329 486
diningtable 0.1020 -2 353 207 493
diningtable 0.0764 140 280 246 348
diningtable 0.0478 3 422 96 495
diningtable 0.0407 38 239 156 396
person 0.0474 35 231 154 396
person 0.0446 321 401 330 461
person 0.0424 317 388 329 458
person 0.0420 327 403 329 474
pottedplant 0.3326 35 231 154 396
pottedplant 0.0899 1 0 11 11
pottedplant 0.0474 317 400 329 462
pottedplant 0.0454 26 298 116 392
pottedplant 0.0407 21 297 37 330
pottedplant 0.0370 17 327 67 395
sofa 0.0555 140 280 246 348
sofa 0.0449 1 406 88 495
tvmonitor 0.0624 0 248 22 325
