bottle 0.0353 331 31 359 70
bottle 0.0350 287 7 317 48
bottle 0.0314 68 338 239 372
car 0.0309 68 338 239 372
cat 0.0420 68 338 239 372
cat 0.0308 229 98 492 326
chair 0.1452 68 338 239 372
chair 0.0894 231 91 490 321
chair 0.0755 0 161 182 350
chair 0.0569 0 0 175 372
chair 0.0471 0 2 80 369
chair 0.0440 5 243 263 374
chair 0.0418 9 334 166 371
chair 0.0341 -1 1 91 200
chair 0.0311 4 117 77 318
chair 0.0302 157 140 181 166
chair 0.0276 3 0 38 102
chair 0.0275 215 86 396 244
chair 0.0250 4 297 116 372
diningtable 0.1052 68 338 239 372
diningtable 0.0814 234 110 495 331
person 0.0421 0 3 66 368
person 0.0399 75 345 239 371
person 0.0270 0 163 184 354
person 0.0258 -2 0 131 371
person 0.0257 331 31 359 70
pottedplant 0.0287 68 338 239 372
pottedplant 0.0256 0 0 175 372
sofa 0.5178 0 163 184 354
sofa 0.2043 226 78 487 316
sofa 0.0850 68 338 239 372
sofa 0.0331 -2 251 177 366
sofa 0.0286 215 86 396 244
sofa 0.0257 3 121 77 321
tvmonitor 0.0989 157 140 181 166
tvmonitor 0.0896 68 338 239 372
tvmonitor 0.0702 331 31 359 70
tvmonitor 0.0648 2 1 31 100
tvmonitor 0.0433 287 7 317 48
tvmonitor 0.0428 229 98 492 326
tvmonitor 0.0279 1 3 72 368
