aeroplane 0.0231 22 190 141 484
aeroplane 0.0209 0 3 309 335
bicycle 0.0315 24 182 143 477
bicycle 0.0213 3 2 305 493
bird 0.0217 25 186 142 480
boat 0.0345 25 186 142 480
boat 0.0292 3 2 305 493
boat 0.0232 0 254 309 506
boat 0.0216 22 190 145 328
bottle 0.8918 170 14 294 481
bottle 0.0791 200 17 250 173
bottle 0.0407 26 191 146 319
bottle 0.0326 224 20 264 170
bottle 0.0256 239 34 254 94
bottle 0.0242 206 13 239 99
bottle 0.0226 250 8 307 198
bottle 0.0204 54 3 333 492
bus 0.0329 0 3 310 344
car 0.0527 0 3 310 344
car 0.0246 26 191 146 319
chair 0.1040 18 188 140 479
chair 0.0325 3 2 305 493
diningtable 0.0270 3 2 305 493
diningtable 0.0266 25 186 142 480
diningtable 0.0243 0 327 309 495
motorbike 0.0201 3 2 305 493
person 0.0271 22 0 325 495
person 0.0219 0 53 7 442
person 0.0215 299 25 312 470
person 0.0212 0 6 26 489
person 0.0211 285 13 311 482
pottedplant 0.0950 27 183 145 476
pottedplant 0.0352 21 191 142 335
sofa 0.0270 3 2 305 493
train 0.0717 0 3 309 335
tvmonitor 0.0243 28 -6 281 33
tvmonitor 0.0232 3 2 305 493
