aeroplane 0.0268 139 327 262 372
bicycle 0.0269 134 323 267 371
bicycle 0.0259 214 357 266 371
bicycle 0.0250 158 350 290 372
bird 0.0359 220 357 267 371
bird 0.0252 0 0 496 371
boat 0.0338 139 327 262 372
bottle 0.0710 220 357 267 371
bottle 0.0280 0 0 496 371
bus 0.0346 0 0 496 371
car 0.0551 0 0 496 371
cat 0.0372 0 0 496 371
cat 0.0273 220 357 267 371
chair 0.1103 0 0 496 371
chair 0.0820 135 326 258 372
chair 0.0380 0 2 254 147
chair 0.0360 158 350 290 372
chair 0.0285 220 357 267 371
cow 0.0297 220 357 267 371
diningtable 0.0502 0 0 496 371
dog 0.0642 0 0 496 371
dog 0.0456 220 357 267 371
horse 0.0372 0 0 496 371
motorbike 0.0338 0 0 496 371
person 0.7728 131 1 489 370
person 0.0930 220 357 267 371
person 0.0474 321 0 494 371
person 0.0293 478 0 501 371
person 0.0266 129 323 248 370
person 0.0261 434 2 498 370
pottedplant 0.0379 220 357 267 371
pottedplant 0.0353 133 328 237 371
pottedplant 0.0253 0 0 496 371
sheep 0.0281 220 357 267 371
sofa 0.1349 0 0 496 371
sofa 0.0336 135 326 258 372
tvmonitor 0.0435 0 0 496 371
