aeroplane 0.0202 58 79 452 309
bird 0.0243 455 126 492 145
boat 0.0334 58 79 452 309
bottle 0.0277 57 74 446 308
bus 0.0370 57 78 446 309
bus 0.0364 4 83 54 135
bus 0.0271 -2 64 201 236
bus 0.0260 2 79 24 139
bus 0.0248 8 75 80 120
car 0.7855 -2 64 201 236
car 0.7669 63 73 454 308
car 0.1292 13 62 208 133
car 0.0571 72 63 117 73
car 0.0564 73 64 148 77
car 0.0449 0 71 49 240
car 0.0367 451 127 489 148
car 0.0324 2 64 24 78
car 0.0260 0 72 49 123
car 0.0254 0 60 18 228
car 0.0248 5 78 76 129
car 0.0239 1 80 33 138
car 0.0222 3 73 47 99
car 0.0213 1 88 16 153
car 0.0213 28 79 271 279
car 0.0209 1 84 2 158
car 0.0205 7 93 51 149
cow 0.1321 451 127 489 148
cow 0.0205 483 126 496 144
dog 0.0327 451 127 489 148
horse 0.0535 451 127 489 148
motorbike 0.0216 58 74 452 308
motorbike 0.0206 -1 65 207 240
person 0.0975 23 77 89 129
person 0.0284 209 94 254 141
person 0.0246 0 76 18 136
person 0.0235 1 75 3 155
person 0.0224 0 76 11 229
person 0.0220 1 84 2 158
person 0.0204 2 81 2 184
pottedplant 0.0275 172 1 229 24
sheep 0.1274 451 127 489 148
sheep 0.0223 58 79 452 309
sheep 0.0203 437 164 456 188
train 0.0309 62 78 455 309
tvmonitor 0.0240 57 74 446 308
