aeroplane 0.0311 32 145 63 168
boat 0.0650 32 145 63 168
boat 0.0617 434 5 498 184
bottle 0.0633 34 147 62 170
bus 0.0608 32 145 63 168
bus 0.0337 444 4 496 138
bus 0.0303 419 5 498 178
car 0.2331 32 145 63 168
car 0.0397 434 3 497 163
car 0.0279 492 138 494 168
car 0.0277 -14 15 463 356
chair 0.0370 34 147 62 170
chair 0.0259 444 3 496 145
cow 0.0647 18 55 460 351
diningtable 0.0261 35 149 61 172
motorbike 0.0460 34 147 62 170
person 0.0718 32 145 63 168
person 0.0304 60 92 84 108
pottedplant 0.0547 32 145 63 168
pottedplant 0.0294 2 160 16 251
sheep 0.0422 34 147 62 170
train 0.7414 2 72 453 363
train 0.0420 409 12 500 206
train 0.0332 32 145 63 168
train 0.0267 444 3 496 145
tvmonitor 0.0711 445 4 495 133
tvmonitor 0.0449 32 145 63 168
tvmonitor 0.0330 130 130 615 475
tvmonitor 0.0292 449 5 491 73
