aeroplane 0.0201 479 172 493 183
bicycle 0.0214 399 220 416 255
bird 0.0364 316 276 335 308
boat 0.0474 0 113 81 144
boat 0.0267 1 181 9 232
boat 0.0243 484 168 495 182
boat 0.0240 474 170 490 181
bottle 0.0345 399 217 416 253
bottle 0.0270 316 276 335 308
bus 0.0529 484 168 495 182
bus 0.0473 474 170 490 181
bus 0.0442 4 113 84 144
bus 0.0278 11 120 92 157
bus 0.0263 464 170 484 180
bus 0.0222 454 170 478 180
car 0.0988 479 172 493 183
car 0.0302 4 113 84 144
car 0.0269 1 181 9 232
car 0.0258 0 193 4 235
car 0.0236 0 167 4 230
chair 0.0230 1 181 9 232
dog 0.0247 316 276 335 308
person 0.0526 399 217 416 253
person 0.0418 316 276 335 308
person 0.0321 490 168 496 182
person 0.0209 0 179 4 234
pottedplant 0.0243 0 192 10 231
train 0.7965 74 32 436 302
train 0.0498 0 114 82 148
train 0.0370 478 169 493 181
