aeroplane 0.6083 12 123 467 248
aeroplane 0.0783 420 225 441 246
aeroplane 0.0568 0 189 43 211
aeroplane 0.0438 -2 193 76 225
aeroplane 0.0307 99 169 466 255
aeroplane 0.0261 335 168 479 255
aeroplane 0.0246 395 176 482 248
aeroplane 0.0210 5 171 99 223
bicycle 0.0470 420 228 441 247
bird 0.0214 417 228 438 248
boat 0.0248 -4 202 85 234
boat 0.0240 0 193 42 213
boat 0.0226 420 225 441 246
bus 0.0266 420 225 441 246
car 0.0753 420 225 441 246
car 0.0297 -3 205 77 236
car 0.0284 258 222 283 243
car 0.0217 0 193 42 213
car 0.0200 0 199 12 218
car 0.0200 -1 195 13 211
chair 0.0242 420 228 441 247
horse 0.0233 417 228 438 248
motorbike 0.0744 417 228 438 248
motorbike 0.0240 260 225 282 245
person 0.1503 383 221 399 248
person 0.1422 350 220 363 249
person 0.1298 417 228 438 248
person 0.0565 263 225 286 245
pottedplant 0.0446 417 228 438 248
pottedplant 0.0244 383 221 399 248
