bottle 0.0420 376 483 394 496
bottle 0.0362 354 485 392 494
bottle 0.0205 326 486 382 494
car 0.0256 354 485 392 494
car 0.0228 391 488 398 499
car 0.0225 375 488 389 497
chair 0.0223 348 485 391 494
chair 0.0217 371 483 393 496
chair 0.0205 344 413 395 495
horse 0.8390 69 31 358 495
horse 0.0204 13 40 232 494
person 0.0235 384 11 399 484
person 0.0227 391 488 398 499
person 0.0224 378 489 392 497
person 0.0221 368 489 390 496
person 0.0209 394 231 395 443
person 0.0201 348 485 391 494
pottedplant 0.0324 376 483 394 496
pottedplant 0.0284 354 485 392 494
pottedplant 0.0207 386 483 396 496
pottedplant 0.0203 368 310 396 450
