aeroplane 0.0337 1 189 63 305
bicycle 0.0338 1 188 57 306
bird 0.0542 1 188 57 306
bird 0.0370 181 93 196 119
bird 0.0262 69 209 105 273
bird 0.0211 2 235 47 305
boat 0.0233 0 185 64 303
bottle 0.0399 181 90 196 117
bottle 0.0346 313 80 330 97
bottle 0.0314 1 188 57 306
car 0.0346 1 189 63 305
cat 0.0312 0 185 64 303
cat 0.0272 -1 198 497 366
cat 0.0271 68 206 106 270
chair 0.0852 68 206 106 270
chair 0.0793 1 189 63 305
chair 0.0385 18 194 94 300
diningtable 0.0432 -1 198 497 366
diningtable 0.0430 1 192 56 307
diningtable 0.0266 9 192 95 301
dog 0.0285 68 206 106 270
horse 0.0217 73 208 108 268
motorbike 0.0210 1 189 63 305
person 0.7961 371 66 459 275
person 0.0771 1 189 63 305
person 0.0407 67 202 107 268
person 0.0287 19 191 93 297
person 0.0269 181 93 196 119
person 0.0252 2 185 8 227
person 0.0215 1 168 2 285
person 0.0213 0 164 3 278
person 0.0206 -1 182 6 312
pottedplant 0.4135 1 192 56 307
pottedplant 0.0754 19 191 93 297
pottedplant 0.0556 181 90 196 117
pottedplant 0.0328 56 202 103 280
pottedplant 0.0237 1 172 17 299
pottedplant 0.0213 313 80 330 97
pottedplant 0.0206 2 176 8 224
sofa 0.0433 1 189 63 305
sofa 0.0430 67 202 107 268
sofa 0.0238 48 200 95 294
tvmonitor 0.0453 1 189 63 305
