aeroplane 0.0405 2 0 337 495
bicycle 0.0798 38 0 337 496
bird 0.1663 38 0 337 496
bird 0.0350 -3 0 171 496
boat 0.0448 2 0 337 495
bottle 0.0597 276 1 340 127
bottle 0.0540 38 0 337 496
bottle 0.0351 6 0 198 496
cat 0.0695 2 0 192 496
cat 0.0509 38 0 337 496
cat 0.0403 0 0 93 496
chair 0.0785 2 0 337 495
chair 0.0627 175 193 339 497
chair 0.0411 218 1 339 494
cow 0.0392 2 0 337 495
diningtable 0.0488 2 0 337 495
dog 0.0687 2 0 337 495
dog 0.0382 0 -1 82 497
horse 0.0530 2 0 337 495
motorbike 0.0473 2 0 337 495
person 0.0735 0 0 72 496
person 0.0552 2 0 337 495
person 0.0346 250 -2 329 123
pottedplant 0.1614 38 0 337 496
pottedplant 0.0469 265 0 335 121
sheep 0.0597 2 0 337 495
sofa 0.0533 2 0 337 495
tvmonitor 0.0613 271 0 339 120
