car 0.0249 457 153 492 276
car 0.0200 490 143 497 275
cow 0.5311 457 153 492 276
cow 0.0405 476 188 495 300
cow 0.0357 475 90 496 281
cow 0.0301 493 139 494 267
cow 0.0290 491 203 496 297
cow 0.0254 490 96 496 275
cow 0.0202 492 204 494 319
dog 0.0730 462 153 492 277
dog 0.0245 475 130 496 265
dog 0.0243 474 185 496 298
dog 0.0239 490 160 496 275
horse 0.8518 99 98 240 267
horse 0.8101 288 103 418 274
horse 0.1775 457 153 492 276
horse 0.0284 464 185 491 303
horse 0.0254 476 194 495 305
horse 0.0238 467 92 496 279
person 0.0256 490 63 496 267
person 0.0238 491 193 496 289
person 0.0232 493 126 494 262
person 0.0229 492 141 494 260
person 0.0224 492 203 494 314
person 0.0216 464 179 491 291
person 0.0215 474 72 497 281
person 0.0207 474 185 496 298
sheep 0.1495 457 153 492 276
sheep 0.0392 464 185 491 303
sheep 0.0382 476 188 495 300
sheep 0.0346 475 90 496 281
sheep 0.0304 490 160 496 275
sheep 0.0280 491 203 496 297
sheep 0.0223 493 139 494 267
sheep 0.0207 492 204 494 319
train 0.0324 457 153 492 276
