aeroplane 0.0203 47 51 471 244
bicycle 0.0236 202 255 247 283
bird 0.0356 201 251 247 282
boat 0.0262 40 57 470 254
bottle 0.0430 202 255 247 283
bottle 0.0306 220 3 243 38
bottle 0.0273 9 274 32 282
bottle 0.0244 280 0 301 20
bottle 0.0231 476 1 496 36
bottle 0.0223 488 2 497 35
bottle 0.0215 287 0 309 20
bus 0.0370 35 55 468 248
car 0.8099 45 56 473 251
car 0.0309 387 3 428 25
car 0.0275 418 3 483 30
car 0.0259 476 1 496 36
car 0.0254 246 11 272 35
car 0.0242 204 250 251 282
car 0.0237 189 4 219 37
car 0.0222 489 6 497 40
car 0.0203 96 244 399 285
chair 0.0242 204 250 251 282
chair 0.0214 109 251 300 282
cow 0.0203 197 252 244 281
dog 0.0415 201 248 248 281
horse 0.0251 201 248 248 281
motorbike 0.0249 204 250 251 282
motorbike 0.0210 51 53 475 246
person 0.1699 204 250 251 282
person 0.0780 220 3 243 38
person 0.0599 482 0 497 33
person 0.0463 198 2 226 38
person 0.0406 284 0 305 20
person 0.0403 423 3 485 30
person 0.0288 246 11 272 35
person 0.0225 387 4 428 28
person 0.0208 9 274 32 282
pottedplant 0.0321 476 0 496 33
pottedplant 0.0283 204 250 251 282
pottedplant 0.0227 418 3 483 30
pottedplant 0.0218 9 274 32 282
train 0.0211 23 225 472 287
train 0.0210 96 244 399 285
tvmonitor 0.0230 40 57 470 254
