aeroplane 0.0313 475 176 495 236
boat 0.0319 484 150 495 186
boat 0.0291 468 102 488 123
boat 0.0280 475 174 495 232
bottle 0.0401 22 52 43 73
bottle 0.0381 484 150 495 186
bottle 0.0288 174 107 219 170
bottle 0.0286 196 112 229 171
bottle 0.0260 215 99 249 155
bus 0.8286 100 31 489 316
bus 0.0757 475 176 495 236
bus 0.0526 484 150 495 186
bus 0.0367 156 71 339 253
bus 0.0358 106 122 185 190
bus 0.0317 98 131 162 205
bus 0.0304 217 118 277 195
bus 0.0303 235 128 259 173
bus 0.0297 200 133 232 179
bus 0.0275 155 127 215 185
bus 0.0269 250 126 276 163
bus 0.0264 178 135 224 178
bus 0.0261 99 119 177 240
car 0.4037 475 176 495 236
car 0.0678 484 153 495 188
car 0.0331 468 102 488 123
chair 0.0296 476 181 494 242
motorbike 0.0343 476 179 495 238
person 0.1696 207 99 240 155
person 0.1313 230 111 256 160
person 0.0964 174 107 219 170
person 0.0887 233 128 254 167
person 0.0638 451 209 466 261
person 0.0592 368 147 384 171
person 0.0592 207 171 225 201
person 0.0574 468 103 487 126
person 0.0565 268 118 298 154
person 0.0550 490 150 495 186
person 0.0538 216 93 350 191
person 0.0500 214 183 226 205
person 0.0493 475 174 495 232
person 0.0486 99 26 489 310
person 0.0427 490 156 496 215
person 0.0424 211 159 253 206
person 0.0409 488 180 498 243
person 0.0359 271 101 294 136
person 0.0336 491 181 495 266
person 0.0333 370 179 383 209
person 0.0300 479 182 492 264
person 0.0295 361 154 384 211
person 0.0277 285 91 319 133
person 0.0269 167 3 186 22
person 0.0267 124 60 363 287
pottedplant 0.0429 484 150 495 186
train 0.0319 475 176 495 236
tvmonitor 0.0409 484 150 495 186
tvmonitor 0.0262 -4 -5 188 84
