bird 0.0318 271 110 294 138
bottle 0.1492 102 114 119 145
bottle 0.0810 44 117 68 148
bottle 0.0633 271 110 294 138
bottle 0.0350 361 120 385 145
bottle 0.0277 76 121 98 144
bottle 0.0267 294 114 318 134
bottle 0.0227 301 112 382 142
bus 0.0323 138 85 202 135
car 0.0307 0 32 4 87
car 0.0293 1 11 3 61
car 0.0263 1 14 4 70
cat 0.0553 271 110 294 138
cat 0.0318 143 86 202 137
chair 0.0383 -1 307 20 374
chair 0.0341 455 247 500 370
chair 0.0317 271 110 294 138
chair 0.0298 0 295 51 374
chair 0.0293 211 171 496 370
chair 0.0247 278 62 397 133
chair 0.0247 473 268 497 372
chair 0.0242 458 327 497 371
chair 0.0242 474 340 497 370
chair 0.0237 295 117 317 136
chair 0.0234 293 110 319 132
chair 0.0227 3 200 46 364
chair 0.0224 491 246 496 372
chair 0.0220 365 119 387 146
diningtable 0.0240 298 113 376 141
diningtable 0.0237 -2 262 185 373
dog 0.0281 271 110 294 138
person 0.0444 271 110 294 138
person 0.0420 138 85 202 135
person 0.0267 0 27 5 86
person 0.0251 1 15 4 75
person 0.0243 211 171 496 370
person 0.0236 0 273 5 380
person 0.0220 2 209 39 367
pottedplant 0.0629 271 110 294 138
pottedplant 0.0568 102 114 119 145
pottedplant 0.0482 410 -2 491 140
pottedplant 0.0471 366 117 387 143
pottedplant 0.0321 44 117 68 148
pottedplant 0.0296 280 79 394 139
pottedplant 0.0288 0 291 12 372
pottedplant 0.0270 298 113 376 141
pottedplant 0.0267 294 114 318 134
sheep 0.0219 271 110 294 138
sofa 0.8089 207 171 492 370
sofa 0.0403 143 86 203 134
tvmonitor 0.7086 143 86 203 134
tvmonitor 0.0551 278 62 397 133
tvmonitor 0.0396 361 120 385 145
tvmonitor 0.0325 264 -5 411 148
tvmonitor 0.0314 309 119 381 145
tvmonitor 0.0276 0 29 10 84
tvmonitor 0.0228 448 242 500 370
tvmonitor 0.0225 271 110 294 138
