bicycle 0.1349 431 185 494 368
bicycle 0.0604 427 132 497 309
bottle 0.1511 383 191 408 255
bottle 0.0792 477 157 494 213
bottle 0.0681 478 91 493 127
chair 0.3145 205 118 251 177
chair 0.3010 173 124 205 165
chair 0.2979 146 125 170 163
chair 0.1905 97 146 140 213
chair 0.1666 97 114 139 174
chair 0.1145 472 153 492 206
chair 0.1115 211 116 299 184
chair 0.0925 283 115 399 197
chair 0.0918 276 118 352 329
chair 0.0878 470 127 494 197
chair 0.0823 352 153 401 224
chair 0.0747 7 105 65 166
chair 0.0739 164 114 175 128
chair 0.0727 271 99 294 119
chair 0.0657 3 104 77 208
chair 0.0615 2 97 47 356
chair 0.0613 247 112 279 129
chair 0.0609 430 145 494 255
chair 0.0607 403 91 466 198
chair 0.0585 383 191 408 255
diningtable 0.4986 12 174 334 372
diningtable 0.1030 173 124 205 165
diningtable 0.0869 146 125 170 163
diningtable 0.0670 217 117 301 183
motorbike 0.1601 445 205 495 371
motorbike 0.0778 419 146 490 359
person 0.2071 478 91 493 127
person 0.1275 102 113 119 135
person 0.0948 1 114 49 368
person 0.0592 403 91 466 198
pottedplant 0.5004 401 94 462 201
pottedplant 0.1455 479 94 493 129
pottedplant 0.0944 4 105 61 166
pottedplant 0.0859 0 89 12 124
pottedplant 0.0859 0 101 34 158
pottedplant 0.0776 -1 90 20 152
pottedplant 0.0775 383 191 408 255
pottedplant 0.0627 160 111 171 125
pottedplant 0.0605 167 99 179 114
pottedplant 0.0601 167 105 179 119
pottedplant 0.0597 440 97 469 127
pottedplant 0.0593 167 112 179 124
sofa 0.3932 281 114 401 203
sofa 0.1360 98 112 139 170
sofa 0.1258 216 114 302 181
sofa 0.0916 205 118 251 177
sofa 0.0835 99 145 145 214
sofa 0.0825 350 143 402 222
sofa 0.0595 176 123 209 166
tvmonitor 0.1254 271 97 294 116
tvmonitor 0.1165 229 89 250 112
tvmonitor 0.1128 325 82 358 102
