bicycle 0.0359 27 135 40 187
bicycle 0.0326 15 152 25 178
bird 0.0331 299 163 322 199
bottle 0.0436 252 101 300 159
bottle 0.0421 49 110 56 127
bottle 0.0406 38 110 45 127
bottle 0.0389 311 59 342 193
bottle 0.0388 323 108 342 200
bottle 0.0353 31 106 46 185
bottle 0.0345 27 104 41 173
bottle 0.0327 50 115 61 191
bottle 0.0324 299 163 322 199
bottle 0.0317 12 152 22 178
bottle 0.0291 18 138 27 177
car 0.0345 253 102 303 158
car 0.0321 35 110 42 128
car 0.0295 34 111 43 142
car 0.0281 299 163 322 199
car 0.0280 28 103 44 174
chair 0.6795 35 193 189 411
chair 0.1784 29 116 43 189
chair 0.1262 12 152 22 178
chair 0.1210 20 136 30 178
chair 0.1017 52 115 62 191
chair 0.1015 46 116 59 190
chair 0.0930 39 112 55 186
chair 0.0417 31 109 42 152
chair 0.0383 47 109 58 152
chair 0.0360 86 125 198 362
chair 0.0358 253 102 303 158
chair 0.0332 42 113 52 148
chair 0.0330 105 153 190 295
chair 0.0293 323 115 341 200
chair 0.0285 38 113 45 133
diningtable 0.0441 32 116 45 189
diningtable 0.0438 26 118 41 188
diningtable 0.0407 35 193 189 411
diningtable 0.0346 20 136 30 178
diningtable 0.0337 15 152 25 178
diningtable 0.0309 47 121 58 192
diningtable 0.0279 25 150 363 485
dog 0.0267 52 110 63 188
person 0.3774 28 105 44 186
person 0.3160 49 107 62 184
person 0.0727 323 108 342 200
person 0.0392 333 161 343 201
person 0.0345 343 102 343 182
person 0.0303 299 163 322 199
pottedplant 0.3318 299 163 322 199
pottedplant 0.0912 328 152 342 202
pottedplant 0.0885 324 127 341 203
pottedplant 0.0535 52 110 58 127
pottedplant 0.0500 12 152 22 178
pottedplant 0.0474 51 110 60 143
pottedplant 0.0474 314 85 341 199
pottedplant 0.0473 49 107 62 184
pottedplant 0.0442 35 110 42 128
pottedplant 0.0420 26 106 42 185
pottedplant 0.0395 31 109 42 152
pottedplant 0.0272 252 101 300 159
sofa 0.0636 28 109 43 189
sofa 0.0462 35 193 189 411
sofa 0.0455 49 110 62 189
sofa 0.0325 39 112 55 186
sofa 0.0268 253 102 303 158
tvmonitor 0.1817 253 102 303 158
tvmonitor 0.0538 305 40 344 189
tvmonitor 0.0359 35 107 43 122
tvmonitor 0.0352 26 106 42 185
tvmonitor 0.0349 52 108 59 122
tvmonitor 0.0277 12 152 22 178
tvmonitor 0.0269 30 111 37 134
