aeroplane 0.0255 163 122 308 288
bird 0.5923 162 123 302 292
bird 0.0493 468 0 495 24
bird 0.0377 461 2 494 57
bird 0.0349 277 -1 390 26
bird 0.0257 54 120 457 353
bird 0.0251 411 0 482 13
boat 0.0280 43 14 452 346
bottle 0.0416 323 0 492 359
bottle 0.0299 1 2 189 357
cat 0.0278 468 0 495 24
diningtable 0.0279 0 -10 496 274
motorbike 0.0252 336 0 494 359
person 0.0474 468 1 495 29
person 0.0378 462 3 493 66
person 0.0298 163 122 308 288
person 0.0255 267 -1 368 21
pottedplant 0.0658 1 2 189 357
pottedplant 0.0584 292 1 492 358
pottedplant 0.0438 0 -10 496 274
pottedplant 0.0349 49 129 509 354
pottedplant 0.0314 468 0 495 24
pottedplant 0.0297 351 6 495 246
