bicycle 0.0208 315 177 330 208
bird 0.0248 116 111 314 336
boat 0.0257 299 120 330 156
boat 0.0235 263 110 342 150
boat 0.0210 295 103 369 189
bottle 0.0281 314 177 327 208
car 0.0765 0 0 43 26
car 0.0455 300 120 334 157
car 0.0318 299 106 371 194
car 0.0308 272 122 339 170
car 0.0280 315 173 330 205
car 0.0252 0 -1 44 90
car 0.0250 341 133 369 190
car 0.0231 241 108 346 160
cat 0.0290 116 111 314 336
cow 0.0693 121 113 314 342
cow 0.0458 300 120 334 164
cow 0.0342 292 109 360 183
cow 0.0303 62 114 356 482
cow 0.0225 19 199 240 475
dog 0.0440 116 111 314 336
horse 0.0292 300 120 334 164
horse 0.0259 299 106 371 194
motorbike 0.0277 315 177 330 208
person 0.0390 300 120 334 164
person 0.0242 297 116 337 199
person 0.0217 314 177 327 208
pottedplant 0.0375 0 189 25 220
pottedplant 0.0300 316 181 329 212
pottedplant 0.0280 8 188 40 221
sheep 0.8856 19 199 240 475
sheep 0.6869 115 110 315 331
sheep 0.0594 83 110 335 471
sheep 0.0327 300 120 334 157
sheep 0.0258 64 143 277 383
sheep 0.0250 293 113 353 178
sheep 0.0248 102 124 245 270
sheep 0.0200 258 114 341 162
train 0.0315 299 101 371 190
train 0.0208 300 120 334 157
