aeroplane 0.0329 484 115 494 151
aeroplane 0.0302 42 132 86 151
aeroplane 0.0280 -1 125 35 158
bicycle 0.0529 8 181 25 212
bird 0.0409 6 170 26 212
boat 0.0382 484 115 494 151
boat 0.0376 -1 114 27 152
boat 0.0330 6 170 26 212
bottle 0.0350 8 181 25 212
bottle 0.0282 172 116 198 160
bottle 0.0280 2 142 24 206
bottle 0.0278 34 150 53 214
bottle 0.0277 177 110 207 155
bottle 0.0275 18 147 40 201
bus 0.8263 74 33 467 280
bus 0.1849 479 112 492 148
bus 0.1328 436 101 488 164
bus 0.1036 -1 114 27 152
bus 0.0738 42 132 86 151
bus 0.0650 26 132 70 151
bus 0.0613 14 130 51 153
bus 0.0399 100 119 145 147
bus 0.0337 117 120 159 146
bus 0.0298 87 118 127 148
car 0.2956 42 132 86 151
car 0.1755 484 115 494 151
car 0.1520 -1 128 35 160
car 0.0613 436 101 488 164
car 0.0582 7 176 25 212
car 0.0548 5 150 28 214
car 0.0450 17 150 41 210
car 0.0406 28 143 46 193
car 0.0365 30 151 52 213
car 0.0300 99 127 138 150
chair 0.0551 7 176 25 212
chair 0.0399 18 160 39 210
chair 0.0367 36 168 52 213
chair 0.0350 25 157 49 212
chair 0.0317 5 144 28 209
cow 0.0491 7 176 25 212
dog 0.0578 7 176 25 212
dog 0.0304 5 144 28 209
horse 0.0638 6 163 26 213
horse 0.0278 5 142 27 200
motorbike 0.0648 6 170 26 212
motorbike 0.0429 3 139 29 179
motorbike 0.0333 16 153 41 211
motorbike 0.0331 20 135 53 154
motorbike 0.0320 49 136 86 152
motorbike 0.0319 34 150 53 214
motorbike 0.0306 7 135 42 160
person 0.4767 34 150 53 214
person 0.3571 5 147 28 212
person 0.2460 175 108 203 151
person 0.0786 484 115 494 151
person 0.0512 22 138 50 156
person 0.0437 492 124 494 177
person 0.0421 67 137 91 151
person 0.0380 74 33 467 280
person 0.0281 -1 110 6 168
pottedplant 0.0297 5 182 22 212
pottedplant 0.0289 2 140 24 184
sheep 0.0434 7 176 25 212
sofa 0.0294 7 176 25 212
train 0.0691 484 112 494 148
train 0.0454 439 99 492 160
train 0.0426 -1 118 28 154
train 0.0281 47 132 88 152
