aeroplane 0.0222 0 0 371 213
aeroplane 0.0214 258 100 282 122
bird 0.0232 255 99 280 122
boat 0.0335 258 100 282 122
boat 0.0329 369 116 371 184
boat 0.0228 0 0 371 213
boat 0.0226 311 8 371 190
bottle 0.0283 255 99 280 122
bottle 0.0200 335 9 369 87
bus 0.0263 369 111 371 181
bus 0.0203 258 100 282 122
car 0.0647 255 99 280 122
car 0.0612 369 116 371 184
car 0.0248 14 3 41 8
car 0.0223 0 25 3 71
car 0.0210 370 37 370 107
chair 0.0236 258 100 282 122
cow 0.0341 258 100 282 122
dog 0.0223 255 102 280 126
horse 0.0280 255 102 280 126
motorbike 0.7503 93 117 296 456
motorbike 0.0305 55 214 257 445
motorbike 0.0238 255 99 280 122
person 0.0575 258 100 282 122
person 0.0253 369 116 371 184
person 0.0208 370 37 370 107
pottedplant 0.0361 336 16 369 96
pottedplant 0.0335 358 36 370 91
pottedplant 0.0252 255 99 280 122
sheep 0.0351 258 100 282 122
sheep 0.0204 368 116 371 191
train 0.0208 258 100 282 122
