bird 0.0361 51 222 131 332
bird 0.0260 97 279 132 328
bottle 0.0351 61 220 82 240
bottle 0.0337 55 221 73 239
bottle 0.0237 412 240 496 330
car 0.0266 425 328 484 330
car 0.0245 1 227 3 276
chair 0.0230 48 229 127 334
chair 0.0223 2 232 8 275
cow 0.0241 115 83 496 299
dog 0.0262 51 222 131 332
horse 0.0338 51 222 131 332
person 0.6919 51 220 131 330
person 0.0400 70 218 104 242
person 0.0386 100 278 136 328
person 0.0369 61 220 82 240
person 0.0337 359 204 370 225
person 0.0328 102 233 135 290
person 0.0298 1 224 3 273
person 0.0291 89 262 133 324
person 0.0273 138 199 160 240
person 0.0263 1 226 3 302
person 0.0248 61 219 129 273
person 0.0246 57 249 71 275
person 0.0236 91 220 146 272
person 0.0231 0 258 4 323
pottedplant 0.1589 412 240 496 330
pottedplant 0.0546 0 251 17 319
pottedplant 0.0390 55 221 73 239
pottedplant 0.0382 61 220 82 240
pottedplant 0.0318 -1 269 82 333
pottedplant 0.0290 2 252 31 323
pottedplant 0.0256 2 232 9 271
pottedplant 0.0246 1 226 9 255
pottedplant 0.0244 260 319 336 330
train 0.7384 113 101 490 308
train 0.0422 34 41 398 289
train 0.0292 68 85 333 246
train 0.0256 409 155 500 290
tvmonitor 0.0459 6 138 35 192
