bottle 0.0806 198 138 260 240
bottle 0.0722 217 123 272 231
bottle 0.0588 0 2 17 40
chair 0.0670 4 384 200 494
chair 0.0642 1 183 182 483
chair 0.0475 47 0 333 496
diningtable 0.0561 4 390 199 495
diningtable 0.0481 0 139 329 496
person 0.6970 237 51 330 459
person 0.6080 8 2 165 227
person 0.5307 2 179 181 472
person 0.4639 144 2 226 188
person 0.2501 190 3 273 179
person 0.1760 309 -2 330 107
person 0.0990 0 0 59 166
person 0.0978 0 136 69 265
person 0.0818 0 124 148 269
person 0.0777 310 -4 329 211
person 0.0702 130 0 177 72
person 0.0680 257 0 331 121
person 0.0657 16 165 172 306
person 0.0627 244 25 323 157
person 0.0532 207 37 282 231
person 0.0478 320 74 330 452
person 0.0429 151 14 286 254
person 0.0426 303 -29 326 329
sofa 0.0867 0 185 193 488
sofa 0.0583 0 367 199 495
