boat 0.0201 2 35 243 161
bus 0.0279 396 73 496 158
bus 0.0272 204 52 408 172
bus 0.0220 50 51 445 180
car 0.0269 492 135 494 159
car 0.0257 3 24 249 165
car 0.0249 493 136 493 164
car 0.0205 0 0 88 40
chair 0.0229 475 195 495 220
chair 0.0217 460 191 495 220
cow 0.0292 397 71 496 157
cow 0.0216 1 38 244 161
horse 0.0241 3 24 249 165
person 0.0288 493 74 494 147
person 0.0260 472 73 492 148
person 0.0253 491 82 496 149
person 0.0246 492 74 495 136
train 0.6723 391 72 494 158
train 0.6633 204 52 408 172
train 0.2416 3 47 249 166
train 0.0518 465 80 490 147
train 0.0408 65 42 430 178
train 0.0392 342 75 458 159
train 0.0237 271 69 482 165
