bird 0.0417 329 182 392 253
bird 0.0301 113 155 145 194
car 0.0223 111 157 144 195
cat 0.0466 330 183 384 252
cat 0.0213 113 157 145 195
cow 0.6766 332 59 492 259
cow 0.4175 111 157 144 195
cow 0.0571 330 184 391 257
cow 0.0282 326 170 426 254
dog 0.1249 329 182 392 253
dog 0.0980 111 157 144 195
dog 0.0430 332 59 492 259
dog 0.0207 346 155 454 263
horse 0.0939 332 59 492 259
horse 0.0929 111 157 144 195
horse 0.0403 330 184 391 257
horse 0.0211 327 164 425 253
person 0.0325 330 185 384 256
sheep 0.3531 111 157 144 195
sheep 0.0694 330 184 391 257
sheep 0.0525 332 56 491 257
sheep 0.0274 332 174 435 255
train 0.0760 332 56 491 257
