bicycle 0.3323 0 86 41 201
bicycle 0.0729 47 122 104 207
bicycle 0.0678 416 132 461 219
bicycle 0.0479 17 127 79 208
bicycle 0.0457 422 157 455 224
bottle 0.1124 146 0 169 8
bottle 0.0917 464 85 484 161
bottle 0.0727 86 0 111 7
bottle 0.0693 98 0 124 7
bottle 0.0652 112 0 140 7
bottle 0.0464 215 0 248 28
bottle 0.0365 48 1 87 6
bottle 0.0356 0 35 11 159
car 0.8170 73 40 422 258
car 0.0771 425 46 491 85
car 0.0651 3 0 30 7
car 0.0471 14 1 58 6
car 0.0364 41 0 78 7
car 0.0353 493 50 494 87
chair 0.0883 47 126 104 209
chair 0.0548 403 54 444 156
chair 0.0498 420 55 489 144
chair 0.0486 225 0 293 43
chair 0.0375 244 0 313 53
chair 0.0348 -1 141 43 214
motorbike 0.0908 0 86 41 201
motorbike 0.0506 417 137 461 224
motorbike 0.0415 426 168 451 223
person 0.1165 0 28 19 181
person 0.0739 150 0 173 8
person 0.0710 144 0 164 8
person 0.0670 443 0 489 27
person 0.0564 86 0 111 7
person 0.0487 103 0 126 7
person 0.0433 118 0 142 7
person 0.0431 1 12 9 140
person 0.0431 127 0 149 7
person 0.0414 155 62 215 101
person 0.0409 0 58 34 204
person 0.0372 167 0 202 7
person 0.0365 422 2 487 62
person 0.0362 492 74 494 229
person 0.0360 469 83 486 147
person 0.0360 494 71 493 196
pottedplant 0.0655 150 0 173 8
pottedplant 0.0554 86 0 111 7
pottedplant 0.0523 0 28 19 181
pottedplant 0.0493 0 35 11 159
pottedplant 0.0427 402 45 444 133
pottedplant 0.0415 451 0 489 18
pottedplant 0.0403 7 0 35 7
pottedplant 0.0397 -1 131 44 208
pottedplant 0.0382 167 0 202 7
pottedplant 0.0382 48 1 87 6
pottedplant 0.0376 118 0 142 7
pottedplant 0.0373 14 1 58 6
tvmonitor 0.0498 446 7 493 72
