aeroplane 0.0242 227 205 306 265
bird 0.7795 212 136 321 219
bird 0.3962 227 205 306 265
bird 0.1520 0 117 82 327
bird 0.0335 216 148 318 274
bird 0.0330 0 99 167 324
bird 0.0257 145 0 303 18
bird 0.0249 263 225 403 276
bird 0.0241 411 240 490 329
cat 0.0417 0 117 82 327
cat 0.0370 227 205 306 265
cat 0.0267 3 108 85 231
cat 0.0241 224 211 365 273
chair 0.0326 2 120 219 323
chair 0.0246 346 11 500 319
dog 0.0374 0 117 82 327
dog 0.0254 227 203 306 261
horse 0.0373 0 119 81 329
person 0.0371 227 205 306 265
person 0.0343 -1 57 76 273
person 0.0323 0 113 97 326
pottedplant 0.0389 1 71 80 258
pottedplant 0.0385 227 205 306 265
pottedplant 0.0291 0 -7 495 171
pottedplant 0.0259 1 2 57 114
sheep 0.0299 0 119 81 329
sheep 0.0239 227 203 306 261
