aeroplane 0.0379 132 28 151 39
aeroplane 0.0371 4 129 30 174
aeroplane 0.0248 1 126 31 152
bird 0.1111 129 28 147 39
bird 0.0290 490 69 495 92
boat 0.0429 4 129 30 174
boat 0.0342 1 126 25 151
boat 0.0286 223 118 357 199
bottle 0.0332 297 128 338 193
bottle 0.0328 256 127 279 170
bottle 0.0317 490 69 495 92
bottle 0.0307 274 132 307 175
bottle 0.0293 271 130 293 172
bottle 0.0285 284 130 321 182
bottle 0.0280 445 152 471 220
bus 0.8235 14 64 458 283
bus 0.0609 230 99 397 238
bus 0.0585 180 83 447 264
bus 0.0457 5 132 29 180
bus 0.0371 178 121 285 177
bus 0.0346 233 130 262 168
bus 0.0293 1 126 25 151
bus 0.0238 11 145 30 192
bus 0.0221 355 149 390 179
car 0.0498 1 126 25 151
car 0.0496 4 131 29 176
car 0.0446 223 118 357 199
car 0.0399 129 73 451 255
car 0.0356 246 129 289 188
car 0.0347 281 125 361 212
car 0.0346 230 99 397 238
car 0.0295 242 133 277 175
car 0.0250 490 67 496 90
car 0.0239 200 124 287 183
car 0.0236 239 130 264 168
car 0.0236 167 113 304 194
car 0.0227 217 128 255 170
car 0.0225 445 152 471 220
chair 0.0229 447 159 470 233
cow 0.0299 490 67 496 90
dog 0.0293 293 125 336 173
dog 0.0237 485 67 495 90
horse 0.0223 490 69 495 92
person 0.5548 445 152 471 220
person 0.4111 295 126 340 176
person 0.2477 259 127 282 170
person 0.1116 274 132 307 175
person 0.0924 314 133 361 179
person 0.0821 360 149 393 178
person 0.0731 490 69 495 92
person 0.0653 87 56 486 282
person 0.0442 493 66 494 126
person 0.0434 493 67 493 115
person 0.0399 492 156 494 226
person 0.0314 494 189 493 223
person 0.0266 6 133 28 184
person 0.0236 493 71 494 161
pottedplant 0.0221 490 67 496 90
sheep 0.0258 490 69 495 92
train 0.0294 223 118 357 199
train 0.0278 129 73 451 255
tvmonitor 0.0311 41 65 476 283
tvmonitor 0.0285 4 131 29 176
