aeroplane 0.0230 446 148 494 187
aeroplane 0.0230 490 224 496 257
aeroplane 0.0201 458 139 498 180
bird 0.8269 130 75 350 184
bird 0.0493 40 32 64 48
bird 0.0445 48 32 71 49
bird 0.0432 452 144 496 186
bird 0.0231 490 224 496 257
boat 0.0229 490 221 496 256
bottle 0.0288 94 166 244 298
bottle 0.0285 134 221 212 263
bottle 0.0258 107 224 176 261
bottle 0.0246 76 182 200 282
bottle 0.0225 167 223 242 262
bottle 0.0224 1 120 494 344
bottle 0.0220 118 210 166 241
bottle 0.0219 129 203 210 248
bottle 0.0219 9 155 299 309
person 0.0216 490 221 496 256
