aeroplane 0.1115 2 272 54 321
boat 0.0672 2 272 54 321
boat 0.0264 -1 90 12 175
bus 0.7986 32 143 392 252
bus 0.6468 298 103 493 238
bus 0.3285 -3 137 54 204
bus 0.1129 379 157 490 237
bus 0.0889 0 148 11 188
bus 0.0749 44 150 91 198
bus 0.0654 285 120 398 227
bus 0.0635 323 151 374 209
bus 0.0448 400 102 493 217
bus 0.0416 343 167 370 204
bus 0.0413 454 166 479 193
bus 0.0402 324 165 359 206
bus 0.0401 436 121 481 144
bus 0.0398 441 161 476 199
bus 0.0371 459 175 474 196
bus 0.0356 464 168 484 192
bus 0.0352 486 163 494 196
bus 0.0334 474 168 490 192
bus 0.0333 324 162 468 233
bus 0.0332 467 175 481 196
bus 0.0307 475 175 488 196
bus 0.0275 261 160 391 211
bus 0.0273 335 172 363 210
bus 0.0268 298 171 369 212
bus 0.0266 350 175 379 207
bus 0.0259 425 124 460 142
bus 0.0249 416 126 438 140
bus 0.0241 483 106 496 212
bus 0.0240 490 110 496 220
car 0.0644 3 163 38 202
car 0.0431 0 144 5 197
car 0.0280 492 156 494 203
car 0.0280 33 154 71 199
car 0.0272 3 280 54 325
car 0.0270 39 142 392 252
car 0.0266 382 148 487 229
car 0.0244 47 160 81 198
car 0.0243 -1 95 6 200
person 0.1237 400 122 415 138
person 0.0952 336 171 361 206
person 0.0713 353 174 376 203
person 0.0632 -3 145 46 202
person 0.0593 0 148 19 193
person 0.0565 372 126 388 140
person 0.0558 7 169 34 202
person 0.0528 39 142 392 252
person 0.0516 422 125 448 141
person 0.0460 459 178 473 198
person 0.0431 382 148 487 229
person 0.0363 275 173 368 210
person 0.0339 27 153 69 200
person 0.0300 17 131 79 199
person 0.0295 47 160 81 198
person 0.0293 295 104 489 238
person 0.0286 63 164 103 195
person 0.0280 440 121 484 144
person 0.0258 492 156 494 203
person 0.0251 493 161 494 210
train 0.0366 -3 132 54 204
train 0.0282 0 128 4 196
