aeroplane 0.0718 472 99 499 137
aeroplane 0.0708 459 131 480 145
aeroplane 0.0685 451 131 474 146
aeroplane 0.0626 475 118 496 141
aeroplane 0.0497 463 123 493 143
aeroplane 0.0299 320 208 331 238
bicycle 0.0557 320 213 331 240
bird 0.0526 455 131 477 146
bird 0.0374 472 99 499 137
bird 0.0339 398 138 417 162
bird 0.0283 469 123 495 142
boat 0.0558 455 131 477 146
boat 0.0488 319 205 332 237
boat 0.0421 472 99 499 137
boat 0.0372 475 118 496 141
boat 0.0356 473 90 498 123
boat 0.0349 491 200 495 236
boat 0.0337 491 191 495 215
boat 0.0325 492 203 494 244
bottle 0.0400 323 209 335 238
bottle 0.0320 2 200 9 264
bottle 0.0312 52 222 59 249
bus 0.1053 431 197 478 250
bus 0.0761 376 196 407 227
bus 0.0735 319 205 332 237
bus 0.0688 491 200 495 236
bus 0.0670 485 193 494 214
bus 0.0634 492 203 494 244
bus 0.0482 1 192 9 261
bus 0.0471 346 202 398 228
bus 0.0310 52 211 59 248
bus 0.0306 107 190 143 246
bus 0.0286 450 193 482 213
car 0.0880 491 197 495 226
car 0.0860 485 196 494 216
car 0.0773 1 249 9 269
car 0.0539 320 208 331 238
car 0.0445 421 212 441 252
car 0.0420 416 214 430 250
car 0.0392 441 206 475 252
car 0.0385 0 190 5 263
car 0.0372 424 198 469 254
car 0.0359 453 224 471 252
car 0.0359 444 223 465 253
car 0.0310 489 119 497 141
car 0.0289 410 216 421 248
car 0.0284 488 110 498 138
chair 0.0452 324 213 334 238
chair 0.0425 317 213 327 239
chair 0.0345 1 211 9 271
horse 0.0343 320 213 331 240
motorbike 0.0398 320 208 331 238
motorbike 0.0351 1 249 9 269
person 0.1745 320 208 331 238
person 0.1387 2 200 9 264
person 0.0945 449 223 468 253
person 0.0863 417 220 429 250
person 0.0749 52 226 59 250
person 0.0579 491 201 495 240
person 0.0495 0 239 5 272
pottedplant 0.0552 455 131 477 146
pottedplant 0.0431 472 97 499 133
pottedplant 0.0388 474 112 498 142
pottedplant 0.0350 1 249 9 269
train 0.6831 108 193 143 248
train 0.0889 376 196 407 227
train 0.0850 319 205 332 237
train 0.0784 82 202 100 239
train 0.0753 159 197 195 244
train 0.0743 343 202 394 228
train 0.0669 427 196 474 251
train 0.0502 168 196 225 245
train 0.0432 51 205 60 248
train 0.0412 142 199 165 243
train 0.0411 485 196 494 216
train 0.0409 485 200 494 235
train 0.0390 163 181 261 249
train 0.0317 415 201 431 241
