bicycle 0.0346 444 232 496 333
bicycle 0.0316 467 209 496 330
bicycle 0.0275 484 172 496 325
bottle 0.0315 492 174 495 318
bottle 0.0302 459 243 495 332
bottle 0.0297 492 206 494 327
chair 0.0534 445 242 495 333
chair 0.0521 0 11 495 320
chair 0.0491 -9 3 106 328
chair 0.0310 336 237 495 332
chair 0.0303 467 218 495 331
chair 0.0276 475 271 495 330
chair 0.0274 484 209 495 330
chair 0.0273 398 251 494 329
horse 0.0304 451 228 497 332
motorbike 0.0357 444 222 496 333
motorbike 0.0282 467 199 497 330
person 0.5710 4 14 444 332
person 0.0679 467 209 496 330
person 0.0673 484 209 495 330
person 0.0637 491 153 495 318
person 0.0456 -7 5 89 325
person 0.0361 200 0 490 331
person 0.0313 452 0 495 330
person 0.0308 481 1 498 329
person 0.0297 0 1 223 329
pottedplant 0.0287 -7 5 89 325
sofa 0.0538 0 11 495 320
tvmonitor 0.0324 0 11 495 320
