aeroplane 0.0420 0 0 496 278
bicycle 0.0250 0 0 496 278
boat 0.0323 0 0 496 278
bottle 0.0408 231 0 497 278
bus 0.0234 219 0 495 278
car 0.0474 0 0 496 278
cat 0.0309 237 0 499 278
chair 0.0590 0 0 496 278
chair 0.0266 271 0 497 278
chair 0.0235 -1 21 216 279
cow 0.0244 0 0 496 278
diningtable 0.0306 0 0 496 278
dog 0.0391 213 0 493 278
horse 0.0407 0 0 496 278
motorbike 0.0318 0 0 496 278
person 0.7008 219 0 495 278
person 0.4325 0 12 221 278
person 0.0591 1 0 432 278
person 0.0396 481 3 498 275
person 0.0325 466 1 497 277
person 0.0259 435 3 496 275
sofa 0.0762 0 0 496 278
sofa 0.0388 0 138 497 280
sofa 0.0242 219 39 495 278
sofa 0.0238 -1 21 216 279
train 0.0293 0 0 496 278
tvmonitor 0.0246 231 0 497 278
