bird 0.1215 414 265 494 370
bird 0.0499 147 266 285 369
bird 0.0494 442 233 498 283
bird 0.0382 466 248 497 293
bird 0.0363 482 257 497 295
bird 0.0355 352 231 439 298
bird 0.0349 4 275 154 371
bird 0.0347 493 259 494 370
bird 0.0341 190 216 249 279
bird 0.0329 493 269 493 371
bird 0.0313 492 244 494 361
bird 0.0276 -1 218 43 253
cat 0.0477 409 265 494 371
cat 0.0400 442 231 497 280
cat 0.0303 147 266 285 369
cat 0.0298 466 248 497 293
cat 0.0294 2 270 150 371
cat 0.0286 352 231 439 298
cat 0.0266 482 257 497 295
cat 0.0263 190 216 248 282
cow 0.1026 414 265 494 370
cow 0.0887 4 275 154 371
cow 0.0812 190 216 248 282
cow 0.0646 352 231 439 298
cow 0.0645 442 233 498 283
cow 0.0599 -3 220 39 256
cow 0.0595 144 269 282 371
cow 0.0458 465 244 498 291
cow 0.0426 28 202 101 250
cow 0.0342 1 272 56 374
cow 0.0328 490 255 497 292
cow 0.0304 492 255 495 315
cow 0.0301 428 232 481 268
cow 0.0296 493 251 494 366
cow 0.0278 492 244 494 361
cow 0.0278 0 241 65 294
dog 0.1268 414 265 494 370
dog 0.0632 442 233 498 283
dog 0.0532 4 275 154 371
dog 0.0422 466 248 497 293
dog 0.0411 190 216 249 279
dog 0.0387 147 268 285 372
dog 0.0339 352 229 440 295
horse 0.0297 414 268 494 372
horse 0.0277 442 231 497 280
sheep 0.8177 147 268 285 372
sheep 0.7639 352 231 439 298
sheep 0.7453 190 216 249 279
sheep 0.7390 414 265 494 370
sheep 0.7031 4 271 154 370
sheep 0.5901 32 202 103 256
sheep 0.5060 -1 220 43 256
sheep 0.3494 442 233 498 283
sheep 0.2874 -1 242 66 304
sheep 0.1112 1 272 56 374
sheep 0.1089 25 208 55 227
sheep 0.1015 25 224 95 270
sheep 0.0819 12 222 76 260
sheep 0.0751 414 234 455 283
sheep 0.0610 1 202 25 221
sheep 0.0518 485 255 495 368
sheep 0.0509 75 279 170 367
sheep 0.0418 415 234 494 330
sheep 0.0371 2 186 16 214
