aeroplane 0.0327 101 88 120 101
aeroplane 0.0312 3 76 46 108
aeroplane 0.0267 3 70 39 96
bird 0.0374 4 72 45 100
bird 0.0352 261 2 328 22
bird 0.0325 103 84 125 100
bird 0.0280 132 28 160 55
bird 0.0237 134 42 158 77
bird 0.0218 234 0 386 25
boat 0.0358 1 102 33 158
boat 0.0353 3 90 46 146
boat 0.0281 0 85 35 128
boat 0.0269 3 78 46 111
boat 0.0213 0 71 34 95
bus 0.0223 85 293 189 370
car 0.8735 83 294 187 370
car 0.0300 173 291 189 302
car 0.0292 156 300 175 317
car 0.0291 155 304 175 325
car 0.0286 165 295 182 310
car 0.0277 163 306 184 334
car 0.0274 265 278 277 286
car 0.0260 292 277 304 287
car 0.0253 200 269 490 371
car 0.0252 149 300 167 316
car 0.0237 148 305 167 323
car 0.0224 97 322 117 359
car 0.0219 118 302 165 327
car 0.0216 108 307 121 322
car 0.0213 234 282 245 289
car 0.0210 140 300 160 316
car 0.0207 96 305 133 348
motorbike 0.0240 83 294 187 370
pottedplant 0.0201 0 71 34 95
