aeroplane 0.0757 255 0 294 13
bottle 0.1371 390 0 409 42
bottle 0.1358 411 3 435 39
bottle 0.1108 424 1 453 36
bottle 0.1105 472 4 491 38
bottle 0.0730 363 11 389 49
chair 0.6951 122 95 295 334
chair 0.3857 392 114 494 350
chair 0.2887 370 47 460 113
chair 0.2423 7 97 182 262
chair 0.1740 203 45 269 102
chair 0.1583 444 170 496 353
chair 0.1030 363 40 484 214
chair 0.0964 442 97 498 262
chair 0.0841 311 98 473 337
chair 0.0798 454 30 494 135
chair 0.0751 459 69 496 219
diningtable 0.6969 144 89 483 346
diningtable 0.1963 124 98 307 343
diningtable 0.0909 308 112 476 341
diningtable 0.0856 371 159 500 370
person 0.1553 472 4 491 38
person 0.1299 431 1 462 35
person 0.1201 421 0 449 36
person 0.1086 408 2 431 40
person 0.1029 394 0 413 42
person 0.0877 400 2 422 41
person 0.0824 358 47 488 236
sofa 0.1001 8 56 237 262
sofa 0.0830 23 59 230 171
tvmonitor 0.0857 0 103 41 238
