aeroplane 0.0696 422 116 494 141
aeroplane 0.0519 344 86 393 124
aeroplane 0.0368 7 204 73 230
aeroplane 0.0357 383 115 479 142
aeroplane 0.0309 281 7 316 25
aeroplane 0.0304 428 132 496 156
aeroplane 0.0302 461 125 495 143
aeroplane 0.0293 400 81 493 145
aeroplane 0.0281 340 81 459 139
bird 0.5435 344 86 393 124
bird 0.1470 281 7 316 25
bird 0.1076 345 81 454 129
boat 0.6749 65 60 500 322
boat 0.0847 2 -5 493 237
boat 0.0723 281 7 316 25
boat 0.0574 409 121 492 146
boat 0.0464 8 201 72 228
boat 0.0319 344 86 393 124
boat 0.0315 48 177 119 206
car 0.0363 281 7 316 25
cat 0.0506 281 7 316 25
cat 0.0428 344 85 393 120
chair 0.0269 281 7 316 25
cow 0.0319 281 7 316 25
dog 0.0399 344 85 393 120
dog 0.0384 281 7 316 25
person 0.0519 344 86 393 124
pottedplant 0.0440 344 85 399 125
pottedplant 0.0315 281 7 316 25
pottedplant 0.0292 345 81 454 129
sheep 0.1503 281 7 316 25
sheep 0.0399 344 85 393 120
