boat 0.0776 1 0 361 371
bottle 0.0633 0 0 260 372
bus 0.0882 2 0 281 372
car 0.0494 0 0 268 372
chair 0.0971 1 0 251 372
chair 0.0738 384 228 494 371
chair 0.0668 250 101 386 368
chair 0.0481 56 11 439 360
diningtable 0.0592 1 0 251 372
person 0.6223 263 95 388 358
person 0.2491 375 145 494 290
person 0.1653 270 99 388 184
person 0.0984 448 141 485 171
person 0.0592 1 0 251 372
person 0.0581 468 147 495 195
person 0.0513 396 131 435 198
person 0.0486 366 135 434 289
sofa 0.0571 1 0 251 372
train 0.0602 1 0 314 372
tvmonitor 0.1898 1 0 251 372
tvmonitor 0.0925 404 134 434 161
tvmonitor 0.0893 229 78 290 170
tvmonitor 0.0639 44 276 271 370
tvmonitor 0.0547 406 59 495 183
