bird 0.0757 259 10 337 156
bird 0.0286 198 184 258 229
bottle 0.0434 6 115 28 145
bottle 0.0265 404 86 466 156
bottle 0.0223 198 184 258 229
cat 0.1412 198 184 258 229
cat 0.0281 6 115 28 145
cat 0.0250 317 184 404 246
chair 0.1690 317 184 404 246
chair 0.1193 197 185 259 232
chair 0.0403 -1 291 98 373
chair 0.0201 6 115 28 145
diningtable 0.0249 197 185 259 232
dog 0.0370 198 184 258 229
person 0.0578 6 117 28 147
person 0.0495 259 7 337 153
person 0.0289 198 184 258 229
person 0.0212 0 287 82 371
pottedplant 0.0423 259 10 337 156
pottedplant 0.0389 197 185 259 232
pottedplant 0.0292 6 117 28 147
pottedplant 0.0257 317 184 404 246
sheep 0.0213 198 184 258 229
sofa 0.8120 64 227 478 372
sofa 0.0552 197 185 259 232
sofa 0.0481 317 184 404 246
sofa 0.0265 -1 291 98 373
tvmonitor 0.0561 0 297 88 372
tvmonitor 0.0552 197 185 259 232
tvmonitor 0.0418 405 89 465 159
tvmonitor 0.0288 317 184 404 246
tvmonitor 0.0268 6 115 28 145
