bicycle 0.0346 0 0 496 372
bird 0.0474 0 0 496 372
bird 0.0418 8 96 252 269
bird 0.0315 242 46 494 343
boat 0.0341 0 0 496 372
bottle 0.0370 0 0 496 372
car 0.0403 0 0 496 372
cat 0.3605 5 93 247 266
cat 0.0984 0 0 496 372
cat 0.0758 236 49 493 346
chair 0.1145 0 0 496 372
chair 0.0357 228 74 493 355
cow 0.0462 0 0 496 372
cow 0.0308 234 15 495 356
diningtable 0.0868 0 0 496 372
dog 0.2249 8 96 252 269
dog 0.1703 200 60 490 346
dog 0.1055 0 0 496 372
horse 0.0518 0 0 496 372
horse 0.0310 222 71 492 353
person 0.0853 0 0 496 372
person 0.0327 246 9 499 362
sheep 0.0908 8 96 252 269
sheep 0.0552 0 0 496 372
sheep 0.0396 240 12 496 359
sofa 0.1174 0 0 496 372
sofa 0.0307 229 70 492 354
