aeroplane 0.0705 1 57 495 366
bird 0.0559 462 296 494 373
boat 0.0902 0 65 495 364
bottle 0.0592 43 0 85 20
bottle 0.0508 406 51 424 92
bottle 0.0507 77 0 105 20
bottle 0.0424 472 22 492 67
bottle 0.0416 360 96 384 111
car 0.0895 0 70 495 365
cat 0.0511 462 289 494 374
chair 0.0585 0 70 495 365
chair 0.0545 128 69 180 132
chair 0.0403 476 26 494 69
cow 0.0411 462 296 494 373
diningtable 0.0512 0 18 496 354
dog 0.0549 462 296 494 373
horse 0.0377 462 296 494 373
person 0.6637 -1 70 208 371
person 0.0872 77 0 105 20
person 0.0869 43 0 85 20
person 0.0639 213 1 243 71
person 0.0610 129 67 178 128
person 0.0417 343 0 418 44
person 0.0410 459 261 496 374
person 0.0366 69 67 184 158
pottedplant 0.0717 43 0 85 20
pottedplant 0.0561 344 0 424 43
pottedplant 0.0519 25 1 71 24
pottedplant 0.0384 -1 54 450 358
sheep 0.0970 462 296 494 373
sofa 0.0406 0 78 496 369
train 0.0385 1 57 495 366
tvmonitor 0.1231 476 26 494 69
tvmonitor 0.0923 344 0 424 43
tvmonitor 0.0712 342 2 433 99
tvmonitor 0.0648 354 59 391 89
tvmonitor 0.0623 268 80 477 238
tvmonitor 0.0383 1 58 494 348
