aeroplane 0.0945 449 99 498 146
bicycle 0.0496 87 168 213 321
bicycle 0.0419 170 39 426 186
bird 0.0490 291 0 345 17
boat 0.0625 449 99 498 146
car 0.0262 451 104 497 151
chair 0.1699 89 167 218 322
chair 0.0384 294 86 435 303
chair 0.0348 87 45 237 329
cow 0.1232 204 200 337 315
diningtable 0.0272 87 147 212 321
dog 0.0386 205 203 337 317
dog 0.0268 109 190 331 325
horse 0.0571 204 200 337 315
motorbike 0.2598 160 43 413 192
motorbike 0.0274 82 14 413 299
person 0.7513 298 75 438 294
person 0.6074 85 25 245 324
person 0.0511 105 35 272 210
person 0.0350 452 39 495 289
person 0.0292 130 39 248 159
person 0.0257 484 38 495 290
person 0.0257 493 88 494 282
pottedplant 0.0275 452 39 495 289
sheep 0.0396 210 204 347 316
sofa 0.0295 83 27 241 327
sofa 0.0278 298 88 438 302
