aeroplane 0.0480 385 207 406 215
aeroplane 0.0244 451 111 496 195
aeroplane 0.0230 463 163 493 195
aeroplane 0.0201 421 91 496 192
bird 0.0511 121 271 201 320
bird 0.0266 454 84 494 151
bird 0.0219 89 305 108 315
boat 0.0608 385 207 406 215
boat 0.0301 6 203 83 249
boat 0.0278 120 269 202 318
boat 0.0242 2 270 23 287
boat 0.0214 415 206 462 217
boat 0.0206 464 166 492 198
car 0.0535 385 207 406 215
car 0.0340 121 271 201 320
car 0.0219 415 206 455 216
cat 0.0403 121 271 201 320
cow 0.1751 116 271 200 320
dog 0.0711 116 269 200 318
dog 0.0219 -1 -112 497 202
horse 0.0579 116 271 200 320
sheep 0.6362 121 271 201 320
sheep 0.0205 383 210 402 218
sofa 0.0211 -3 63 499 307
