boat 0.0299 259 94 337 147
bottle 0.0486 1 177 32 334
bus 0.0434 247 84 342 146
bus 0.0387 435 79 497 245
bus 0.0385 0 85 41 156
car 0.5346 435 79 497 250
car 0.4595 -1 55 160 286
car 0.1660 415 129 439 154
car 0.1594 15 68 480 297
car 0.1180 476 158 495 277
car 0.0551 217 86 340 150
car 0.0491 196 5 463 290
car 0.0437 492 86 495 227
car 0.0396 283 97 329 144
car 0.0391 0 183 33 310
car 0.0353 0 87 41 161
car 0.0349 374 114 386 145
car 0.0306 0 34 5 73
motorbike 0.7425 9 82 486 342
motorbike 0.0593 477 163 494 278
motorbike 0.0402 481 171 497 322
motorbike 0.0363 5 68 224 303
motorbike 0.0309 1 177 32 334
person 0.1604 283 94 328 142
person 0.0929 374 114 386 145
person 0.0672 339 98 351 138
person 0.0450 491 176 495 318
person 0.0402 0 34 12 67
person 0.0401 483 154 495 357
person 0.0397 0 78 41 153
person 0.0383 477 151 494 273
person 0.0367 56 71 454 318
person 0.0352 491 153 494 271
person 0.0318 492 94 495 254
tvmonitor 0.0378 0 78 34 152
