aeroplane 0.0310 87 -6 409 51
aeroplane 0.0308 51 -15 444 152
bicycle 0.0254 160 113 335 407
bird 0.0336 114 -2 381 33
bird 0.0305 141 0 353 17
boat 0.0305 116 20 379 199
boat 0.0242 64 1 251 9
boat 0.0233 51 -15 444 152
bottle 0.0240 150 31 305 215
car 0.0271 72 14 423 261
car 0.0250 167 66 328 376
car 0.0224 69 1 254 8
cat 0.0238 2 0 250 443
chair 0.0280 2 0 250 443
chair 0.0216 1 0 95 442
motorbike 0.6728 163 111 339 409
motorbike 0.0329 11 109 359 431
person 0.2598 154 48 317 359
person 0.1485 164 29 299 190
person 0.0427 80 23 415 245
person 0.0289 0 0 42 442
person 0.0261 2 0 235 443
person 0.0235 69 1 254 8
pottedplant 0.0215 69 1 254 8
train 0.0286 116 20 379 199
train 0.0242 49 -21 509 241
tvmonitor 0.0251 -22 0 221 24
tvmonitor 0.0222 64 1 251 9
tvmonitor 0.0220 -13 0 259 44
