aeroplane 0.0491 152 85 186 99
aeroplane 0.0258 308 49 382 77
aeroplane 0.0249 460 171 480 189
aeroplane 0.0242 423 25 493 81
bicycle 0.0248 460 171 480 189
bird 0.0841 460 171 480 189
bird 0.0322 297 38 354 73
bird 0.0236 151 86 187 102
bird 0.0229 315 45 383 76
boat 0.0836 5 116 162 161
boat 0.0464 148 86 183 102
boat 0.0365 91 131 162 146
boat 0.0326 16 106 87 129
boat 0.0313 460 171 480 189
boat 0.0263 5 112 99 144
boat 0.0227 -1 16 497 199
boat 0.0225 308 49 382 77
boat 0.0212 485 79 494 105
boat 0.0208 474 80 490 103
boat 0.0205 471 65 492 98
boat 0.0204 0 112 10 145
bottle 0.0237 372 124 381 138
bottle 0.0237 465 171 482 189
bus 0.0237 485 79 494 105
bus 0.0200 474 80 490 103
car 0.0339 492 81 494 108
car 0.0320 152 85 186 99
car 0.0312 491 77 495 102
car 0.0209 460 171 480 189
cat 0.0273 175 125 289 261
cow 0.0443 460 171 480 189
cow 0.0208 175 125 289 261
dog 0.8449 175 125 289 261
dog 0.0451 460 171 480 189
horse 0.0682 460 172 480 193
motorbike 0.0249 460 172 480 193
person 0.1533 460 172 480 193
person 0.0446 297 38 354 73
person 0.0291 491 77 495 102
person 0.0260 491 176 495 211
person 0.0236 492 63 495 95
person 0.0235 315 45 383 76
person 0.0234 372 126 381 140
person 0.0233 171 125 286 261
person 0.0203 492 55 494 93
person 0.0201 491 63 496 157
pottedplant 0.0252 375 126 385 141
pottedplant 0.0225 465 171 482 189
sheep 0.0335 460 171 480 189
sofa 0.0294 176 127 287 263
train 0.0213 -1 16 497 199
train 0.0204 386 90 491 135
