aeroplane 0.0547 336 240 495 371
aeroplane 0.0380 15 174 49 203
boat 0.0757 1 226 16 327
boat 0.0659 0 234 12 265
boat 0.0484 26 200 91 246
boat 0.0422 0 83 19 206
boat 0.0397 15 177 49 205
bottle 0.0436 0 234 12 265
bottle 0.0426 363 209 381 238
bottle 0.0400 1 232 11 326
bus 0.8022 158 157 290 237
bus 0.1388 15 174 49 203
bus 0.0715 150 173 189 209
bus 0.0655 1 226 16 327
bus 0.0587 84 192 129 226
bus 0.0565 171 175 199 207
bus 0.0552 0 234 12 265
bus 0.0539 0 95 11 205
bus 0.0502 181 177 205 206
bus 0.0484 56 183 87 200
bus 0.0468 4 169 22 202
bus 0.0458 242 186 300 220
bus 0.0448 1 169 9 202
bus 0.0411 173 174 229 220
bus 0.0397 25 200 88 246
bus 0.0397 0 147 10 201
bus 0.0383 269 193 288 225
bus 0.0362 296 182 316 231
car 0.6668 26 200 91 246
car 0.6472 84 192 129 226
car 0.3519 336 240 495 371
car 0.2578 15 180 49 208
car 0.1803 0 232 12 262
car 0.1061 70 193 105 225
car 0.1038 61 189 89 206
car 0.0795 1 226 16 327
car 0.0765 363 209 381 238
car 0.0703 29 188 90 231
car 0.0698 26 201 47 240
car 0.0507 0 184 11 281
car 0.0408 296 184 317 234
car 0.0366 159 157 294 237
chair 0.0596 0 232 12 262
motorbike 0.0995 336 240 495 371
motorbike 0.0447 26 200 91 246
person 0.5646 296 184 317 234
person 0.0973 158 157 290 237
person 0.0579 275 196 289 227
person 0.0545 178 175 200 202
person 0.0509 363 209 381 238
person 0.0435 1 222 16 324
person 0.0414 9 191 24 208
person 0.0408 15 187 43 212
person 0.0394 0 234 12 265
person 0.0374 160 196 171 216
person 0.0366 23 194 42 229
person 0.0366 26 201 47 240
pottedplant 0.0375 0 232 12 262
sheep 0.0525 0 234 12 265
sheep 0.0446 26 200 91 246
train 0.0559 15 177 49 205
train 0.0479 0 232 12 262
train 0.0421 1 222 16 324
tvmonitor 0.0574 0 232 12 262
tvmonitor 0.0415 1 232 11 326
