boat 0.0326 1 8 494 234
boat 0.0279 252 181 305 260
bottle 0.0680 307 202 407 368
bottle 0.0422 253 178 304 257
bottle 0.0271 185 157 192 184
car 0.0308 473 146 497 178
cat 0.0395 3 261 156 362
chair 0.1340 243 170 260 201
chair 0.1081 106 174 155 273
chair 0.0967 390 176 425 224
chair 0.0786 253 178 304 257
chair 0.0772 473 146 497 178
chair 0.0601 192 155 240 233
chair 0.0568 467 169 496 279
chair 0.0419 322 -7 493 121
chair 0.0416 254 169 296 231
chair 0.0412 24 162 166 291
chair 0.0388 170 -9 489 111
chair 0.0373 4 217 155 359
chair 0.0344 185 155 200 215
chair 0.0342 185 146 216 225
chair 0.0316 460 150 495 344
chair 0.0279 363 155 397 210
diningtable 0.0496 252 181 305 260
diningtable 0.0450 -2 195 499 375
person 0.6254 195 129 238 230
person 0.0474 187 153 198 207
person 0.0444 200 131 233 193
person 0.0431 235 162 253 204
person 0.0372 210 134 230 161
person 0.0300 4 2 53 35
pottedplant 0.0827 253 178 304 257
pottedplant 0.0463 255 169 279 190
pottedplant 0.0386 244 168 259 197
pottedplant 0.0367 241 165 253 189
pottedplant 0.0338 307 202 407 368
sofa 0.0718 13 166 161 351
sofa 0.0380 198 141 249 234
sofa 0.0378 254 170 280 195
sofa 0.0348 473 146 497 178
sofa 0.0332 238 170 257 207
sofa 0.0321 106 174 155 273
sofa 0.0305 4 255 155 362
tvmonitor 0.1027 473 146 497 178
tvmonitor 0.0613 253 169 274 190
tvmonitor 0.0403 253 178 304 257
