aeroplane 0.0302 343 67 362 76
bird 0.0684 237 133 273 162
bird 0.0480 269 112 335 153
bird 0.0421 264 110 356 172
bird 0.0398 0 100 33 131
bird 0.0381 403 138 498 286
bird 0.0377 78 125 228 298
bird 0.0360 490 114 496 140
bird 0.0350 297 110 353 144
bird 0.0319 105 125 156 146
boat 0.0388 343 67 362 76
car 0.0472 343 67 362 76
cat 0.0378 237 133 273 162
cat 0.0304 0 100 33 131
cat 0.0302 264 110 356 172
cat 0.0302 273 111 331 148
cow 0.0530 235 132 346 309
cow 0.0530 0 100 33 131
cow 0.0499 403 138 498 286
cow 0.0455 -1 105 114 236
cow 0.0440 76 125 224 299
cow 0.0411 269 110 343 155
cow 0.0395 259 114 361 187
cow 0.0340 490 114 496 140
cow 0.0335 -1 103 35 162
cow 0.0334 238 134 279 166
dog 0.0454 273 111 331 148
dog 0.0402 264 110 356 172
dog 0.0375 237 135 274 165
dog 0.0374 399 137 496 287
dog 0.0317 233 125 348 311
dog 0.0310 0 100 33 131
sheep 0.8522 403 138 498 286
sheep 0.7819 78 125 228 298
sheep 0.7114 233 125 348 311
sheep 0.6494 0 104 113 232
sheep 0.2396 272 113 363 182
sheep 0.1941 237 135 274 165
sheep 0.1502 273 111 331 148
sheep 0.1436 0 100 33 131
sheep 0.1189 -1 102 35 157
sheep 0.0633 484 119 495 141
sheep 0.0609 411 134 490 172
sheep 0.0584 0 101 26 229
sheep 0.0500 118 126 157 145
sheep 0.0466 5 103 91 186
sheep 0.0466 16 108 189 222
sheep 0.0445 484 148 496 275
sheep 0.0418 406 126 433 145
sheep 0.0413 400 131 446 164
sheep 0.0403 484 116 496 225
sheep 0.0402 233 137 301 193
sheep 0.0368 483 120 496 175
sheep 0.0350 435 127 497 155
sheep 0.0350 490 112 497 247
sheep 0.0338 470 128 493 179
sheep 0.0331 457 136 491 170
sheep 0.0328 343 67 362 76
sheep 0.0305 47 119 174 176
sheep 0.0300 264 116 378 273
