aeroplane 0.0567 -1 1 498 370
bicycle 0.0347 -1 1 498 370
bird 0.1403 307 243 329 296
bird 0.1231 405 330 434 367
bird 0.0603 311 13 387 82
bird 0.0490 -1 1 498 370
bird 0.0468 275 12 330 60
bird 0.0425 369 2 414 23
bird 0.0386 142 22 353 74
bird 0.0377 308 4 452 86
bird 0.0344 69 2 488 181
bird 0.0338 254 59 366 124
bird 0.0336 336 306 377 368
bird 0.0305 372 4 482 86
bottle 0.0448 -1 1 498 370
car 0.0370 -1 1 498 370
cat 0.0432 306 245 329 300
cat 0.0393 -13 1 453 369
chair 0.0308 -1 1 498 370
diningtable 0.0623 -1 1 498 370
dog 0.0467 405 330 434 367
person 0.1440 405 330 434 367
person 0.0436 -1 1 498 370
person 0.0403 2 -1 40 372
person 0.0321 306 245 329 300
pottedplant 0.7827 -1 1 498 370
pottedplant 0.0673 307 243 329 296
pottedplant 0.0444 255 333 303 370
pottedplant 0.0410 5 0 232 371
pottedplant 0.0331 405 330 434 367
pottedplant 0.0310 55 153 479 375
tvmonitor 0.0614 -1 1 498 370
