aeroplane 0.1042 13 94 482 198
aeroplane 0.0647 159 104 234 132
aeroplane 0.0400 203 111 237 130
aeroplane 0.0295 105 106 288 150
bicycle 0.0520 37 92 122 148
bicycle 0.0424 16 96 479 202
bicycle 0.0265 161 107 224 133
bird 0.0468 203 111 237 130
bird 0.0373 159 103 242 132
bird 0.0289 42 80 70 98
bird 0.0281 154 146 176 178
bird 0.0275 39 76 104 143
bird 0.0259 49 105 125 146
bird 0.0254 146 112 239 139
boat 0.1660 122 110 427 198
boat 0.1269 9 111 243 192
boat 0.0383 159 103 242 132
boat 0.0379 61 131 293 188
boat 0.0374 133 145 205 174
boat 0.0355 143 143 180 176
boat 0.0331 33 71 462 196
boat 0.0324 113 108 273 148
boat 0.0262 121 149 233 191
horse 0.0390 40 103 119 148
horse 0.0266 39 76 104 143
motorbike 0.0410 34 91 117 149
person 0.5092 39 76 104 143
person 0.0516 203 111 237 130
person 0.0471 179 112 261 138
person 0.0455 154 146 176 178
person 0.0351 168 107 241 133
person 0.0310 148 114 229 137
train 0.0478 -2 99 420 199
