bird 0.0307 0 -4 495 167
bird 0.0289 146 0 349 44
bird 0.0226 101 -8 456 52
bird 0.0202 17 1 79 37
boat 0.1201 380 64 459 271
boat 0.0723 404 59 489 270
boat 0.0317 444 154 489 269
boat 0.0253 439 79 493 303
bottle 0.0702 458 63 474 80
bottle 0.0236 2 191 117 326
cat 0.8246 84 88 309 288
chair 0.0451 89 86 311 285
chair 0.0291 444 156 488 272
chair 0.0270 420 235 497 329
chair 0.0266 12 100 483 334
chair 0.0217 1 195 111 332
diningtable 0.0221 2 194 125 332
dog 0.0400 88 88 312 288
person 0.0208 173 1 314 42
person 0.0204 16 0 72 37
person 0.0201 102 89 328 282
person 0.0201 0 -4 495 167
sofa 0.0331 12 100 483 334
sofa 0.0211 87 90 313 290
train 0.0220 404 59 489 270
tvmonitor 0.0915 0 192 105 330
tvmonitor 0.0645 408 58 493 251
tvmonitor 0.0202 444 156 488 272
