aeroplane 0.3751 412 33 497 75
aeroplane 0.1048 330 35 493 90
aeroplane 0.0987 420 55 496 105
aeroplane 0.0838 463 31 492 59
aeroplane 0.0832 472 26 491 52
aeroplane 0.0594 0 88 120 336
aeroplane 0.0575 466 43 497 81
boat 0.0534 406 35 495 78
boat 0.0473 0 90 120 339
boat 0.0367 0 69 495 372
bottle 0.0789 407 350 463 372
bottle 0.0393 208 129 296 242
bottle 0.0375 353 107 502 293
bottle 0.0369 0 357 17 371
bus 0.0401 188 9 228 80
car 0.1005 0 91 121 345
car 0.0667 0 64 495 371
car 0.0365 490 36 497 71
car 0.0353 412 33 497 75
cat 0.0500 223 144 288 232
chair 0.0727 2 89 125 340
chair 0.0534 409 350 468 372
chair 0.0517 8 88 104 224
chair 0.0482 137 100 359 271
chair 0.0352 430 349 494 373
chair 0.0347 326 40 411 85
diningtable 0.0414 137 100 359 271
person 0.0575 407 350 463 372
person 0.0424 188 9 228 80
person 0.0368 137 100 359 271
person 0.0360 0 -2 50 93
person 0.0348 0 2 34 70
person 0.0338 0 357 17 371
pottedplant 0.6034 359 106 502 294
pottedplant 0.0640 137 100 359 271
pottedplant 0.0559 217 138 294 233
pottedplant 0.0359 427 73 497 298
pottedplant 0.0357 464 117 491 294
sofa 0.0363 0 93 121 354
tvmonitor 0.6956 26 -2 196 110
tvmonitor 0.1560 183 9 226 80
tvmonitor 0.0580 7 91 104 233
tvmonitor 0.0479 188 5 221 49
tvmonitor 0.0427 0 60 26 112
tvmonitor 0.0405 0 -1 64 103
tvmonitor 0.0361 147 111 348 266
tvmonitor 0.0344 2 89 125 340
tvmonitor 0.0335 193 5 216 26
