aeroplane 0.0356 4 156 241 237
aeroplane 0.0305 473 219 497 305
aeroplane 0.0239 1 241 125 307
aeroplane 0.0236 355 237 475 310
aeroplane 0.0232 3 227 38 268
boat 0.1389 5 159 240 240
boat 0.0340 474 222 496 308
boat 0.0299 356 236 474 307
boat 0.0255 2 243 124 310
bottle 0.0230 474 222 496 308
bus 0.0623 473 219 497 305
bus 0.0459 6 161 246 238
bus 0.0335 354 236 471 307
bus 0.0294 490 211 496 284
bus 0.0284 2 229 32 283
bus 0.0280 1 241 125 307
bus 0.0251 68 244 232 316
bus 0.0238 471 211 493 261
car 0.8539 199 239 352 315
car 0.8463 356 236 474 307
car 0.7535 1 241 125 307
car 0.7494 68 244 232 316
car 0.3820 474 222 496 308
car 0.2576 2 230 32 294
car 0.0840 293 241 342 266
car 0.0457 257 235 292 248
car 0.0437 252 240 297 255
car 0.0373 245 235 273 247
car 0.0370 18 228 102 278
car 0.0349 266 247 330 272
car 0.0349 264 239 316 256
car 0.0306 150 245 228 274
car 0.0239 408 242 485 300
car 0.0235 334 253 380 294
car 0.0231 58 236 101 252
chair 0.0283 476 247 495 312
chair 0.0245 473 219 497 305
chair 0.0230 488 230 498 317
motorbike 0.0375 474 225 497 310
motorbike 0.0298 478 253 493 312
motorbike 0.0296 356 236 474 307
motorbike 0.0288 1 241 125 307
motorbike 0.0260 2 230 32 294
motorbike 0.0250 201 240 355 315
person 0.0545 474 222 496 308
person 0.0396 486 217 499 308
person 0.0353 237 232 258 245
person 0.0349 489 210 497 291
person 0.0331 493 255 493 316
person 0.0330 479 259 492 312
person 0.0295 2 230 32 294
person 0.0282 4 238 45 309
person 0.0252 1 218 2 306
person 0.0246 257 235 292 248
pottedplant 0.0259 474 222 496 308
sheep 0.0228 474 225 497 310
train 0.1172 244 141 485 282
train 0.0611 6 161 246 238
train 0.0383 0 82 496 294
train 0.0246 473 219 497 305
tvmonitor 0.0246 474 222 496 308
