bottle 0.0968 43 256 258 489
car 0.0589 -16 4 177 29
car 0.0430 -8 2 63 8
chair 0.0573 0 35 371 461
chair 0.0512 -16 4 177 29
diningtable 0.0668 0 272 371 496
diningtable 0.0543 -1 385 374 500
diningtable 0.0488 -16 4 177 29
horse 0.0519 298 0 371 496
motorbike 0.0437 1 247 370 490
person 0.7434 -1 53 373 496
person 0.1700 41 254 277 491
person 0.1330 293 0 371 496
person 0.0838 129 233 371 496
person 0.0579 347 -2 375 498
person 0.0559 -9 0 182 26
person 0.0461 244 1 373 307
sofa 0.0787 0 35 371 461
sofa 0.0660 -8 3 181 30
tvmonitor 0.0866 -21 1 170 25
