bicycle 0.0219 311 65 332 89
bird 0.0483 314 65 337 89
bird 0.0462 288 350 324 373
bird 0.0310 332 69 350 91
bottle 0.0257 314 67 337 93
bottle 0.0224 332 69 350 91
cat 0.0251 314 65 337 89
chair 0.0206 314 67 337 93
cow 0.0269 311 67 332 92
cow 0.0225 94 89 472 322
dog 0.0430 314 67 337 93
dog 0.0327 332 69 350 91
horse 0.0265 314 65 337 89
motorbike 0.0203 314 65 337 89
person 0.0351 314 67 337 93
person 0.0331 332 69 350 91
person 0.0204 291 350 329 373
person 0.0203 342 69 356 91
pottedplant 0.0324 288 350 324 373
pottedplant 0.0220 314 65 337 89
sheep 0.8640 93 88 479 324
sheep 0.0416 314 67 337 93
sheep 0.0312 332 69 350 91
