aeroplane 0.7310 24 70 486 254
aeroplane 0.0629 27 241 54 260
aeroplane 0.0501 7 229 43 242
aeroplane 0.0474 3 227 31 240
aeroplane 0.0442 1 230 17 241
aeroplane 0.0394 0 223 18 239
aeroplane 0.0339 9 239 40 249
aeroplane 0.0317 13 213 84 241
aeroplane 0.0242 64 229 111 242
aeroplane 0.0224 7 189 66 243
aeroplane 0.0207 18 216 125 246
bicycle 0.0266 32 242 56 263
bicycle 0.0259 0 8 495 265
bird 0.0218 32 242 56 263
boat 0.0365 33 241 55 256
boat 0.0285 3 227 31 240
boat 0.0282 1 227 17 240
boat 0.0278 0 8 495 265
boat 0.0235 6 238 28 246
boat 0.0228 9 237 40 247
boat 0.0206 9 224 56 243
bus 0.0331 33 241 55 256
bus 0.0238 22 239 51 250
bus 0.0205 1 234 10 245
bus 0.0204 0 230 11 242
car 0.0525 33 241 55 256
car 0.0297 1 228 3 247
car 0.0265 75 233 107 243
car 0.0257 4 235 21 244
car 0.0248 9 240 33 249
motorbike 0.0316 32 242 56 263
person 0.1183 32 242 56 263
person 0.0244 78 235 104 244
pottedplant 0.0360 32 242 56 263
