aeroplane 0.0528 243 94 282 112
boat 0.0371 243 91 282 110
boat 0.0325 41 106 469 283
boat 0.0256 0 98 10 121
boat 0.0202 491 105 495 132
bottle 0.0250 34 103 469 280
bus 0.0302 34 103 469 280
bus 0.0287 484 124 495 142
bus 0.0263 484 107 495 135
bus 0.0246 3 112 117 153
bus 0.0222 473 126 491 140
bus 0.0221 243 91 282 110
bus 0.0214 391 135 487 183
car 0.7050 41 106 469 283
car 0.4262 391 135 487 183
car 0.2922 402 134 499 218
car 0.1468 243 91 282 110
car 0.0592 490 127 497 145
car 0.0585 478 128 494 143
car 0.0545 490 131 496 152
car 0.0508 490 130 496 217
car 0.0466 491 129 495 177
car 0.0390 29 129 169 172
car 0.0361 7 119 89 164
car 0.0306 30 138 66 169
car 0.0283 0 97 3 127
motorbike 0.0337 403 143 498 227
motorbike 0.0258 452 147 494 228
motorbike 0.0216 393 135 491 188
motorbike 0.0200 243 94 282 112
person 0.0290 490 130 496 217
person 0.0284 490 123 496 143
person 0.0239 460 149 494 227
person 0.0221 490 131 496 157
person 0.0213 491 125 495 187
person 0.0212 30 138 66 169
person 0.0200 441 137 483 158
pottedplant 0.0270 243 91 282 110
pottedplant 0.0211 30 143 58 169
pottedplant 0.0202 0 95 10 118
sheep 0.0228 41 106 469 283
tvmonitor 0.0230 5 117 83 160
tvmonitor 0.0211 34 103 469 280
