aeroplane 0.0205 278 175 397 267
bird 0.0443 461 1 494 47
bird 0.0295 198 134 226 173
boat 0.7382 90 136 350 288
boat 0.0569 461 1 494 47
boat 0.0241 297 179 393 269
bottle 0.0404 461 1 494 47
bottle 0.0286 266 280 455 389
bottle 0.0223 90 136 350 288
car 0.0727 461 1 494 47
car 0.0239 287 180 395 273
car 0.0213 412 0 481 48
car 0.0207 488 2 498 46
cat 0.0589 461 1 494 47
chair 0.0628 461 1 494 47
chair 0.0440 407 1 470 48
chair 0.0229 403 0 444 32
chair 0.0224 488 5 498 50
cow 0.0912 461 1 494 47
cow 0.0286 419 1 489 48
cow 0.0221 488 1 498 43
diningtable 0.0221 461 1 494 47
dog 0.0766 461 1 494 47
dog 0.0240 419 1 489 48
horse 0.0745 461 1 494 47
horse 0.0228 411 1 489 53
person 0.0594 461 1 494 47
person 0.0575 198 134 226 173
person 0.0328 488 2 498 46
person 0.0246 419 1 489 48
pottedplant 0.0230 297 179 393 269
sheep 0.1410 461 1 494 47
sheep 0.0303 407 1 470 48
sofa 0.0319 461 1 494 47
sofa 0.0224 412 0 481 48
train 0.0244 461 1 494 47
tvmonitor 0.0222 461 1 494 47
