bicycle 0.0633 0 201 396 496
boat 0.0314 0 143 397 492
bottle 0.0349 255 214 272 257
bus 0.0519 -2 0 399 495
car 0.0689 -2 0 399 495
car 0.0419 172 1 254 10
chair 0.1132 -2 0 399 495
diningtable 0.0540 -2 0 399 495
dog 0.0318 -2 0 399 495
horse 0.0380 0 174 396 492
motorbike 0.0563 0 174 396 492
person 0.8117 0 2 320 493
person 0.6067 230 241 397 496
person 0.0391 -2 -2 104 139
person 0.0372 2 2 56 493
sofa 0.1438 -2 0 399 495
tvmonitor 0.0529 -2 0 399 495
tvmonitor 0.0435 283 165 394 385
tvmonitor 0.0387 262 229 365 359
