bicycle 0.1329 2 34 104 304
bicycle 0.0570 -1 36 199 287
bicycle 0.0556 2 38 97 183
bicycle 0.0405 55 60 389 497
bicycle 0.0346 -1 41 121 517
bicycle 0.0274 303 24 401 221
bottle 0.0359 0 362 48 492
car 0.0417 1 58 98 319
car 0.0348 57 58 394 499
chair 0.0498 2 38 97 183
chair 0.0359 307 24 403 159
chair 0.0312 0 40 132 518
motorbike 0.7780 57 55 387 495
motorbike 0.1926 1 46 104 316
motorbike 0.0591 252 29 406 278
motorbike 0.0459 -1 35 206 280
motorbike 0.0432 3 39 96 198
motorbike 0.0310 -1 41 121 517
motorbike 0.0286 142 33 406 337
person 0.0284 1 38 93 309
pottedplant 0.0300 -2 41 116 516
pottedplant 0.0286 2 38 97 183
tvmonitor 0.1046 194 364 367 490
tvmonitor 0.0365 1 368 47 494
