bottle 0.0610 477 163 494 260
bottle 0.0396 491 150 495 250
bottle 0.0310 492 147 494 230
bottle 0.0284 469 203 494 262
bus 0.7906 74 63 413 290
bus 0.3370 382 98 457 267
bus 0.0949 350 138 395 222
bus 0.0440 392 158 447 260
bus 0.0424 424 120 492 263
bus 0.0318 268 116 399 243
bus 0.0300 441 171 492 259
bus 0.0297 246 121 343 226
bus 0.0239 470 149 493 257
bus 0.0235 276 142 312 194
bus 0.0231 455 97 493 263
bus 0.0230 484 147 495 248
car 0.0584 399 181 446 260
car 0.0330 344 137 393 222
car 0.0322 364 105 435 254
car 0.0302 354 150 383 197
car 0.0298 493 146 494 236
car 0.0297 375 153 393 183
car 0.0295 492 147 494 247
car 0.0292 381 93 465 266
car 0.0278 381 150 403 186
car 0.0272 84 62 426 291
car 0.0270 387 141 413 194
car 0.0262 352 129 416 231
car 0.0262 371 147 397 200
car 0.0260 366 153 386 182
car 0.0252 449 161 491 257
car 0.0249 235 127 299 197
car 0.0236 491 168 496 261
car 0.0234 226 137 261 176
car 0.0228 219 122 330 213
person 0.1266 269 133 296 179
person 0.1015 357 151 379 179
person 0.0998 312 139 347 179
person 0.0813 350 138 395 222
person 0.0791 84 61 425 287
person 0.0718 382 149 401 181
person 0.0690 379 145 405 196
person 0.0590 368 101 440 258
person 0.0567 207 144 225 168
person 0.0554 176 141 193 165
person 0.0510 197 143 212 164
person 0.0473 491 160 495 258
person 0.0444 477 163 494 260
person 0.0386 396 117 435 213
person 0.0362 463 164 493 260
person 0.0303 78 190 89 222
person 0.0270 391 135 454 265
person 0.0238 226 118 245 153
train 0.0329 381 90 457 263
train 0.0240 354 107 438 258
