aeroplane 0.0248 0 0 495 370
bicycle 0.0819 -1 209 263 371
bicycle 0.0322 0 101 9 146
bird 0.1164 290 209 337 260
bird 0.0347 362 227 390 242
bird 0.0306 -3 216 265 370
boat 0.0341 273 1 502 258
boat 0.0331 290 209 337 260
boat 0.0289 0 0 495 370
boat 0.0276 362 227 390 242
bottle 0.0471 0 202 269 372
bottle 0.0341 291 212 336 262
bottle 0.0326 1 102 9 151
car 0.0418 0 98 4 149
car 0.0342 392 0 486 31
car 0.0332 0 202 269 372
car 0.0269 393 0 493 66
car 0.0243 0 0 495 370
cat 0.0712 290 209 337 260
chair 0.0445 1 103 9 155
chair 0.0423 0 0 495 370
chair 0.0383 1 216 267 370
cow 0.0294 291 212 336 262
diningtable 0.0271 0 0 495 370
dog 0.0475 290 209 337 260
horse 0.0266 1 102 9 151
motorbike 0.0848 -2 190 271 372
motorbike 0.0270 0 101 9 146
person 0.5845 0 1 284 369
person 0.0591 0 101 9 146
person 0.0363 0 202 269 372
person 0.0311 0 66 4 152
person 0.0293 -7 2 120 368
person 0.0268 0 53 11 317
person 0.0261 0 94 3 194
person 0.0254 -1 15 44 355
person 0.0241 18 1 226 229
person 0.0241 3 172 132 367
pottedplant 0.0699 0 202 269 372
pottedplant 0.0260 1 98 8 144
sheep 0.8454 270 7 499 258
sheep 0.0961 291 212 336 262
sheep 0.0508 362 227 390 242
sheep 0.0278 453 23 494 236
sofa 0.0450 0 0 495 370
