bicycle 0.2822 364 0 490 93
bicycle 0.0872 303 -1 465 81
bicycle 0.0742 0 210 58 427
bicycle 0.0545 0 0 496 442
bicycle 0.0540 0 213 18 332
bicycle 0.0539 2 199 32 388
car 0.1693 34 0 523 442
car 0.1014 2 301 54 426
motorbike 0.8646 0 0 496 442
motorbike 0.2196 0 215 58 428
motorbike 0.1301 365 -1 489 81
motorbike 0.1062 287 -1 341 31
motorbike 0.0803 301 0 459 80
motorbike 0.0744 274 0 494 226
motorbike 0.0711 0 213 18 332
motorbike 0.0699 332 0 381 51
motorbike 0.0617 295 0 372 44
person 0.1237 1 217 17 343
person 0.0748 287 -1 341 31
person 0.0687 0 0 496 442
person 0.0595 330 0 376 45
person 0.0523 161 0 193 23
pottedplant 0.0563 364 0 490 93
