bicycle 0.6516 52 1 419 370
bicycle 0.1075 317 5 498 213
bicycle 0.0671 325 32 436 169
bicycle 0.0380 289 12 432 253
bicycle 0.0325 296 36 394 182
bicycle 0.0277 399 42 416 77
bird 0.0223 399 42 416 77
bottle 0.0586 399 38 415 69
bottle 0.0342 13 0 426 371
bus 0.0288 412 0 489 79
bus 0.0246 492 21 494 75
bus 0.0246 484 14 495 70
car 0.0448 491 29 495 78
car 0.0400 484 16 494 74
car 0.0303 399 40 415 73
car 0.0232 413 0 488 73
car 0.0223 380 1 412 23
chair 0.0565 13 0 426 371
chair 0.0251 0 242 12 358
chair 0.0230 399 42 416 77
horse 0.0358 13 0 426 371
motorbike 0.0324 13 0 426 371
motorbike 0.0235 399 40 415 73
person 0.1595 399 40 415 73
person 0.0334 484 16 494 74
person 0.0290 491 33 495 80
person 0.0276 0 242 12 358
person 0.0259 490 2 496 47
person 0.0245 413 0 488 73
person 0.0240 380 1 412 23
pottedplant 0.0344 399 42 416 77
pottedplant 0.0248 13 0 426 371
pottedplant 0.0237 317 3 373 40
train 0.0283 13 0 426 371
tvmonitor 0.0236 478 7 494 65
tvmonitor 0.0230 484 16 494 74
