bicycle 0.0446 368 191 424 250
bird 0.0400 348 362 380 372
bottle 0.0817 244 49 273 81
bottle 0.0637 348 362 380 372
bottle 0.0600 185 71 208 100
bottle 0.0550 454 110 494 248
bottle 0.0545 416 21 446 74
bottle 0.0447 433 114 468 245
bottle 0.0443 210 73 238 105
car 0.0608 -1 42 13 95
car 0.0557 -2 22 20 96
chair 0.5089 105 111 242 259
chair 0.1908 260 99 297 172
chair 0.1536 206 294 343 370
chair 0.0925 247 99 295 207
chair 0.0871 109 101 229 193
chair 0.0845 285 216 366 248
chair 0.0779 132 69 183 96
chair 0.0612 107 283 341 375
chair 0.0588 48 350 252 373
chair 0.0586 276 298 375 371
chair 0.0514 185 71 208 100
chair 0.0471 368 197 423 250
diningtable 0.0768 -6 277 330 369
dog 0.0523 348 362 380 372
motorbike 0.0540 377 182 430 247
person 0.2462 374 86 409 179
person 0.2098 185 71 208 100
person 0.2059 240 45 270 79
person 0.1593 453 105 494 243
person 0.1388 416 21 446 74
person 0.1249 373 180 411 232
person 0.0958 348 362 380 372
person 0.0756 206 73 235 105
person 0.0688 430 108 471 239
person 0.0637 136 69 194 97
person 0.0554 424 46 477 219
person 0.0539 434 115 459 185
pottedplant 0.2901 210 74 238 108
pottedplant 0.1174 237 182 281 236
pottedplant 0.0867 92 217 208 330
pottedplant 0.0618 240 48 270 82
pottedplant 0.0601 105 211 194 283
pottedplant 0.0591 306 -2 384 69
pottedplant 0.0585 193 72 215 99
pottedplant 0.0581 459 107 496 246
pottedplant 0.0556 185 71 208 100
pottedplant 0.0501 372 195 427 252
pottedplant 0.0414 318 179 356 221
sofa 0.1367 280 218 394 253
sofa 0.1281 103 109 244 256
sofa 0.0711 111 99 227 190
sofa 0.0539 134 68 188 97
sofa 0.0432 253 73 437 169
tvmonitor 0.0937 132 69 183 96
tvmonitor 0.0711 173 42 197 60
