aeroplane 0.0492 482 157 495 237
bicycle 0.0837 59 15 334 286
bicycle 0.0787 478 158 495 236
bicycle 0.0641 187 105 316 230
bicycle 0.0500 167 34 296 266
bicycle 0.0500 261 94 415 207
bicycle 0.0483 238 115 319 203
bottle 0.1149 57 71 70 130
bottle 0.0952 70 66 88 123
bottle 0.0940 63 69 80 131
bottle 0.0697 83 75 108 208
bottle 0.0692 89 57 116 214
bottle 0.0625 97 69 116 132
bottle 0.0567 72 58 87 96
bottle 0.0552 63 58 81 107
bottle 0.0540 50 54 78 182
bottle 0.0537 56 59 72 107
bottle 0.0511 148 71 175 130
bottle 0.0499 71 52 103 184
bottle 0.0472 102 66 119 111
bottle 0.0468 94 65 112 112
bottle 0.0458 134 48 197 200
bottle 0.0453 52 45 92 209
bus 0.0506 0 57 12 126
car 0.1055 482 157 495 237
car 0.0532 488 99 498 243
chair 0.0456 482 163 496 242
motorbike 0.6651 263 97 419 209
motorbike 0.3364 53 23 324 289
motorbike 0.1246 477 150 496 233
motorbike 0.0818 474 98 498 243
motorbike 0.0560 196 148 322 258
person 0.3105 49 48 94 229
person 0.1247 70 61 89 116
person 0.1214 56 64 71 119
person 0.1210 82 65 109 212
person 0.0942 55 70 73 148
person 0.0939 57 59 71 95
person 0.0926 73 54 85 76
person 0.0915 60 65 83 154
person 0.0873 67 63 92 156
person 0.0807 73 56 102 174
person 0.0750 25 49 71 234
person 0.0687 98 70 116 125
person 0.0554 489 84 497 241
person 0.0521 489 159 496 240
person 0.0491 100 60 114 88
person 0.0464 0 57 12 126
tvmonitor 0.2853 0 55 18 128
tvmonitor 0.0882 9 53 41 142
