bird 0.0239 0 0 56 119
bottle 0.0368 1 0 56 142
bottle 0.0336 258 214 315 245
bottle 0.0294 0 14 51 357
bottle 0.0286 401 350 469 372
bottle 0.0218 383 340 456 370
cat 0.0358 0 0 56 119
cat 0.0238 -1 1 59 224
chair 0.0546 4 233 45 296
chair 0.0524 0 224 49 364
chair 0.0503 260 217 320 247
chair 0.0454 303 123 371 283
chair 0.0433 0 14 51 357
chair 0.0358 0 156 43 326
chair 0.0326 1 295 48 375
chair 0.0256 407 340 486 371
chair 0.0250 119 34 275 371
chair 0.0214 244 232 368 367
chair 0.0213 0 0 52 120
person 0.7780 123 29 278 371
person 0.0757 0 4 58 297
person 0.0220 3 86 47 332
person 0.0212 -9 0 176 372
pottedplant 0.0541 -1 0 52 130
pottedplant 0.0236 262 214 318 244
pottedplant 0.0211 -1 0 59 232
sofa 0.0447 0 224 49 364
sofa 0.0282 3 232 46 309
sofa 0.0249 123 38 278 374
tvmonitor 0.0930 300 124 366 253
tvmonitor 0.0301 0 14 51 357
tvmonitor 0.0270 258 214 315 245
tvmonitor 0.0220 360 326 424 367
