bicycle 0.0481 19 0 476 371
bird 0.0431 54 0 495 371
boat 0.0811 -62 0 308 371
bottle 0.0590 88 90 102 146
bottle 0.0497 66 131 92 240
bottle 0.0440 68 116 90 185
bus 0.0612 -62 0 308 371
bus 0.0542 -22 0 104 372
bus 0.0537 66 127 92 208
dog 0.0474 87 81 103 132
motorbike 0.0430 19 0 476 371
person 0.2565 66 135 92 217
person 0.1693 68 118 91 189
person 0.1632 87 81 103 132
person 0.0499 -22 0 104 372
person 0.0470 106 67 131 110
person 0.0416 -5 4 40 368
train 0.2471 -62 0 308 371
train 0.1626 7 3 238 292
train 0.0694 68 80 122 185
train 0.0689 -30 0 119 372
train 0.0607 73 95 102 171
train 0.0583 66 122 92 202
train 0.0583 61 144 90 267
train 0.0480 -8 1 58 370
