boat 0.0464 1 178 56 205
boat 0.0401 -1 164 43 195
boat 0.0399 6 162 67 198
boat 0.0368 18 168 86 203
boat 0.0337 124 124 308 294
boat 0.0313 157 152 276 242
bottle 0.0437 175 153 281 276
bottle 0.0409 129 132 327 308
bottle 0.0371 197 160 266 240
bus 0.5902 55 39 494 368
bus 0.1954 94 111 385 336
bus 0.0759 148 132 346 263
bus 0.0710 199 158 272 253
car 0.0584 134 124 360 288
car 0.0558 195 155 291 245
car 0.0546 74 96 420 340
person 0.4310 198 160 265 235
person 0.0549 53 51 488 373
person 0.0488 148 166 198 245
person 0.0332 472 181 491 242
person 0.0304 378 246 398 283
pottedplant 0.0308 201 160 270 240
train 0.0472 53 51 488 373
train 0.0454 96 120 368 327
train 0.0327 157 152 276 242
tvmonitor 0.0624 96 120 368 327
tvmonitor 0.0427 59 74 452 361
