aeroplane 0.0255 299 7 500 171
aeroplane 0.0238 0 0 496 185
boat 0.0293 0 1 496 205
bottle 0.0419 162 158 178 189
bottle 0.0358 423 153 439 177
bottle 0.0289 -1 43 13 93
bottle 0.0248 456 159 476 176
bus 0.0689 357 140 395 190
bus 0.0534 409 96 499 187
bus 0.0433 284 173 304 186
bus 0.0384 278 172 295 187
bus 0.0383 293 173 311 186
bus 0.0380 327 172 339 187
bus 0.0364 303 173 316 186
bus 0.0362 325 164 342 184
bus 0.0353 317 164 334 184
bus 0.0353 320 173 331 186
bus 0.0353 312 173 323 186
bus 0.0310 330 164 352 184
bus 0.0306 360 167 385 192
bus 0.0299 334 172 348 187
bus 0.0291 5 9 262 215
bus 0.0279 0 27 261 391
bus 0.0250 335 163 363 185
bus 0.0239 341 170 357 190
car 0.0624 0 0 496 185
car 0.0338 406 70 495 172
car 0.0293 330 172 344 187
car 0.0290 323 172 335 186
car 0.0272 316 173 327 186
car 0.0272 291 177 305 188
car 0.0267 308 173 320 186
car 0.0256 298 173 314 186
car 0.0247 363 168 389 191
car 0.0247 492 137 495 175
car 0.0243 361 0 486 13
chair 0.0330 318 2 497 134
chair 0.0268 406 9 495 133
person 0.0942 164 157 181 190
person 0.0524 423 156 438 179
person 0.0449 456 159 476 176
person 0.0306 323 172 335 186
person 0.0292 316 173 327 186
person 0.0273 440 0 492 13
person 0.0267 492 137 495 175
person 0.0258 492 150 494 180
person 0.0243 420 137 489 181
pottedplant 0.0298 307 7 501 170
train 0.3269 3 6 249 212
train 0.1368 409 96 499 187
train 0.0493 351 138 394 191
train 0.0359 279 168 302 185
train 0.0277 -4 1 273 370
tvmonitor 0.0434 0 45 18 97
