aeroplane 0.0549 306 66 330 101
aeroplane 0.0330 54 -2 327 60
aeroplane 0.0256 95 135 327 384
bird 0.0299 306 66 330 101
boat 0.0668 59 -3 328 62
boat 0.0400 96 137 327 397
boat 0.0348 306 62 329 97
boat 0.0282 208 60 251 75
boat 0.0254 0 340 331 498
bottle 0.0598 83 249 90 277
bus 0.0338 95 134 327 377
car 0.0581 91 131 327 372
car 0.0275 124 1 336 56
car 0.0240 308 0 328 19
chair 0.0337 147 0 349 51
cow 0.0645 95 137 327 389
diningtable 0.0256 0 322 330 500
diningtable 0.0242 84 -2 339 52
dog 0.0236 83 249 90 277
horse 0.0313 93 137 325 396
motorbike 0.0243 95 134 327 377
person 0.1362 83 249 90 277
person 0.0239 106 -4 332 47
pottedplant 0.0330 71 -5 321 48
pottedplant 0.0289 83 249 90 277
sofa 0.0370 147 0 349 51
train 0.5047 95 137 327 389
tvmonitor 0.0387 124 1 336 56
