aeroplane 0.0406 1 265 494 340
aeroplane 0.0270 0 86 495 241
boat 0.0330 0 81 495 235
boat 0.0238 1 228 494 335
boat 0.0210 437 136 495 186
bottle 0.0262 434 140 483 182
bus 0.0462 0 81 495 235
bus 0.0241 25 82 79 124
bus 0.0221 1 257 494 337
bus 0.0207 14 307 481 345
bus 0.0205 437 136 495 186
car 0.7487 0 86 495 241
car 0.0534 436 138 489 184
car 0.0292 1 257 494 337
car 0.0277 0 78 18 133
car 0.0264 0 76 5 125
car 0.0221 444 136 495 228
car 0.0220 0 71 4 109
car 0.0216 26 81 86 125
motorbike 0.0274 0 84 495 237
motorbike 0.0249 436 138 489 184
person 0.0326 0 80 11 121
person 0.0323 436 138 489 184
person 0.0247 0 79 4 148
person 0.0215 2 234 494 334
pottedplant 0.0261 0 77 11 113
train 0.0276 0 84 495 237
tvmonitor 0.0313 2 239 494 335
tvmonitor 0.0201 0 81 495 235
