aeroplane 0.0478 0 0 496 331
bicycle 0.0247 319 244 456 330
bicycle 0.0239 0 0 496 331
bicycle 0.0229 324 238 366 326
boat 0.0745 0 0 496 331
bottle 0.0337 323 234 360 319
bottle 0.0311 0 0 496 331
bottle 0.0256 317 136 372 277
bus 0.1129 0 0 496 331
car 0.0495 0 0 496 331
car 0.0279 138 259 154 268
chair 0.0338 0 0 496 331
chair 0.0228 24 31 283 173
cow 0.0257 141 276 150 287
cow 0.0255 3 1 492 188
diningtable 0.0263 0 0 496 331
dog 0.0218 325 228 365 320
horse 0.0219 317 136 372 277
horse 0.0217 3 3 492 196
motorbike 0.0251 0 0 496 331
person 0.7503 323 130 445 329
person 0.2990 314 131 368 328
person 0.0673 0 0 496 331
person 0.0386 328 214 362 307
person 0.0311 141 273 151 285
person 0.0271 321 245 368 329
person 0.0247 320 134 370 231
pottedplant 0.0261 444 256 458 266
pottedplant 0.0237 24 31 283 173
sheep 0.0225 141 273 151 285
sofa 0.0352 0 0 496 331
train 0.1501 0 0 496 331
tvmonitor 0.0549 0 0 496 331
