bicycle 0.0296 90 308 186 436
bicycle 0.0272 205 280 284 411
bird 0.0435 218 260 293 313
bird 0.0334 328 406 371 440
bird 0.0227 216 255 272 294
boat 0.0573 332 414 372 448
boat 0.0244 1 19 370 476
cat 0.0245 218 260 293 313
chair 0.7556 90 310 181 441
chair 0.7071 205 284 284 414
chair 0.0634 244 289 284 394
chair 0.0350 143 285 222 342
chair 0.0260 124 297 253 369
chair 0.0253 182 288 230 339
chair 0.0208 172 270 264 373
chair 0.0206 254 288 287 332
diningtable 0.0913 205 284 284 414
diningtable 0.0598 83 288 311 418
diningtable 0.0526 90 305 182 433
diningtable 0.0465 120 291 274 383
diningtable 0.0282 43 315 328 461
diningtable 0.0258 140 289 231 346
person 0.0263 219 267 292 329
person 0.0250 214 267 285 384
pottedplant 0.0442 139 284 214 343
pottedplant 0.0352 220 264 292 325
pottedplant 0.0317 266 289 287 323
pottedplant 0.0294 0 14 67 481
sheep 0.0233 332 410 373 444
sofa 0.0568 90 305 182 433
sofa 0.0554 205 280 284 411
sofa 0.0274 97 306 174 369
