aeroplane 0.0685 0 163 27 260
bicycle 0.0334 465 95 498 235
boat 0.0911 0 162 26 255
bottle 0.1334 465 91 498 232
bottle 0.0533 475 4 496 232
bus 0.0630 0 162 26 255
bus 0.0334 460 89 497 229
car 0.7183 37 95 450 252
car 0.3364 0 162 26 255
car 0.1013 465 95 498 235
car 0.0422 -2 153 29 335
chair 0.0378 0 163 27 260
motorbike 0.0938 465 95 498 235
motorbike 0.0559 0 163 27 260
motorbike 0.0358 0 152 20 230
person 0.1056 465 95 498 235
person 0.0640 475 4 496 232
person 0.0541 450 -1 497 226
person 0.0499 0 126 19 233
person 0.0484 476 116 495 302
person 0.0465 -1 163 22 260
person 0.0419 482 83 497 381
person 0.0416 0 146 34 365
person 0.0386 492 123 495 312
person 0.0342 1 85 10 221
person 0.0330 490 113 497 240
pottedplant 0.0740 435 -5 497 201
pottedplant 0.0622 466 -5 498 224
pottedplant 0.0470 336 0 463 102
pottedplant 0.0422 0 162 26 255
pottedplant 0.0421 408 -1 493 132
pottedplant 0.0344 259 1 438 112
sheep 0.0506 0 162 26 255
sheep 0.0387 465 91 498 232
train 0.0439 0 161 26 251
train 0.0380 465 90 498 229
