bottle 0.0754 49 9 64 65
bottle 0.0615 90 77 111 106
chair 0.5909 160 149 217 236
chair 0.5144 44 154 104 255
chair 0.4949 107 144 153 249
chair 0.3811 239 146 289 224
chair 0.2554 0 149 44 244
chair 0.2126 -1 249 291 495
chair 0.1800 71 128 94 155
chair 0.1586 93 251 155 361
chair 0.1479 0 198 26 360
chair 0.1062 127 150 202 236
chair 0.1059 60 139 129 231
chair 0.1004 270 201 300 301
chair 0.0963 234 151 260 211
chair 0.0922 119 133 140 158
chair 0.0864 57 268 179 390
chair 0.0846 0 144 20 179
chair 0.0764 0 141 38 182
chair 0.0763 -1 206 39 461
chair 0.0650 86 134 144 220
chair 0.0629 86 133 115 167
chair 0.0624 4 359 244 495
chair 0.0597 340 430 371 494
chair 0.0591 97 133 116 159
chair 0.0579 133 135 149 156
chair 0.0565 105 135 119 157
chair 0.0507 345 200 371 498
diningtable 0.3397 33 148 173 252
diningtable 0.2303 108 148 156 252
diningtable 0.1906 128 149 196 236
diningtable 0.1184 23 154 103 255
diningtable 0.0643 -2 240 257 489
diningtable 0.0586 -1 357 373 497
person 0.3231 90 77 111 106
person 0.0526 107 141 153 245
person 0.0517 -1 253 373 500
pottedplant 0.1246 298 0 348 27
pottedplant 0.0705 333 0 361 18
pottedplant 0.0668 313 70 328 97
pottedplant 0.0609 348 2 369 24
pottedplant 0.0597 0 140 14 175
sofa 0.1537 239 146 289 224
sofa 0.1264 -1 349 373 497
sofa 0.0822 108 145 156 248
sofa 0.0726 -2 244 280 493
sofa 0.0567 0 197 26 344
tvmonitor 0.2819 286 154 325 224
