aeroplane 0.0483 2 193 24 215
aeroplane 0.0449 8 187 49 209
aeroplane 0.0447 25 194 63 214
aeroplane 0.0318 -1 166 19 205
boat 0.0333 25 194 63 214
boat 0.0326 2 193 24 215
boat 0.0312 9 191 48 211
boat 0.0297 0 175 25 209
bottle 0.0374 459 130 488 163
bus 0.8874 70 142 416 302
bus 0.0689 437 165 495 220
bus 0.0524 378 220 398 249
bus 0.0468 377 206 399 238
bus 0.0465 20 191 60 211
bus 0.0445 369 209 392 235
bus 0.0425 472 176 491 220
bus 0.0392 486 178 493 218
bus 0.0384 387 221 404 248
bus 0.0365 368 220 392 248
bus 0.0357 83 194 100 214
bus 0.0356 376 195 400 225
bus 0.0344 97 189 116 208
bus 0.0339 82 190 100 207
bus 0.0323 2 189 31 213
bus 0.0310 360 216 385 241
bus 0.0298 90 189 108 207
bus 0.0293 40 195 72 214
bus 0.0293 386 206 405 239
bus 0.0288 66 194 84 215
bus 0.0277 75 194 92 214
bus 0.0272 491 180 495 258
car 0.2227 21 194 59 214
car 0.1300 3 193 30 214
car 0.0984 54 196 74 218
car 0.0384 491 214 495 261
car 0.0369 493 176 493 244
car 0.0354 491 231 495 268
car 0.0351 493 177 493 231
car 0.0297 93 193 113 215
car 0.0288 416 183 446 207
car 0.0270 101 193 120 214
motorbike 0.0285 17 194 56 214
motorbike 0.0274 3 193 30 214
person 0.1245 105 194 124 214
person 0.0950 282 199 299 227
person 0.0827 275 195 290 220
person 0.0597 69 200 81 226
person 0.0524 78 136 415 297
person 0.0469 493 179 494 223
person 0.0434 209 200 231 215
person 0.0399 153 169 319 240
person 0.0381 348 212 365 226
person 0.0361 338 212 352 226
person 0.0357 43 200 68 220
person 0.0356 196 192 260 217
person 0.0325 5 198 28 216
person 0.0312 1 197 17 217
person 0.0310 22 197 58 217
person 0.0301 177 186 192 204
person 0.0294 334 206 349 220
person 0.0280 315 205 336 221
person 0.0277 162 187 177 203
pottedplant 0.0307 66 200 78 226
pottedplant 0.0291 2 197 23 217
pottedplant 0.0276 -1 183 20 213
train 0.0427 444 168 495 222
