bird 0.0744 383 29 401 49
boat 0.0651 288 50 355 76
boat 0.0519 400 47 501 371
boat 0.0402 0 48 43 171
boat 0.0381 279 3 357 5
bottle 0.0371 395 14 499 357
bus 0.0457 0 49 42 181
bus 0.0394 288 50 355 76
car 0.3384 288 51 355 79
car 0.0590 279 3 357 5
car 0.0529 0 48 43 171
car 0.0439 -2 54 37 82
cow 0.2732 167 53 405 369
cow 0.0508 400 14 501 357
cow 0.0504 383 29 401 49
cow 0.0473 281 53 417 365
cow 0.0445 319 5 488 366
cow 0.0422 16 0 385 372
cow 0.0399 0 48 41 176
horse 0.6566 165 1 393 352
sheep 0.1835 383 29 401 49
sheep 0.0551 288 50 355 76
sheep 0.0430 395 14 499 357
train 0.1164 0 49 42 181
train 0.0982 395 14 499 357
