bird 0.0342 87 32 329 287
boat 0.0448 308 -1 499 373
bottle 0.0733 358 -1 496 373
bottle 0.0282 310 1 497 182
cat 0.7498 92 38 332 297
cat 0.0296 264 0 347 32
chair 0.0690 252 10 359 115
chair 0.0582 96 34 334 290
chair 0.0581 280 5 403 120
chair 0.0383 263 0 490 372
chair 0.0361 259 0 352 37
chair 0.0334 320 20 386 151
chair 0.0309 248 1 317 30
chair 0.0286 245 0 367 55
diningtable 0.0293 291 0 493 372
dog 0.1086 87 32 329 287
person 0.0451 265 -1 363 33
person 0.0415 413 328 457 371
person 0.0402 253 68 280 121
person 0.0358 248 1 317 30
person 0.0278 217 1 270 82
pottedplant 0.0430 265 -1 363 33
pottedplant 0.0396 358 -1 496 373
pottedplant 0.0324 252 0 313 26
pottedplant 0.0313 211 0 261 83
pottedplant 0.0289 219 1 268 42
sofa 0.0350 85 38 332 297
sofa 0.0314 254 6 374 113
tvmonitor 0.0416 371 -1 499 373
tvmonitor 0.0373 307 19 383 147
tvmonitor 0.0288 289 42 362 136
