bottle 0.0350 492 138 494 320
bottle 0.0349 478 131 494 322
bus 0.8485 0 0 496 322
bus 0.0430 161 12 646 326
car 0.1925 306 289 438 331
car 0.0586 336 70 597 305
car 0.0535 491 133 495 168
car 0.0471 0 0 496 333
car 0.0459 478 138 494 246
car 0.0456 397 88 535 328
car 0.0372 490 130 496 202
horse 0.0409 478 137 494 253
motorbike 0.0351 336 70 597 305
person 0.6689 397 104 488 338
person 0.3705 84 110 153 175
person 0.2148 478 138 494 246
person 0.1127 484 130 496 207
person 0.0676 145 99 162 129
person 0.0665 425 108 460 141
person 0.0594 387 102 545 293
person 0.0586 -10 0 421 332
person 0.0509 336 70 597 305
person 0.0392 4 20 29 76
train 0.0563 33 0 525 333
train 0.0456 336 70 597 305
tvmonitor 0.0568 0 0 496 333
