aeroplane 0.0480 265 187 286 219
aeroplane 0.0432 0 0 496 372
bicycle 0.0336 265 187 286 219
bird 0.3747 268 187 288 219
bird 0.0993 431 77 493 160
bird 0.0652 0 0 496 372
boat 0.0889 0 0 496 372
boat 0.0576 265 187 286 219
bottle 0.0355 0 0 496 372
bottle 0.0236 265 187 286 219
car 0.0374 0 0 496 372
cat 0.0706 0 0 496 372
cat 0.0503 268 187 288 219
chair 0.0366 0 0 496 372
cow 0.0780 268 187 288 219
cow 0.0588 0 0 496 372
diningtable 0.0351 0 0 496 372
dog 0.1115 268 187 288 219
dog 0.0487 0 0 496 372
horse 0.0936 268 187 288 219
horse 0.0298 0 0 496 372
person 0.1765 268 187 288 219
person 0.0269 0 0 496 372
pottedplant 0.0343 265 187 286 219
pottedplant 0.0340 0 0 496 372
sheep 0.1002 1 0 377 371
sheep 0.0731 268 187 288 219
sheep 0.0240 295 0 504 372
sofa 0.0324 0 0 496 372
train 0.0475 0 0 496 372
tvmonitor 0.0504 0 0 496 372
