bicycle 0.0526 317 139 334 155
bottle 0.1535 317 139 334 155
bottle 0.0734 126 163 165 196
bottle 0.0568 128 172 171 239
car 0.0546 1 137 10 187
car 0.0529 -2 118 61 200
cat 0.0647 124 163 161 196
chair 0.2768 8 249 182 373
chair 0.2557 181 143 221 187
chair 0.2182 213 288 297 370
chair 0.1411 -4 195 39 352
chair 0.1257 1 196 25 263
chair 0.1086 126 163 165 196
chair 0.1075 321 136 337 153
chair 0.0857 -1 184 98 357
chair 0.0833 424 154 493 281
chair 0.0816 379 242 444 369
chair 0.0664 -2 99 68 178
chair 0.0648 304 263 440 371
chair 0.0602 400 329 447 369
chair 0.0542 279 309 317 366
chair 0.0537 443 310 497 372
chair 0.0527 10 113 173 380
chair 0.0513 161 214 435 374
chair 0.0497 377 149 453 368
chair 0.0491 125 165 174 235
diningtable 0.2474 126 215 431 372
diningtable 0.0761 -18 188 397 365
diningtable 0.0515 184 143 224 192
diningtable 0.0476 317 139 334 155
person 0.7602 207 82 327 224
person 0.7146 317 78 436 252
person 0.5727 13 92 176 355
person 0.2800 118 256 182 367
person 0.2378 126 163 165 196
person 0.0780 317 139 334 155
person 0.0741 120 163 164 237
person 0.0535 453 139 503 378
pottedplant 0.0794 317 139 334 155
sofa 0.0881 12 249 194 374
sofa 0.0625 181 143 221 187
tvmonitor 0.0798 184 143 224 187
tvmonitor 0.0707 126 163 165 196
tvmonitor 0.0544 321 136 337 153
