bicycle 0.0593 374 227 496 330
bird 0.0337 395 70 436 129
bird 0.0331 438 71 486 129
boat 0.0528 -1 7 497 213
bottle 0.0675 368 149 493 258
bottle 0.0628 365 152 403 213
bottle 0.0503 383 174 416 233
bottle 0.0499 -1 9 20 75
bottle 0.0404 269 61 320 106
bottle 0.0354 437 72 487 132
bus 0.0537 0 -59 495 228
bus 0.0441 -7 -27 307 191
bus 0.0370 72 30 306 175
cat 0.0352 395 70 436 129
dog 0.0470 438 71 486 129
dog 0.0360 269 61 320 106
horse 0.0520 371 222 499 330
motorbike 0.2526 379 213 499 330
motorbike 0.0488 437 205 495 327
motorbike 0.0417 390 265 495 329
person 0.6671 363 153 498 327
person 0.4781 270 60 318 103
person 0.4496 86 42 128 89
person 0.3968 126 39 181 87
person 0.3747 8 45 72 174
person 0.3626 170 41 214 90
person 0.2593 438 71 486 129
person 0.2429 27 48 69 98
person 0.0969 -1 9 20 75
person 0.0914 395 70 436 129
person 0.0417 466 202 497 325
person 0.0367 484 208 495 329
person 0.0366 436 71 489 191
person 0.0342 492 202 495 320
person 0.0329 427 186 497 325
train 0.0598 0 -71 496 225
