aeroplane 0.0642 26 1 187 64
bicycle 0.1115 26 1 187 64
bird 0.1805 27 0 186 61
bird 0.0625 0 -2 19 63
boat 0.0644 27 0 186 61
bottle 0.0580 27 0 186 61
car 0.0802 29 0 185 55
car 0.0407 0 -2 19 63
cat 0.0859 11 1 164 370
cat 0.0471 4 0 342 371
cat 0.0394 27 0 186 61
chair 0.0482 8 0 362 371
chair 0.0385 27 0 186 61
cow 0.1221 29 0 185 55
cow 0.0860 0 -2 19 63
dog 0.5866 59 58 404 347
dog 0.1400 29 0 185 55
dog 0.0717 0 -2 19 63
horse 0.2040 27 0 186 61
horse 0.1233 0 -2 19 63
motorbike 0.1459 31 0 190 60
person 0.2562 29 0 185 55
person 0.2355 318 0 497 372
person 0.1587 0 -2 19 63
person 0.0605 21 0 403 371
person 0.0432 5 1 44 59
pottedplant 0.0443 26 1 187 64
sheep 0.0808 27 0 186 61
sheep 0.0654 0 -2 19 63
sofa 0.0721 22 0 410 372
sofa 0.0380 29 0 185 55
train 0.0433 27 0 186 61
