aeroplane 0.0317 81 74 414 291
bird 0.0693 200 230 217 250
bird 0.0470 159 69 243 255
bird 0.0325 174 77 226 173
boat 0.0343 89 67 406 283
boat 0.0328 166 91 266 196
boat 0.0303 180 86 229 191
boat 0.0286 195 107 237 170
boat 0.0271 101 61 269 216
boat 0.0238 154 69 232 229
bottle 0.0339 172 78 222 173
bottle 0.0303 159 69 243 255
bottle 0.0272 200 230 217 250
bottle 0.0271 193 93 231 168
car 0.0250 171 78 223 162
car 0.0245 162 66 246 248
cat 0.0385 308 165 405 253
chair 0.0285 171 78 223 162
chair 0.0270 150 69 243 276
cow 0.0318 308 165 405 253
dog 0.8053 308 165 405 253
dog 0.0317 200 230 217 250
dog 0.0288 171 79 222 151
dog 0.0275 159 69 243 255
horse 0.0263 308 165 405 253
horse 0.0256 171 78 223 162
person 0.5410 159 69 243 255
person 0.3503 171 79 222 151
person 0.0742 180 86 229 191
person 0.0520 200 230 217 250
person 0.0374 108 63 379 272
person 0.0364 312 165 408 253
pottedplant 0.0560 303 114 324 142
pottedplant 0.0394 351 91 378 150
pottedplant 0.0393 200 230 217 250
pottedplant 0.0350 -1 29 20 123
pottedplant 0.0288 161 67 248 252
pottedplant 0.0281 1 67 17 122
sheep 0.0291 200 230 217 250
sofa 0.0277 312 165 408 253
