bottle 0.0909 0 126 17 238
bottle 0.0664 0 282 18 375
cat 0.0661 19 111 93 195
chair 0.7447 306 125 470 363
chair 0.5471 132 154 332 370
chair 0.4372 102 121 197 326
chair 0.1918 253 104 335 166
chair 0.1216 260 112 352 282
chair 0.0933 137 144 272 286
chair 0.0754 0 282 18 375
chair 0.0731 218 118 324 282
chair 0.0638 152 129 359 289
chair 0.0609 214 140 382 359
chair 0.0445 1 250 10 350
chair 0.0435 79 118 150 206
diningtable 0.5641 141 158 361 371
diningtable 0.0683 303 129 466 366
diningtable 0.0660 132 146 308 307
person 0.1066 257 107 332 275
person 0.0776 1 122 16 231
person 0.0629 81 115 148 274
person 0.0500 0 282 18 375
person 0.0488 94 113 182 310
person 0.0465 269 117 359 330
person 0.0453 19 111 93 195
sofa 0.0860 307 136 469 363
sofa 0.0570 102 121 197 326
sofa 0.0526 19 111 93 195
tvmonitor 0.7595 19 111 93 195
tvmonitor 0.1270 0 112 18 189
tvmonitor 0.0610 27 115 155 192
