bottle 0.0389 1 0 111 372
cat 0.0342 274 60 478 282
chair 0.0527 1 0 103 372
chair 0.0506 8 258 104 371
chair 0.0382 360 276 463 370
chair 0.0315 26 4 469 273
diningtable 0.0322 47 351 448 378
diningtable 0.0298 1 326 494 379
dog 0.4129 114 36 420 282
dog 0.3143 275 65 477 283
dog 0.0445 10 19 485 352
person 0.2772 1 0 127 278
person 0.0547 0 0 42 371
person 0.0409 275 50 478 286
person 0.0353 -3 0 233 372
person 0.0308 482 19 497 352
person 0.0308 121 10 490 291
person 0.0299 97 27 273 274
sofa 0.1275 0 264 496 370
sofa 0.0696 10 19 485 352
sofa 0.0525 -1 316 497 377
sofa 0.0357 274 60 478 282
