aeroplane 0.1575 115 219 137 240
aeroplane 0.0980 137 231 171 246
aeroplane 0.0866 259 214 282 227
aeroplane 0.0496 221 217 250 230
aeroplane 0.0397 167 234 195 242
aeroplane 0.0298 190 228 203 237
aeroplane 0.0297 217 230 231 240
aeroplane 0.0295 205 228 220 237
aeroplane 0.0224 12 218 38 234
bicycle 0.0276 137 234 171 248
bicycle 0.0270 115 219 137 240
bird 0.0858 115 219 137 240
bird 0.0357 333 227 349 237
bird 0.0315 12 218 38 234
bird 0.0275 264 218 285 228
bird 0.0274 309 236 318 258
bird 0.0229 137 234 171 248
boat 0.1454 115 219 137 240
boat 0.1281 137 234 171 248
boat 0.0824 259 214 282 227
boat 0.0630 12 218 38 234
boat 0.0543 221 217 250 230
boat 0.0443 140 189 191 235
boat 0.0431 333 225 350 234
boat 0.0407 327 184 348 227
boat 0.0403 276 215 297 226
boat 0.0376 319 185 340 227
boat 0.0357 72 209 102 226
boat 0.0333 217 230 231 240
boat 0.0333 194 228 207 237
boat 0.0322 209 227 223 238
boat 0.0320 364 167 389 221
boat 0.0318 51 208 77 227
boat 0.0307 284 216 304 226
boat 0.0284 56 208 95 227
boat 0.0237 329 208 346 228
bus 0.0475 139 232 175 245
bus 0.0453 209 227 223 238
bus 0.0394 218 220 245 233
bus 0.0393 215 227 233 238
bus 0.0392 201 228 215 237
bus 0.0381 194 228 207 237
car 0.2181 139 234 175 247
car 0.1100 190 231 203 240
car 0.0988 198 231 211 240
car 0.0929 115 219 137 240
car 0.0627 260 218 282 228
car 0.0386 12 218 38 234
car 0.0359 333 225 350 234
chair 0.0619 137 234 171 248
chair 0.0475 115 219 137 240
chair 0.0221 190 234 203 242
cow 0.0456 333 225 350 234
cow 0.0370 308 238 319 261
cow 0.0334 115 219 137 240
cow 0.0314 139 234 175 247
cow 0.0307 12 218 38 234
diningtable 0.0236 137 234 171 248
horse 0.0463 115 219 137 240
horse 0.0353 139 234 175 247
motorbike 0.0363 139 234 175 247
person 0.0454 115 219 137 240
person 0.0343 139 234 175 247
person 0.0328 190 231 203 240
person 0.0306 198 228 211 237
person 0.0306 206 234 218 242
person 0.0295 124 226 144 244
person 0.0295 214 233 226 243
person 0.0285 179 234 198 241
pottedplant 0.0504 115 219 137 240
pottedplant 0.0371 137 234 171 248
pottedplant 0.0242 194 231 207 239
pottedplant 0.0223 185 231 200 239
pottedplant 0.0219 174 234 195 242
sheep 0.2215 333 225 350 234
sheep 0.1333 12 218 38 234
sheep 0.0768 309 236 318 258
sheep 0.0616 115 219 137 240
sheep 0.0590 139 234 175 247
sheep 0.0436 264 218 285 228
sheep 0.0398 285 219 303 228
sheep 0.0360 276 218 296 228
sheep 0.0340 313 230 323 240
sheep 0.0335 304 230 315 240
sheep 0.0324 72 209 102 226
sheep 0.0323 288 225 301 233
sheep 0.0308 51 208 77 227
sheep 0.0302 303 225 317 233
sheep 0.0291 296 225 308 233
sheep 0.0250 293 235 303 247
sheep 0.0247 301 219 319 228
sofa 0.0324 137 234 171 248
sofa 0.0307 115 219 137 240
train 0.0391 139 232 175 245
train 0.0260 213 220 243 233
train 0.0225 198 228 211 237
tvmonitor 0.0218 137 234 171 248
