bird 0.0418 310 242 403 363
bus 0.0490 482 122 497 144
car 0.1168 475 125 496 146
car 0.0716 173 59 385 289
car 0.0667 440 127 492 150
car 0.0561 414 126 432 145
car 0.0537 433 124 461 147
cat 0.0906 310 242 403 363
cat 0.0664 172 243 267 345
cat 0.0658 0 269 90 370
cat 0.0542 86 250 181 349
cat 0.0500 249 277 293 345
chair 0.0430 337 150 431 344
chair 0.0412 175 61 304 327
cow 0.0977 241 179 307 338
cow 0.0863 -1 267 91 368
cow 0.0543 172 243 267 345
cow 0.0502 310 242 403 363
cow 0.0463 83 251 179 349
dog 0.7524 86 250 181 349
dog 0.6922 172 243 267 345
dog 0.5496 310 242 403 363
dog 0.4994 -1 267 91 368
dog 0.1326 247 269 294 342
dog 0.0836 233 185 301 343
dog 0.0454 299 186 423 343
horse 0.0920 238 186 303 343
horse 0.0684 -1 267 91 368
horse 0.0497 310 242 403 363
horse 0.0477 194 113 364 328
horse 0.0438 83 251 179 349
horse 0.0421 172 243 267 345
motorbike 0.0419 194 113 364 328
person 0.7173 331 69 437 337
person 0.5926 53 53 199 300
person 0.4264 310 105 342 137
person 0.4224 180 56 307 303
person 0.3133 283 91 313 133
person 0.0934 231 50 279 133
person 0.0757 172 243 267 345
person 0.0582 86 250 181 349
person 0.0530 241 179 307 338
person 0.0458 252 277 297 346
person 0.0415 290 92 353 191
person 0.0395 306 243 401 362
pottedplant 0.0431 414 123 432 142
sheep 0.0927 -1 267 91 368
sheep 0.0700 310 242 403 363
sheep 0.0694 242 182 307 341
sheep 0.0483 252 277 297 346
sofa 0.0801 117 85 503 333
sofa 0.0465 207 86 373 314
sofa 0.0462 21 66 333 329
sofa 0.0461 86 250 181 349
