aeroplane 0.0940 0 0 496 371
aeroplane 0.0666 276 133 499 361
bicycle 0.0580 390 299 479 371
bird 0.1147 3 152 22 171
boat 0.2350 269 124 499 346
boat 0.1337 0 0 496 371
boat 0.1173 4 151 100 255
boat 0.0869 4 324 115 369
boat 0.0868 0 145 112 354
bottle 0.0814 2 269 9 348
bottle 0.0552 392 295 485 369
car 0.0948 0 0 496 371
car 0.0839 1 362 32 372
car 0.0769 0 328 96 370
chair 0.3487 185 316 255 371
chair 0.3439 68 329 122 370
chair 0.3246 175 312 226 369
chair 0.3213 359 300 409 363
chair 0.2962 343 331 377 368
chair 0.2931 303 311 340 352
chair 0.2518 286 305 317 335
chair 0.2126 278 328 350 371
chair 0.1759 388 305 474 370
chair 0.1549 378 341 421 369
chair 0.1137 103 316 196 370
chair 0.1053 454 289 493 373
chair 0.1013 194 319 340 368
chair 0.0952 434 309 490 371
chair 0.0917 216 313 263 327
chair 0.0846 187 312 214 328
chair 0.0844 182 309 203 325
chair 0.0631 397 299 426 312
chair 0.0608 394 302 429 320
diningtable 0.1698 377 297 469 367
diningtable 0.1591 201 327 340 371
diningtable 0.0887 14 328 121 371
diningtable 0.0865 249 339 339 371
diningtable 0.0817 303 311 340 352
diningtable 0.0751 344 336 377 369
diningtable 0.0744 114 309 224 372
diningtable 0.0739 283 320 345 367
diningtable 0.0641 175 312 226 369
diningtable 0.0631 59 333 116 371
diningtable 0.0608 97 317 187 369
diningtable 0.0605 382 341 425 369
diningtable 0.0586 353 301 400 363
person 0.3748 455 283 493 369
person 0.1530 3 152 22 171
pottedplant 0.0558 0 0 496 371
sofa 0.0696 9 328 118 370
sofa 0.0635 304 309 339 348
sofa 0.0597 283 306 313 334
tvmonitor 0.1842 283 304 313 331
tvmonitor 0.0988 0 325 97 368
tvmonitor 0.0586 344 336 377 369
