bird 0.0488 282 0 400 78
bird 0.0390 384 0 463 66
bottle 0.0487 452 1 496 42
bottle 0.0364 383 0 464 56
cat 0.6773 118 0 368 371
cat 0.5998 0 4 144 203
cat 0.1427 282 0 400 78
cat 0.0590 -2 0 162 371
cat 0.0588 458 0 497 38
chair 0.1007 118 0 376 371
chair 0.0429 -2 0 162 371
chair 0.0399 0 4 150 203
dog 0.1001 0 4 144 203
dog 0.0722 290 0 408 79
dog 0.0682 -2 0 162 371
dog 0.0526 108 0 348 371
dog 0.0517 458 0 497 38
dog 0.0479 386 0 468 61
person 0.1203 118 0 376 371
person 0.1013 386 0 468 66
person 0.0525 -1 0 169 371
person 0.0522 452 1 496 42
sheep 0.0537 282 0 400 78
sheep 0.0364 458 0 497 38
sofa 0.0672 118 0 376 371
tvmonitor 0.0564 118 0 376 371
