bird 0.0298 316 0 350 8
bottle 0.0418 316 0 350 8
car 0.0309 316 0 350 8
car 0.0249 329 2 494 158
cat 0.8108 0 0 495 371
cat 0.0251 312 1 347 7
chair 0.0803 0 0 495 371
chair 0.0308 -3 1 131 370
chair 0.0238 312 1 347 7
chair 0.0226 -3 0 100 208
diningtable 0.0316 0 0 495 371
diningtable 0.0273 0 195 496 375
dog 0.0653 0 0 495 371
dog 0.0251 316 0 350 8
person 0.0740 316 0 350 8
person 0.0489 0 0 495 371
person 0.0321 479 1 499 370
person 0.0303 269 2 351 6
person 0.0300 453 0 495 372
person 0.0288 298 0 431 13
person 0.0273 -3 2 116 370
person 0.0225 402 0 499 371
pottedplant 0.0403 316 0 350 8
sofa 0.0582 0 0 495 371
tvmonitor 0.0651 0 0 495 371
