aeroplane 0.0416 254 11 366 155
bicycle 0.7312 118 7 368 364
bicycle 0.0368 176 39 483 379
bicycle 0.0234 120 7 375 177
bicycle 0.0233 128 1 265 199
bird 0.0269 370 156 391 185
bottle 0.0467 118 7 368 364
bottle 0.0228 150 64 274 254
chair 0.0250 118 7 368 364
cow 0.0234 -1 78 114 164
motorbike 0.0422 116 5 363 272
motorbike 0.0404 119 2 259 175
motorbike 0.0232 142 62 275 262
person 0.1501 144 -3 264 158
person 0.0485 167 2 226 70
person 0.0413 154 0 247 96
person 0.0238 120 3 328 228
pottedplant 0.0438 370 156 391 185
pottedplant 0.0318 347 2 523 369
sheep 0.0272 -1 78 114 164
train 0.0237 118 7 368 364
