aeroplane 0.0408 111 43 384 239
bird 0.0970 240 70 271 129
boat 0.0418 84 31 411 257
bottle 0.0430 -2 1 68 329
bus 0.0415 84 31 411 257
cat 0.1008 243 70 275 129
chair 0.1365 437 184 464 234
chair 0.0642 0 190 20 332
chair 0.0539 191 144 218 211
chair 0.0462 81 63 484 323
chair 0.0428 -1 275 20 330
chair 0.0400 88 169 119 248
dog 0.0488 243 70 275 129
dog 0.0393 223 190 248 243
person 0.3642 89 163 124 239
person 0.0856 196 134 213 179
person 0.0724 85 183 129 282
person 0.0711 53 203 82 241
person 0.0710 240 72 270 137
person 0.0704 -1 190 20 326
person 0.0601 61 195 82 228
person 0.0590 230 72 280 195
person 0.0559 225 191 246 247
person 0.0464 2 141 9 303
person 0.0444 170 54 340 234
person 0.0390 99 42 396 257
pottedplant 0.1694 -2 1 68 329
pottedplant 0.0892 196 134 213 179
pottedplant 0.0868 2 1 165 292
pottedplant 0.0855 0 190 20 332
pottedplant 0.0765 478 174 493 197
pottedplant 0.0697 477 178 494 219
pottedplant 0.0569 439 179 469 223
pottedplant 0.0498 440 163 469 203
pottedplant 0.0431 437 137 471 208
pottedplant 0.0424 61 195 82 228
pottedplant 0.0424 456 172 484 194
pottedplant 0.0394 53 192 75 231
pottedplant 0.0390 243 70 275 129
sheep 0.0401 243 70 275 129
sofa 0.0437 438 181 464 226
train 0.0422 84 31 411 257
tvmonitor 0.0576 -1 190 20 326
