bicycle 0.0426 172 168 330 467
bicycle 0.0282 2 173 166 463
boat 0.0252 239 70 331 221
bottle 0.0306 38 34 292 274
bottle 0.0266 92 137 239 273
bottle 0.0266 249 52 331 177
bottle 0.0254 2 97 78 195
bottle 0.0248 138 158 202 252
bus 0.0307 236 46 334 199
car 0.0681 2 182 166 477
car 0.0465 -1 268 24 367
car 0.0400 240 52 335 193
car 0.0348 4 245 49 296
car 0.0347 0 261 23 312
car 0.0317 31 8 341 488
car 0.0297 179 175 333 468
car 0.0285 237 85 333 410
car 0.0263 56 202 154 277
car 0.0252 257 175 288 211
cow 0.0284 0 273 23 378
horse 0.0290 -1 268 24 367
motorbike 0.7052 2 173 166 470
motorbike 0.4954 173 171 330 472
motorbike 0.0511 31 8 341 488
motorbike 0.0297 -1 268 24 367
motorbike 0.0286 54 149 277 385
motorbike 0.0286 0 261 23 312
motorbike 0.0277 3 249 45 301
motorbike 0.0252 104 193 237 341
person 0.0384 0 267 23 361
person 0.0293 6 177 172 474
person 0.0258 1 263 16 310
tvmonitor 0.0400 257 175 288 211
tvmonitor 0.0316 239 70 331 221
