bicycle 0.0332 380 452 490 496
bicycle 0.0271 212 362 283 406
boat 0.0296 0 345 496 494
bottle 0.0902 110 323 135 367
bottle 0.0623 212 362 283 406
bottle 0.0299 170 366 192 395
bottle 0.0294 167 366 211 395
bottle 0.0282 163 366 183 395
bottle 0.0273 0 257 11 441
bottle 0.0264 422 459 494 496
car 0.0301 375 375 494 495
cat 0.0268 145 131 202 169
cat 0.0263 4 400 241 493
chair 0.3050 374 369 496 493
chair 0.2673 1 275 110 422
chair 0.0988 415 453 494 495
chair 0.0879 7 368 238 494
chair 0.0730 143 131 204 175
chair 0.0584 0 263 11 443
chair 0.0499 0 313 19 479
chair 0.0449 0 303 50 489
chair 0.0385 262 377 506 500
chair 0.0335 144 123 209 246
chair 0.0333 -2 354 498 500
chair 0.0332 182 369 313 413
chair 0.0285 212 362 283 406
diningtable 0.0731 -1 361 404 485
diningtable 0.0346 182 369 313 413
diningtable 0.0342 393 466 493 497
diningtable 0.0332 375 375 494 495
diningtable 0.0306 4 391 240 494
person 0.0597 212 362 283 406
person 0.0428 1 240 10 403
person 0.0358 369 369 494 493
person 0.0277 0 307 11 461
pottedplant 0.0349 212 362 283 406
pottedplant 0.0280 107 322 131 368
sofa 0.8268 165 261 487 405
sofa 0.1239 382 370 494 492
sofa 0.0831 -5 361 399 485
sofa 0.0658 2 393 235 493
sofa 0.0502 1 273 110 417
sofa 0.0492 145 131 202 169
sofa 0.0292 248 377 504 500
tvmonitor 0.2437 145 131 202 169
tvmonitor 0.0278 4 400 241 493
