bicycle 0.0258 46 181 65 254
boat 0.0277 139 37 160 64
boat 0.0260 0 118 41 147
bottle 0.0671 227 195 244 246
bottle 0.0454 264 170 294 201
bottle 0.0426 81 26 93 46
bottle 0.0410 48 180 64 243
bottle 0.0364 177 210 193 238
bottle 0.0337 41 159 63 224
bottle 0.0317 71 157 96 226
car 0.0278 184 153 249 218
car 0.0267 0 118 41 147
chair 0.3313 184 155 250 222
chair 0.2334 45 219 75 280
chair 0.1084 44 181 68 266
chair 0.0641 452 236 496 363
chair 0.0563 46 172 65 239
chair 0.0459 139 37 160 64
chair 0.0378 106 39 130 80
chair 0.0369 75 180 92 231
chair 0.0338 133 27 151 51
chair 0.0330 66 178 85 246
chair 0.0325 3 117 46 148
chair 0.0301 117 26 136 52
chair 0.0297 111 27 127 51
chair 0.0291 75 51 91 73
chair 0.0288 427 205 497 365
chair 0.0283 71 162 95 227
chair 0.0283 156 152 197 224
chair 0.0277 267 170 298 200
chair 0.0275 364 241 498 364
chair 0.0271 474 202 497 368
chair 0.0267 467 149 497 345
chair 0.0256 279 135 357 195
diningtable 0.0512 182 153 251 228
diningtable 0.0313 42 204 70 272
diningtable 0.0313 47 182 64 247
diningtable 0.0257 46 227 74 284
person 0.0368 47 182 64 247
person 0.0316 41 208 72 274
person 0.0268 240 131 498 340
person 0.0260 483 18 496 353
person 0.0253 0 118 41 147
pottedplant 0.0441 81 28 94 50
pottedplant 0.0424 1 116 41 144
pottedplant 0.0413 139 37 160 64
pottedplant 0.0412 46 181 65 254
pottedplant 0.0406 71 55 87 75
pottedplant 0.0305 137 29 155 54
pottedplant 0.0295 112 26 125 46
pottedplant 0.0290 42 200 70 271
pottedplant 0.0283 79 37 95 65
pottedplant 0.0267 75 175 92 230
pottedplant 0.0257 104 27 117 45
sofa 0.7672 240 131 505 351
sofa 0.0563 44 217 75 277
sofa 0.0509 189 152 250 214
tvmonitor 0.0450 0 118 43 153
tvmonitor 0.0429 61 125 98 164
tvmonitor 0.0411 41 166 63 240
tvmonitor 0.0323 189 153 250 217
tvmonitor 0.0300 42 200 70 271
tvmonitor 0.0295 71 52 88 73
tvmonitor 0.0292 139 37 160 64
tvmonitor 0.0269 71 157 96 226
