aeroplane 0.0503 253 80 328 109
bicycle 0.0456 295 195 496 332
bird 0.0315 295 195 496 332
boat 0.0411 253 80 328 109
boat 0.0342 470 92 494 123
boat 0.0290 471 85 492 109
boat 0.0279 32 317 158 329
bottle 0.0414 0 37 11 84
bottle 0.0330 274 199 494 333
bottle 0.0277 -1 38 12 124
bus 0.0472 470 92 494 123
bus 0.0409 61 2 98 19
bus 0.0359 483 91 496 124
bus 0.0336 449 93 484 122
bus 0.0335 253 80 328 109
bus 0.0297 471 85 492 109
car 0.1696 61 2 98 19
car 0.1267 253 80 328 109
car 0.0529 476 92 495 123
car 0.0401 420 103 457 122
car 0.0375 295 195 496 332
car 0.0357 0 31 6 84
car 0.0335 454 93 486 121
car 0.0299 434 101 474 124
car 0.0288 31 323 159 329
chair 0.0966 2 48 109 136
chair 0.0605 295 195 496 332
chair 0.0401 0 40 11 92
chair 0.0347 287 274 496 331
chair 0.0277 -2 40 21 153
dog 0.0506 288 199 496 332
horse 0.0388 295 195 496 332
motorbike 0.8314 8 94 299 266
motorbike 0.0760 295 195 496 332
motorbike 0.0278 253 80 328 109
person 0.7517 82 30 218 206
person 0.1356 295 195 496 332
person 0.0598 472 98 491 127
person 0.0397 198 35 226 55
person 0.0394 0 37 11 84
person 0.0390 -1 34 6 108
person 0.0359 -1 38 12 124
person 0.0327 48 318 173 329
person 0.0323 70 3 104 19
person 0.0297 0 16 5 84
person 0.0292 392 199 494 328
person 0.0289 129 0 178 22
pottedplant 0.0319 220 -1 322 81
pottedplant 0.0300 288 191 496 331
pottedplant 0.0288 0 40 11 92
sofa 0.0303 295 195 496 332
train 0.0281 470 92 494 123
tvmonitor 0.0564 0 37 11 84
