aeroplane 0.7697 118 141 376 231
aeroplane 0.0597 283 181 406 229
aeroplane 0.0559 291 165 399 212
aeroplane 0.0531 310 189 442 234
aeroplane 0.0504 321 167 486 239
aeroplane 0.0473 223 158 412 222
aeroplane 0.0432 309 204 334 228
aeroplane 0.0359 289 136 472 228
aeroplane 0.0353 295 195 348 228
aeroplane 0.0274 0 174 144 215
aeroplane 0.0242 0 12 496 258
aeroplane 0.0237 408 209 470 232
boat 0.0276 408 209 470 232
boat 0.0226 118 141 376 231
bus 0.1110 409 208 475 232
bus 0.0360 345 198 478 234
bus 0.0285 306 204 329 228
bus 0.0281 348 210 412 231
bus 0.0244 311 201 386 231
car 0.0995 408 211 469 233
car 0.0914 440 216 477 232
car 0.0485 367 218 393 231
car 0.0383 312 207 330 229
car 0.0304 329 204 416 232
car 0.0297 324 212 343 228
car 0.0275 331 197 476 235
car 0.0262 327 212 355 228
car 0.0259 1 188 3 218
car 0.0254 311 201 386 231
person 0.1744 310 210 325 230
person 0.1374 200 210 217 231
person 0.0491 446 217 477 232
person 0.0472 264 213 277 228
person 0.0387 406 208 464 232
person 0.0376 363 218 390 230
person 0.0370 124 220 136 229
pottedplant 0.0264 310 210 325 230
train 0.0568 408 209 470 232
train 0.0430 438 213 478 231
train 0.0231 341 192 482 236
train 0.0228 370 200 468 232
train 0.0225 -2 188 68 209
