bird 0.0736 184 0 490 278
bird 0.0547 140 67 230 158
cat 0.0722 202 0 496 278
cat 0.0591 57 153 242 278
chair 0.0685 190 0 492 278
chair 0.0454 126 138 150 180
diningtable 0.0453 38 131 245 278
dog 0.1099 140 67 230 158
dog 0.0803 184 0 490 278
horse 0.0518 190 0 492 278
person 0.3908 140 67 230 158
person 0.2622 0 21 128 278
person 0.2600 2 26 86 159
person 0.1959 184 0 490 278
person 0.0676 203 7 315 213
person 0.0519 -2 20 53 258
person 0.0497 117 22 323 256
pottedplant 0.1408 40 148 228 279
sofa 0.0514 92 0 496 278
tvmonitor 0.0859 135 146 243 272
