aeroplane 0.0359 481 194 497 229
aeroplane 0.0331 74 196 139 237
aeroplane 0.0285 5 209 29 245
bicycle 0.0203 5 209 29 245
bird 0.0238 5 209 29 245
boat 0.0415 481 197 497 231
boat 0.0332 74 196 139 237
boat 0.0300 3 209 24 245
bottle 0.0240 487 195 498 228
bus 0.0688 74 196 139 237
bus 0.0557 481 194 497 229
bus 0.0346 193 88 441 263
bus 0.0305 3 209 24 245
car 0.8237 192 88 436 262
car 0.7261 74 196 139 237
car 0.1689 476 195 496 228
car 0.0687 5 209 29 245
car 0.0407 450 196 490 226
car 0.0396 183 202 195 226
car 0.0358 475 159 497 232
car 0.0232 58 207 109 231
chair 0.0351 476 195 496 228
chair 0.0297 5 209 29 245
cow 0.0746 481 194 497 229
cow 0.0558 5 209 29 245
dog 0.0255 5 209 29 245
dog 0.0207 481 194 497 229
horse 0.0680 5 209 29 245
horse 0.0514 481 194 497 229
motorbike 0.0392 74 196 139 237
motorbike 0.0377 481 194 497 229
motorbike 0.0318 5 209 29 245
person 0.3331 321 109 369 152
person 0.3083 247 111 294 150
person 0.1602 5 209 29 245
person 0.0874 481 194 497 229
person 0.0278 492 87 494 242
person 0.0263 490 147 497 229
person 0.0239 491 107 495 238
person 0.0214 493 194 494 276
person 0.0211 475 144 497 232
person 0.0202 183 202 195 226
person 0.0200 492 55 495 218
pottedplant 0.0230 481 194 497 229
sheep 0.0456 481 194 497 229
sheep 0.0292 5 209 29 245
sheep 0.0253 74 196 139 237
sofa 0.0202 481 197 497 231
train 0.0664 476 195 496 228
train 0.0325 74 196 139 237
train 0.0300 3 209 24 245
tvmonitor 0.0218 476 195 496 228
tvmonitor 0.0201 487 195 498 228
