aeroplane 0.1961 4 89 491 223
aeroplane 0.1214 142 128 485 237
aeroplane 0.0868 0 95 284 212
aeroplane 0.0351 6 184 74 210
aeroplane 0.0343 21 187 90 207
aeroplane 0.0332 288 230 339 259
aeroplane 0.0321 39 184 120 204
aeroplane 0.0293 5 152 67 196
aeroplane 0.0264 0 180 51 215
aeroplane 0.0227 2 149 48 187
boat 0.1024 289 232 338 261
boat 0.0689 128 257 155 271
boat 0.0601 130 253 177 270
boat 0.0336 207 251 249 267
boat 0.0318 75 223 131 248
boat 0.0271 66 209 429 314
boat 0.0253 11 126 484 222
boat 0.0238 179 233 316 243
boat 0.0221 209 231 254 245
boat 0.0220 -2 194 498 369
bus 0.0350 63 217 134 248
bus 0.0318 20 213 146 251
bus 0.0234 8 225 65 251
car 0.0853 288 230 339 259
car 0.0580 75 223 131 248
car 0.0425 128 257 155 271
car 0.0399 178 229 317 241
car 0.0344 136 254 179 270
car 0.0328 20 213 146 251
car 0.0307 209 231 254 245
car 0.0307 236 230 274 240
car 0.0297 462 233 485 256
car 0.0284 45 197 121 209
car 0.0280 366 212 472 259
car 0.0249 11 230 61 252
car 0.0246 0 210 18 237
car 0.0233 1 212 41 241
car 0.0220 24 195 96 211
car 0.0219 0 203 72 238
chair 0.0606 369 214 470 261
chair 0.0270 288 230 339 259
diningtable 0.0561 -2 207 498 369
person 0.0333 424 171 445 188
pottedplant 0.0295 128 257 155 271
sheep 0.0451 289 232 338 261
sheep 0.0360 128 257 155 271
sheep 0.0268 137 256 177 272
train 0.0229 20 213 146 251
