bird 0.0537 369 170 454 267
bird 0.0512 146 157 255 260
bird 0.0292 489 156 497 219
bird 0.0206 483 164 496 242
boat 0.0407 489 162 496 223
boat 0.0307 228 71 251 91
boat 0.0249 180 89 282 181
boat 0.0233 491 120 495 234
boat 0.0206 369 170 454 267
bottle 0.0294 269 105 288 171
bottle 0.0254 228 71 251 91
bottle 0.0206 490 136 495 229
bottle 0.0202 489 156 497 219
bus 0.0777 228 71 251 91
bus 0.0357 180 89 282 178
bus 0.0213 265 102 285 169
car 0.7789 177 89 279 178
car 0.1036 269 103 287 168
car 0.0988 228 71 251 91
car 0.0347 489 165 497 226
cat 0.0347 369 170 454 267
cat 0.0307 146 157 255 260
cat 0.0207 422 173 447 202
chair 0.0346 490 165 496 236
chair 0.0225 492 151 494 292
cow 0.0691 369 170 454 267
cow 0.0681 146 157 255 260
cow 0.0397 489 165 497 226
cow 0.0285 491 126 495 233
cow 0.0278 491 162 495 250
dog 0.0540 366 171 451 267
dog 0.0455 143 157 252 259
dog 0.0241 482 162 497 224
dog 0.0228 489 156 497 219
horse 0.0254 489 162 496 223
horse 0.0223 366 172 451 269
motorbike 0.0601 269 108 287 173
motorbike 0.0219 176 89 281 182
person 0.0875 269 108 287 173
person 0.0442 229 74 250 92
person 0.0334 491 120 495 234
person 0.0272 490 166 496 230
person 0.0271 492 68 494 261
person 0.0241 492 155 494 283
person 0.0225 491 159 495 268
person 0.0206 231 82 248 106
pottedplant 0.0236 269 105 288 171
sheep 0.8025 146 157 255 260
sheep 0.7964 369 170 454 267
sheep 0.0730 482 162 497 224
sheep 0.0483 383 174 447 223
sheep 0.0464 422 173 447 202
sheep 0.0346 205 153 259 196
train 0.0465 228 71 251 91
tvmonitor 0.0264 228 71 251 91
