aeroplane 0.0291 2 10 493 348
bicycle 0.0229 109 203 440 352
bird 0.0749 85 190 261 355
bird 0.0308 5 190 36 219
boat 0.0243 2 10 493 348
boat 0.0222 6 193 36 221
bottle 0.0291 6 193 36 221
car 0.0379 2 10 493 348
car 0.0231 6 193 36 221
cat 0.0242 81 190 257 355
chair 0.0239 2 10 493 348
cow 0.0781 85 190 261 355
cow 0.0473 2 10 493 348
cow 0.0379 6 193 36 221
cow 0.0308 83 186 428 353
cow 0.0240 203 123 417 349
dog 0.0960 85 190 261 355
dog 0.0408 5 190 36 219
horse 0.3721 94 121 440 355
horse 0.1163 85 190 261 355
horse 0.0403 2 10 493 348
horse 0.0361 6 193 36 221
horse 0.0262 235 125 416 301
person 0.1213 6 193 36 221
person 0.0382 392 138 423 225
person 0.0355 85 190 261 355
sheep 0.0671 81 190 257 355
sheep 0.0237 6 193 36 221
sofa 0.0277 2 10 493 348
train 0.0414 2 10 493 348
tvmonitor 0.0311 -1 -6 497 230
