boat 0.0326 467 112 497 152
bus 0.8644 86 26 455 309
bus 0.0879 2 133 79 236
bus 0.0384 467 112 497 152
bus 0.0282 215 55 467 259
bus 0.0279 428 110 481 249
bus 0.0273 5 161 21 203
bus 0.0268 30 195 58 238
bus 0.0265 2 170 9 224
bus 0.0254 280 85 418 239
bus 0.0244 2 165 8 199
bus 0.0243 435 127 459 182
bus 0.0243 4 153 37 211
bus 0.0241 5 108 68 207
car 0.0597 30 195 58 238
car 0.0460 467 112 497 152
car 0.0372 353 104 416 160
car 0.0291 492 209 495 230
car 0.0285 332 112 421 183
car 0.0282 2 182 9 232
car 0.0242 435 125 458 170
chair 0.0238 30 197 59 242
person 0.1270 439 176 461 273
person 0.0801 435 126 458 173
person 0.0648 89 17 459 302
person 0.0565 446 230 462 272
person 0.0544 354 102 414 157
person 0.0316 251 89 408 216
person 0.0312 35 197 60 241
person 0.0291 205 57 454 267
person 0.0289 426 117 468 232
person 0.0257 209 94 231 126
person 0.0253 492 203 495 230
person 0.0245 182 93 250 176
person 0.0239 172 93 268 241
person 0.0239 309 103 412 206
person 0.0238 324 107 397 162
train 0.0368 2 133 79 236
train 0.0330 466 114 498 155
train 0.0302 438 111 502 248
train 0.0302 459 100 496 214
train 0.0295 435 126 458 178
train 0.0254 439 116 485 199
