bottle 0.0472 453 121 494 208
bottle 0.0291 485 97 494 128
bottle 0.0279 7 165 66 258
bottle 0.0273 9 114 80 226
bottle 0.0241 11 55 84 113
car 0.0267 493 99 493 131
car 0.0256 492 94 494 126
car 0.0233 453 121 494 208
cat 0.0325 107 29 350 217
chair 0.1378 67 287 326 328
chair 0.0498 9 164 71 259
chair 0.0468 12 126 84 240
chair 0.0349 -2 301 21 330
chair 0.0323 0 252 11 332
chair 0.0300 5 234 342 329
chair 0.0278 -2 237 21 337
chair 0.0276 0 310 34 331
chair 0.0261 -3 296 109 330
chair 0.0236 0 324 12 333
chair 0.0233 40 283 455 338
chair 0.0230 454 119 494 205
chair 0.0226 2 316 71 330
diningtable 0.0570 67 287 326 328
diningtable 0.0277 53 223 505 330
diningtable 0.0237 7 165 66 258
person 0.0287 492 95 494 130
person 0.0227 494 121 493 209
pottedplant 0.0294 75 286 326 329
pottedplant 0.0289 480 100 492 130
pottedplant 0.0284 447 74 478 136
pottedplant 0.0254 6 168 60 260
sofa 0.0644 67 287 326 328
tvmonitor 0.9045 105 32 351 220
tvmonitor 0.0584 439 94 494 204
tvmonitor 0.0495 446 75 478 140
tvmonitor 0.0493 480 100 492 130
tvmonitor 0.0488 441 57 484 178
tvmonitor 0.0402 75 286 326 329
tvmonitor 0.0379 14 77 75 138
tvmonitor 0.0371 480 91 492 154
tvmonitor 0.0306 7 165 66 258
tvmonitor 0.0254 479 74 493 193
tvmonitor 0.0232 364 12 498 245
tvmonitor 0.0226 453 130 494 220
