aeroplane 0.0598 482 247 497 271
aeroplane 0.0574 303 249 355 281
aeroplane 0.0396 -1 9 497 268
aeroplane 0.0321 0 254 33 285
boat 0.0555 305 252 353 282
boat 0.0507 482 247 497 271
boat 0.0459 425 238 475 262
boat 0.0444 0 3 496 262
boat 0.0359 352 257 392 283
boat 0.0338 378 264 428 283
boat 0.0324 358 231 441 257
boat 0.0316 414 163 479 279
boat 0.0311 330 253 376 282
bus 0.1813 425 238 475 262
bus 0.1328 482 247 497 271
bus 0.1312 358 234 441 260
bus 0.0915 409 241 461 259
bus 0.0545 303 249 355 281
bus 0.0522 287 240 310 260
bus 0.0474 0 254 33 285
bus 0.0420 21 250 91 291
bus 0.0352 335 242 386 257
bus 0.0318 352 254 400 281
bus 0.0309 184 254 226 275
car 0.6525 47 253 182 299
car 0.5388 303 249 355 281
car 0.5178 21 250 91 291
car 0.4947 235 252 299 277
car 0.4732 0 252 33 283
car 0.4683 185 253 231 275
car 0.3382 482 247 497 271
car 0.3091 277 246 319 277
car 0.2161 200 250 255 274
car 0.1705 432 247 476 270
car 0.1173 347 254 390 282
car 0.0781 353 233 439 260
car 0.0671 344 237 408 257
car 0.0661 338 241 414 265
car 0.0617 375 264 424 283
car 0.0448 134 250 157 262
car 0.0434 108 247 144 258
car 0.0389 88 247 134 259
car 0.0388 158 257 180 278
car 0.0384 416 258 446 277
car 0.0338 176 257 194 272
car 0.0327 409 263 437 278
chair 0.0833 352 257 392 283
chair 0.0488 375 264 424 283
chair 0.0466 307 256 351 282
horse 0.0334 307 256 351 282
motorbike 0.0567 303 249 355 281
motorbike 0.0505 280 250 316 279
motorbike 0.0499 185 253 231 275
motorbike 0.0481 0 254 33 285
motorbike 0.0420 483 251 496 272
motorbike 0.0348 323 253 374 281
motorbike 0.0336 21 250 91 291
person 0.0731 291 240 312 260
person 0.0675 488 251 497 272
person 0.0474 350 258 387 283
person 0.0469 286 254 317 279
person 0.0449 307 256 351 282
person 0.0404 0 254 33 285
person 0.0402 330 253 376 282
person 0.0395 426 246 476 271
person 0.0361 407 247 455 264
person 0.0337 322 244 368 262
person 0.0327 404 241 457 258
person 0.0318 358 234 441 260
person 0.0314 375 264 424 283
person 0.0308 0 259 13 281
person 0.0306 409 251 453 272
person 0.0306 185 253 231 275
person 0.0304 490 233 496 267
pottedplant 0.0354 305 252 353 282
sheep 0.0395 305 252 353 282
sofa 0.0328 305 252 353 282
train 0.0657 358 231 441 257
train 0.0639 425 238 475 262
train 0.0585 482 247 497 271
train 0.0366 303 249 355 281
tvmonitor 0.0341 0 3 496 262
