boat 0.0371 0 179 20 243
boat 0.0337 3 120 31 180
boat 0.0305 0 200 12 263
boat 0.0286 492 138 494 220
bus 0.8848 -7 51 464 342
bus 0.1193 3 126 30 179
bus 0.1183 206 58 484 306
bus 0.1070 1 172 24 239
bus 0.0945 2 129 31 224
bus 0.0520 2 104 71 248
bus 0.0454 3 114 70 186
bus 0.0436 491 144 495 220
bus 0.0416 0 198 19 266
bus 0.0415 492 171 494 234
bus 0.0313 2 81 117 278
bus 0.0280 491 198 495 242
car 0.0963 0 222 19 264
car 0.0798 492 176 494 234
car 0.0714 491 198 495 242
car 0.0614 1 178 24 244
car 0.0437 1 132 25 232
car 0.0435 4 130 30 181
car 0.0332 492 124 494 211
car 0.0323 0 134 4 230
car 0.0288 1 129 3 188
person 0.1502 173 116 197 160
person 0.0737 149 119 174 158
person 0.0726 143 133 164 167
person 0.0717 132 117 160 159
person 0.0676 163 131 183 163
person 0.0420 491 205 495 247
person 0.0365 492 180 494 236
person 0.0341 0 179 20 243
person 0.0327 491 154 495 228
person 0.0306 492 138 494 220
person 0.0296 0 134 18 230
person 0.0291 2 140 17 189
person 0.0290 0 131 4 239
person 0.0287 1 129 3 194
person 0.0283 71 123 111 159
person 0.0280 4 132 29 185
train 0.0792 1 172 24 239
train 0.0509 3 120 31 180
train 0.0358 2 136 24 205
train 0.0340 4 128 37 213
