aeroplane 0.0236 416 0 492 20
bicycle 0.8310 61 68 466 314
bicycle 0.1132 377 -1 477 27
bicycle 0.0740 354 0 445 31
bicycle 0.0445 7 3 89 39
bicycle 0.0441 432 115 493 174
bicycle 0.0426 432 105 493 230
bicycle 0.0355 16 1 112 24
bicycle 0.0276 308 0 413 30
bicycle 0.0241 402 72 492 299
bicycle 0.0229 476 122 496 167
bird 0.0297 -1 168 35 226
bird 0.0274 187 0 410 26
bottle 0.0603 61 70 466 318
bottle 0.0348 442 117 497 166
bottle 0.0298 373 -1 473 27
bottle 0.0283 155 0 238 26
bottle 0.0235 492 120 495 163
bottle 0.0222 150 0 282 33
bottle 0.0219 4 4 38 27
car 0.0244 435 0 497 25
car 0.0234 466 1 496 24
motorbike 0.0601 409 0 492 21
motorbike 0.0546 436 115 496 168
motorbike 0.0525 377 -1 477 27
motorbike 0.0388 436 2 496 29
motorbike 0.0359 353 0 438 32
motorbike 0.0299 6 2 66 41
motorbike 0.0254 313 0 416 31
person 0.0370 414 0 494 26
person 0.0300 466 1 496 24
person 0.0253 492 122 495 172
person 0.0247 493 122 494 185
person 0.0232 493 120 493 198
person 0.0229 494 122 492 208
person 0.0220 494 124 493 218
person 0.0219 438 108 494 240
pottedplant 0.0508 -2 158 28 218
pottedplant 0.0281 416 0 492 20
pottedplant 0.0263 382 -1 487 26
pottedplant 0.0226 466 1 496 24
