bicycle 0.0620 467 48 497 323
bicycle 0.0491 478 72 494 269
bottle 0.0851 380 137 396 164
bottle 0.0754 485 72 494 299
bottle 0.0658 238 129 264 195
bottle 0.0629 274 93 291 114
bottle 0.0614 281 93 299 114
bottle 0.0581 477 120 494 280
bottle 0.0445 368 142 385 164
chair 0.0942 -2 225 185 374
chair 0.0829 427 202 481 292
chair 0.0528 49 121 352 372
chair 0.0502 467 48 497 323
chair 0.0459 281 96 299 116
chair 0.0448 1 136 32 241
chair 0.0444 485 82 494 259
diningtable 0.0915 135 244 548 367
motorbike 0.0650 467 48 497 323
motorbike 0.0436 433 10 499 361
person 0.6234 293 94 413 283
person 0.5448 34 117 304 371
person 0.2645 130 142 161 176
person 0.2510 242 118 307 247
person 0.2265 379 139 397 167
person 0.1994 39 92 74 203
person 0.1748 237 131 266 205
person 0.0960 179 111 261 196
person 0.0870 485 72 494 299
person 0.0857 477 120 494 280
person 0.0816 467 111 496 306
person 0.0727 59 154 100 211
person 0.0649 117 143 166 211
person 0.0642 433 10 499 361
person 0.0592 379 139 405 202
person 0.0514 65 146 171 219
person 0.0512 281 93 299 114
person 0.0464 373 134 411 231
person 0.0456 11 99 39 172
person 0.0437 484 129 495 383
pottedplant 0.3769 218 93 254 119
pottedplant 0.3467 277 93 295 114
pottedplant 0.1445 260 95 281 112
pottedplant 0.1362 61 151 98 203
pottedplant 0.0551 39 148 81 217
pottedplant 0.0535 478 65 494 306
pottedplant 0.0469 474 3 497 256
pottedplant 0.0448 379 139 397 167
sofa 0.0602 36 133 334 371
