aeroplane 0.0323 297 104 440 152
aeroplane 0.0238 92 113 114 143
aeroplane 0.0229 76 82 98 158
aeroplane 0.0223 348 110 436 136
bicycle 0.0221 77 80 97 150
bird 0.0829 77 79 97 141
bird 0.0232 96 115 117 141
boat 0.0563 423 127 493 160
boat 0.0354 307 111 446 151
boat 0.0297 392 107 493 149
boat 0.0293 13 117 75 140
boat 0.0292 77 79 97 141
boat 0.0285 469 126 494 152
boat 0.0247 485 125 494 152
boat 0.0242 372 109 475 137
boat 0.0226 3 116 38 140
boat 0.0211 339 116 468 161
boat 0.0205 96 115 117 141
bus 0.0214 423 127 493 160
car 0.0362 2 117 32 140
car 0.0297 8 117 64 139
car 0.0229 96 117 117 144
car 0.0200 492 122 494 150
dog 0.0209 77 79 98 145
horse 0.8680 107 71 340 264
horse 0.0254 77 79 97 141
person 0.0830 77 79 97 141
person 0.0234 92 114 114 147
pottedplant 0.0337 77 80 97 150
train 0.0293 412 112 496 155
train 0.0265 6 118 59 139
train 0.0258 2 117 32 140
train 0.0238 376 109 478 137
train 0.0234 0 116 17 141
train 0.0212 352 110 440 136
train 0.0206 304 106 440 150
