aeroplane 0.0319 3 199 22 218
aeroplane 0.0297 2 193 16 213
aeroplane 0.0287 491 117 495 152
aeroplane 0.0240 479 120 493 149
bird 0.7461 207 119 287 257
bird 0.1063 277 139 311 190
bird 0.0479 314 6 353 79
bird 0.0431 3 197 22 215
bird 0.0417 484 121 494 153
bird 0.0360 61 356 90 377
bird 0.0356 257 130 331 264
bird 0.0343 36 80 52 112
bird 0.0318 329 6 353 20
bird 0.0292 206 105 343 271
bird 0.0289 456 1 492 25
bird 0.0276 237 155 336 346
bird 0.0263 458 0 490 14
bird 0.0231 472 142 491 174
bird 0.0210 455 0 492 50
boat 0.0242 491 114 495 149
person 0.0486 63 360 88 377
pottedplant 0.0251 491 117 495 152
pottedplant 0.0211 66 361 92 377
pottedplant 0.0210 479 120 493 149
pottedplant 0.0200 216 131 286 345
sheep 0.0203 491 117 495 152
