bird 0.7842 6 80 305 344
bird 0.0377 0 0 66 49
bird 0.0368 2 1 23 17
bird 0.0362 167 0 285 90
bird 0.0355 23 118 248 447
bird 0.0261 368 58 370 297
bird 0.0242 356 35 370 304
bird 0.0232 161 0 361 119
bird 0.0226 3 185 39 224
boat 0.0227 -1 1 85 49
car 0.0254 0 2 78 55
cat 0.0298 165 0 275 96
cat 0.0247 28 -10 342 107
cat 0.0246 0 2 78 55
chair 0.0257 0 5 84 60
cow 0.0377 155 0 268 98
cow 0.0264 28 -10 342 107
cow 0.0255 3 185 39 224
dog 0.0528 152 0 270 104
dog 0.0360 22 -8 348 121
dog 0.0257 0 2 78 55
horse 0.0256 152 0 270 104
person 0.0300 2 1 23 17
person 0.0293 -1 1 85 49
person 0.0278 0 0 48 18
person 0.0252 162 0 307 97
person 0.0235 368 59 369 303
pottedplant 0.0526 232 -6 372 182
pottedplant 0.0406 189 1 345 87
pottedplant 0.0292 354 28 372 264
pottedplant 0.0238 337 17 371 235
pottedplant 0.0233 2 2 87 55
sheep 0.0376 152 0 270 104
sheep 0.0318 0 5 72 60
sheep 0.0242 2 0 23 11
sheep 0.0239 -3 0 58 26
sheep 0.0224 2 190 35 226
