aeroplane 0.0480 476 133 494 164
aeroplane 0.0220 10 65 48 77
aeroplane 0.0214 478 145 493 173
aeroplane 0.0203 463 80 492 114
bicycle 0.0201 476 136 494 167
bird 0.0411 477 131 494 163
bird 0.0231 478 141 493 171
boat 0.3276 476 133 494 164
boat 0.0338 10 65 48 77
boat 0.0237 468 141 488 204
boat 0.0219 481 152 491 208
boat 0.0217 462 82 494 148
bottle 0.0467 477 131 494 163
bottle 0.0368 242 129 253 144
bus 0.0350 476 136 494 167
bus 0.0330 15 92 230 206
car 0.8597 15 92 230 206
car 0.0860 10 65 48 77
car 0.0461 476 133 494 164
person 0.1985 89 102 116 128
person 0.0806 125 105 143 125
person 0.0554 476 133 494 164
person 0.0428 242 132 254 146
person 0.0201 492 148 494 175
pottedplant 0.0392 477 131 494 163
sheep 0.0402 476 136 494 167
sheep 0.0227 6 65 44 77
train 0.0406 476 133 494 164
tvmonitor 0.0248 477 131 494 163
