bicycle 0.0239 1 337 9 440
bird 0.0245 299 133 500 362
bottle 0.0421 36 84 193 364
bottle 0.0379 1 342 9 449
bottle 0.0376 0 380 11 497
bottle 0.0261 36 244 61 321
car 0.0376 0 338 4 438
car 0.0257 2 270 8 459
cat 0.0312 187 224 347 349
chair 0.5244 188 225 346 356
chair 0.0479 168 266 351 393
chair 0.0378 179 311 354 378
chair 0.0280 0 340 5 443
chair 0.0260 1 337 10 470
chair 0.0236 2 290 8 455
chair 0.0235 0 352 18 494
diningtable 0.0729 -1 327 497 504
diningtable 0.0465 190 228 350 360
diningtable 0.0322 36 89 194 366
diningtable 0.0308 23 304 472 433
diningtable 0.0285 167 323 367 382
diningtable 0.0237 5 414 490 519
motorbike 0.0273 1 341 9 443
person 0.0477 1 341 9 443
person 0.0379 2 290 8 455
person 0.0338 0 353 11 494
person 0.0294 305 133 501 362
person 0.0255 187 224 347 349
person 0.0245 1 166 10 478
pottedplant 0.3176 289 131 495 364
pottedplant 0.2420 41 83 196 364
pottedplant 0.0377 360 227 439 385
pottedplant 0.0372 380 254 435 357
pottedplant 0.0307 188 225 346 356
pottedplant 0.0262 1 342 9 449
pottedplant 0.0262 339 188 461 393
pottedplant 0.0234 177 108 435 387
sofa 0.1115 188 225 346 356
tvmonitor 0.0808 36 84 193 364
tvmonitor 0.0248 36 240 61 317
