bicycle 0.1121 33 117 71 188
bicycle 0.0580 58 99 148 180
bicycle 0.0576 32 1 526 331
bicycle 0.0576 46 108 89 187
bicycle 0.0552 14 121 35 184
bird 0.0335 34 88 63 118
bottle 0.0447 1 129 9 192
car 0.0613 32 1 526 331
car 0.0395 -1 131 6 195
chair 0.0420 5 108 28 181
chair 0.0347 35 109 69 185
chair 0.0331 1 134 9 192
horse 0.0410 9 112 32 183
horse 0.0406 31 109 66 186
horse 0.0356 1 121 9 189
motorbike 0.7207 27 60 460 329
motorbike 0.1543 57 103 156 192
motorbike 0.0586 30 112 67 188
motorbike 0.0540 57 65 234 219
motorbike 0.0506 36 133 76 198
motorbike 0.0427 37 41 270 279
motorbike 0.0331 1 118 10 188
motorbike 0.0327 13 116 36 184
person 0.3852 31 88 66 175
person 0.1593 38 90 66 126
person 0.1504 2 89 31 175
person 0.1452 1 124 9 191
person 0.1072 56 93 87 170
person 0.0465 32 1 526 331
