aeroplane 0.0409 490 212 496 241
aeroplane 0.0305 0 49 19 76
aeroplane 0.0284 3 56 30 81
aeroplane 0.0266 0 29 19 72
aeroplane 0.0266 0 18 17 59
bicycle 0.0245 491 167 496 216
bicycle 0.0236 414 145 433 200
bird 0.0305 490 215 495 244
boat 0.0503 490 215 495 244
bottle 0.0235 477 135 487 177
bottle 0.0234 490 215 495 244
bottle 0.0230 494 129 493 177
bottle 0.0228 416 137 438 199
bus 0.0340 3 129 8 207
bus 0.0327 486 121 493 169
bus 0.0318 4 110 21 214
bus 0.0295 474 124 490 165
bus 0.0284 440 111 492 178
bus 0.0240 -1 51 91 273
bus 0.0239 4 113 7 247
bus 0.0230 2 89 23 270
car 0.0502 490 215 495 244
car 0.0402 493 124 493 171
car 0.0363 494 126 492 187
car 0.0342 477 135 487 177
car 0.0336 481 129 491 166
car 0.0317 489 134 497 202
car 0.0286 2 49 24 76
car 0.0275 466 134 482 190
car 0.0265 490 198 496 238
car 0.0253 458 134 474 179
chair 0.0351 418 145 436 201
chair 0.0339 478 155 493 209
chair 0.0319 465 154 483 204
chair 0.0307 452 157 465 201
chair 0.0302 491 167 496 216
chair 0.0284 434 147 452 199
chair 0.0272 490 212 496 241
chair 0.0267 426 147 443 199
chair 0.0260 459 155 473 203
horse 0.0235 416 139 437 201
motorbike 0.0239 477 139 494 208
person 0.5350 416 137 438 199
person 0.4043 477 139 494 208
person 0.3852 451 137 473 204
person 0.0843 482 133 490 174
person 0.0444 210 100 230 136
person 0.0389 3 117 15 212
person 0.0376 99 99 122 137
person 0.0250 4 113 7 247
person 0.0231 490 209 496 238
pottedplant 0.0551 490 212 496 241
sheep 0.0355 490 212 496 241
train 0.8308 71 49 447 305
train 0.2279 -3 52 108 308
train 0.0478 -9 26 192 298
train 0.0387 -3 52 53 366
train 0.0346 3 118 15 218
train 0.0304 0 68 19 350
train 0.0255 401 77 508 182
tvmonitor 0.0277 3 124 8 200
