bicycle 0.0713 8 0 267 330
bird 0.0500 4 0 256 330
bottle 0.0801 9 0 48 69
bottle 0.0325 18 -2 70 46
cat 0.0550 242 10 495 330
chair 0.0360 359 1 448 26
chair 0.0325 0 0 495 329
cow 0.0686 5 0 249 329
cow 0.0437 237 25 492 330
dog 0.6853 242 16 495 329
dog 0.0788 4 0 256 330
horse 0.6270 7 0 261 329
horse 0.0338 427 11 497 182
person 0.0795 429 9 495 159
person 0.0766 7 0 43 64
person 0.0649 323 -8 492 172
person 0.0639 0 10 18 320
person 0.0415 483 6 496 324
person 0.0411 493 5 493 152
person 0.0396 493 -2 493 140
person 0.0396 493 3 494 144
person 0.0374 493 16 494 163
person 0.0365 468 3 495 327
person 0.0350 492 20 495 168
person 0.0334 9 0 48 28
person 0.0333 30 0 90 28
pottedplant 0.0456 8 0 49 59
train 0.0328 4 0 256 330
tvmonitor 0.0367 262 -1 420 29
