bicycle 0.0726 136 154 264 381
bicycle 0.0289 139 213 225 382
bicycle 0.0278 173 219 250 376
bicycle 0.0234 197 163 262 371
bird 0.0208 1 121 30 178
bottle 0.0404 173 87 198 127
bottle 0.0383 163 92 208 137
bottle 0.0348 123 89 248 171
bottle 0.0220 172 56 193 103
car 0.0406 136 154 264 381
car 0.0247 138 193 209 388
horse 0.0311 133 154 261 381
motorbike 0.5894 136 154 264 381
person 0.5681 124 83 282 287
person 0.1002 135 94 212 181
person 0.0940 137 179 205 385
person 0.0519 152 86 201 151
person 0.0514 163 92 208 137
person 0.0300 171 63 194 111
person 0.0288 123 125 254 378
person 0.0259 145 213 243 383
person 0.0257 182 160 264 374
person 0.0201 361 11 373 484
pottedplant 0.0207 -3 218 375 589
sheep 0.0299 1 121 30 178
