bicycle 0.0790 0 179 35 372
bicycle 0.0388 -2 130 45 310
bicycle 0.0368 0 137 26 338
bottle 0.0503 3 164 8 323
bottle 0.0420 0 153 26 357
bottle 0.0341 0 118 50 357
car 0.0422 0 134 43 283
cat 0.0517 321 187 401 282
cat 0.0349 311 155 425 291
chair 0.0947 -1 120 51 332
chair 0.0824 0 229 27 374
chair 0.0457 1 141 25 346
chair 0.0428 0 174 11 365
chair 0.0396 412 179 474 244
chair 0.0329 317 178 411 285
cow 0.0300 321 187 401 282
dog 0.3601 317 178 411 285
dog 0.0303 0 175 35 370
horse 0.0575 0 174 42 371
horse 0.0356 0 134 43 283
motorbike 0.0712 0 166 42 367
motorbike 0.0344 2 120 40 268
person 0.7899 124 67 231 279
person 0.1028 0 168 35 371
person 0.0601 3 164 8 323
person 0.0531 0 134 43 283
person 0.0439 1 242 26 373
person 0.0368 319 182 403 281
person 0.0357 264 119 293 210
person 0.0315 310 149 427 292
pottedplant 0.0412 -2 130 45 310
pottedplant 0.0349 0 137 26 338
pottedplant 0.0312 3 165 8 310
sofa 0.0443 312 168 432 295
sofa 0.0377 0 136 49 286
