aeroplane 0.0466 0 5 331 396
aeroplane 0.0305 276 321 330 353
bicycle 0.0362 3 322 19 352
bicycle 0.0299 27 320 53 346
bird 0.0410 5 305 23 345
bird 0.0378 51 313 65 345
bird 0.0357 41 314 60 345
bird 0.0328 29 315 50 343
boat 0.6971 0 0 170 385
boat 0.2183 0 4 331 405
boat 0.1100 276 321 330 353
boat 0.1065 258 339 281 359
boat 0.0895 -4 325 111 403
boat 0.0555 0 217 23 294
boat 0.0517 73 318 147 403
boat 0.0467 210 326 287 357
boat 0.0453 0 201 39 310
boat 0.0446 1 249 21 293
boat 0.0425 1 245 11 289
boat 0.0404 314 328 329 354
boat 0.0399 222 275 275 306
boat 0.0398 38 321 63 352
boat 0.0392 1 183 27 265
boat 0.0391 23 323 57 350
boat 0.0379 38 314 58 344
boat 0.0325 323 326 330 356
boat 0.0316 51 313 65 345
boat 0.0312 74 317 105 380
boat 0.0307 35 316 133 397
bottle 0.0377 5 305 23 345
bus 0.0377 274 325 328 356
bus 0.0345 0 7 332 409
bus 0.0344 220 277 277 311
bus 0.0309 184 282 230 307
car 0.1188 184 282 230 307
car 0.0511 116 279 261 325
car 0.0430 281 325 331 356
car 0.0405 3 310 20 348
car 0.0374 216 275 266 306
car 0.0344 55 2 77 9
car 0.0343 2 335 15 354
car 0.0330 328 322 331 353
car 0.0313 314 328 329 354
car 0.0302 0 250 2 299
dog 0.0305 5 305 23 345
motorbike 0.0433 4 310 23 348
person 0.3993 5 305 23 345
person 0.1308 51 313 65 345
person 0.1256 44 313 61 345
person 0.1171 27 316 47 342
person 0.0825 84 310 95 349
pottedplant 0.0400 3 310 20 348
pottedplant 0.0344 38 314 58 344
train 0.0576 218 274 274 306
train 0.0563 0 2 330 392
train 0.0488 276 318 331 349
