bicycle 0.0211 60 24 247 283
bottle 0.1081 326 299 372 359
bottle 0.0377 293 31 311 65
bottle 0.0252 276 300 327 358
cat 0.0212 330 298 374 359
chair 0.8344 61 30 246 282
chair 0.8315 253 13 430 300
chair 0.0380 84 14 450 298
chair 0.0367 246 177 436 292
chair 0.0265 294 17 411 166
diningtable 0.0639 60 24 247 283
diningtable 0.0476 253 13 430 300
diningtable 0.0362 92 10 450 296
person 0.0213 293 27 311 62
pottedplant 0.0210 330 298 374 359
sofa 0.0343 61 30 246 282
sofa 0.0219 252 10 430 297
tvmonitor 0.0243 246 177 436 292
tvmonitor 0.0214 330 298 374 359
