bird 0.0401 362 79 414 140
bottle 0.0924 131 110 153 160
bottle 0.0474 0 13 18 129
bottle 0.0427 4 63 46 137
bottle 0.0410 2 13 9 117
cat 0.6630 -6 141 455 365
cat 0.1256 339 141 413 180
cat 0.1250 96 14 219 71
cat 0.0501 379 77 420 142
cat 0.0483 125 187 502 390
chair 0.1018 257 91 393 147
chair 0.0902 3 -1 77 87
chair 0.0520 2 -1 24 93
chair 0.0503 234 50 519 355
chair 0.0500 0 8 496 397
chair 0.0477 337 144 415 183
chair 0.0472 443 52 497 186
chair 0.0417 401 39 492 174
cow 0.0510 339 141 413 180
diningtable 0.0549 0 8 496 397
dog 0.2274 339 141 413 180
dog 0.0397 94 11 228 74
person 0.0614 339 141 413 180
person 0.0569 167 2 523 403
person 0.0431 4 -2 76 82
person 0.0417 93 12 237 73
sheep 0.0438 344 140 416 181
sofa 0.0929 256 91 402 141
sofa 0.0642 0 8 496 397
sofa 0.0450 3 -1 77 87
sofa 0.0446 218 37 527 368
sofa 0.0395 339 141 413 180
tvmonitor 0.0667 451 52 497 180
tvmonitor 0.0563 85 -4 270 135
tvmonitor 0.0389 408 36 493 157
