aeroplane 0.0344 359 194 370 215
boat 0.0403 0 30 372 464
boat 0.0361 0 372 371 498
boat 0.0330 362 194 371 215
bottle 0.0250 0 29 324 465
bottle 0.0212 359 194 370 215
bus 0.4833 0 28 371 436
bus 0.0677 359 194 370 215
bus 0.0229 0 372 371 498
bus 0.0224 364 159 370 211
car 0.2142 359 194 370 215
car 0.0949 -1 16 320 433
car 0.0211 1 356 371 490
diningtable 0.0221 1 389 370 496
diningtable 0.0206 -1 190 373 453
motorbike 0.0323 360 199 369 216
person 0.0514 360 199 369 216
person 0.0239 369 153 370 217
person 0.0238 0 283 8 376
person 0.0238 1 19 370 422
person 0.0221 0 244 3 376
pottedplant 0.0299 362 194 371 215
train 0.0494 0 27 372 452
train 0.0415 0 372 371 498
train 0.0270 362 194 371 215
tvmonitor 0.0829 0 30 372 464
tvmonitor 0.0238 359 194 370 215
tvmonitor 0.0223 0 372 371 498
tvmonitor 0.0202 0 255 9 342
