bicycle 0.0421 103 109 337 328
bicycle 0.0267 136 192 319 328
bicycle 0.0226 186 233 270 328
bird 0.0211 260 0 383 12
bottle 0.0574 247 261 280 327
bottle 0.0318 259 300 298 329
bottle 0.0297 252 289 289 329
bottle 0.0237 239 230 287 321
bottle 0.0230 184 36 357 209
car 0.0370 105 97 349 330
cat 0.0311 254 0 381 12
cat 0.0210 263 -1 435 19
motorbike 0.6351 103 109 337 328
motorbike 0.0257 201 103 388 323
motorbike 0.0221 170 184 340 321
person 0.4962 143 26 351 328
person 0.0920 178 36 356 215
person 0.0482 89 100 304 327
person 0.0283 123 162 239 316
person 0.0274 187 233 276 329
person 0.0264 -1 0 44 328
person 0.0242 247 256 279 326
person 0.0231 480 21 499 308
sheep 0.0221 248 -1 387 18
