aeroplane 0.7121 55 131 439 234
aeroplane 0.0347 -1 323 51 329
aeroplane 0.0313 88 328 157 328
aeroplane 0.0279 13 324 99 328
aeroplane 0.0274 28 324 146 328
aeroplane 0.0246 53 328 145 329
aeroplane 0.0243 187 146 253 157
bird 0.0288 88 328 157 328
bird 0.0268 94 328 167 328
bird 0.0222 88 328 188 328
bird 0.0218 66 328 147 329
boat 0.0605 -2 323 36 329
boat 0.0557 84 328 153 329
boat 0.0513 7 323 89 328
boat 0.0470 28 324 146 328
boat 0.0447 58 327 147 329
boat 0.0324 92 328 176 329
boat 0.0274 61 131 449 234
boat 0.0216 74 327 225 329
bottle 0.0262 84 328 153 329
bus 0.0456 16 323 88 329
bus 0.0403 27 324 139 328
bus 0.0381 2 324 55 328
bus 0.0317 77 325 152 328
bus 0.0255 0 323 27 329
car 0.0801 84 328 153 329
car 0.0682 0 323 42 329
car 0.0680 44 327 146 329
car 0.0535 19 328 86 329
car 0.0492 24 327 119 329
car 0.0298 81 328 203 329
chair 0.0267 84 328 153 329
chair 0.0219 35 328 139 329
cow 0.0270 81 328 148 328
cow 0.0252 53 328 145 329
cow 0.0218 3 327 39 329
horse 0.0204 84 328 153 329
person 0.0387 90 328 163 329
person 0.0348 72 327 150 329
person 0.0295 16 323 88 329
person 0.0279 27 327 132 329
person 0.0257 6 327 75 329
person 0.0238 -1 323 51 329
person 0.0225 81 328 203 329
pottedplant 0.0306 84 328 153 329
sheep 0.0342 84 328 153 329
sheep 0.0257 3 327 39 329
train 0.0299 19 324 139 328
train 0.0283 7 323 89 328
train 0.0282 -2 323 36 329
train 0.0240 72 327 150 329
train 0.0214 90 328 163 329
tvmonitor 0.0204 72 327 150 329
