bird 0.0338 442 105 497 246
bird 0.0206 347 109 444 192
boat 0.0204 347 109 444 192
cat 0.0326 442 109 497 227
cow 0.0397 347 109 444 192
cow 0.0393 442 107 497 239
cow 0.0362 23 132 216 277
cow 0.0334 203 115 362 252
dog 0.0361 442 108 497 264
horse 0.0276 442 111 497 267
person 0.0218 491 141 496 284
sheep 0.9037 24 129 221 275
sheep 0.8827 200 113 365 249
sheep 0.8586 347 109 444 192
sheep 0.5511 442 109 497 227
sheep 0.0562 444 111 496 159
sheep 0.0391 479 114 500 227
sheep 0.0290 481 116 498 184
sheep 0.0283 190 109 234 135
