aeroplane 0.0320 373 71 404 138
aeroplane 0.0234 409 68 439 131
bicycle 0.0611 371 86 405 138
bicycle 0.0452 409 86 437 134
bicycle 0.0350 395 92 420 128
bird 0.0429 412 68 441 131
bird 0.0346 375 72 408 137
bird 0.0343 373 102 394 139
bird 0.0332 74 55 99 87
bird 0.0255 392 77 422 132
bird 0.0239 396 98 418 127
bird 0.0221 386 99 412 131
boat 0.0257 396 83 428 132
boat 0.0239 376 102 399 138
boat 0.0238 374 82 408 137
boat 0.0218 374 112 387 139
boat 0.0217 2 61 39 91
bottle 0.0310 74 55 99 87
bottle 0.0264 374 112 387 139
bottle 0.0255 411 93 436 131
bottle 0.0246 412 68 441 131
bottle 0.0237 404 96 427 128
bottle 0.0225 396 83 428 132
car 0.9125 59 75 460 317
car 0.0412 374 82 408 137
car 0.0395 409 68 439 131
car 0.0373 75 58 99 89
car 0.0316 373 102 394 139
car 0.0302 396 83 428 132
car 0.0246 2 61 39 91
car 0.0220 388 69 419 125
chair 0.0421 413 78 440 136
chair 0.0352 396 83 428 132
chair 0.0308 374 82 408 137
chair 0.0292 400 98 423 127
chair 0.0274 78 61 102 90
chair 0.0230 5 61 44 91
cow 0.0367 371 86 405 138
cow 0.0363 373 102 394 139
cow 0.0216 396 83 428 132
dog 0.0460 412 68 441 131
dog 0.0378 371 96 397 139
dog 0.0294 411 93 436 131
dog 0.0290 375 72 408 137
dog 0.0269 396 98 418 127
dog 0.0268 74 55 99 87
dog 0.0267 384 93 415 132
horse 0.1048 372 81 405 139
horse 0.0501 412 68 441 131
horse 0.0426 392 77 422 132
horse 0.0374 75 58 99 89
motorbike 0.0866 372 81 405 139
motorbike 0.0445 416 94 437 131
motorbike 0.0415 408 78 439 136
motorbike 0.0316 399 91 424 129
motorbike 0.0303 75 60 99 91
person 0.5244 412 68 441 131
person 0.4112 74 55 99 87
person 0.3870 375 65 407 134
person 0.3699 109 51 136 80
person 0.1750 194 83 269 131
person 0.1357 373 102 394 139
person 0.0994 149 78 260 132
person 0.0338 100 64 137 115
person 0.0266 484 38 495 291
person 0.0213 26 76 54 97
pottedplant 0.0299 2 61 39 91
pottedplant 0.0222 409 70 438 133
pottedplant 0.0212 74 55 99 87
sheep 0.0227 371 96 397 139
sofa 0.0264 412 68 441 131
train 0.0262 372 81 405 139
tvmonitor 0.0313 0 62 35 90
