aeroplane 0.0515 0 0 495 465
bicycle 0.1054 0 0 495 465
bird 0.0428 0 445 34 467
boat 0.1195 0 0 495 465
bottle 0.2238 0 0 495 465
bottle 0.0887 6 446 43 467
bus 0.0659 0 0 495 465
car 0.3164 0 0 495 465
cat 0.7480 337 38 493 171
cat 0.0789 0 0 495 465
cat 0.0458 0 445 34 467
chair 0.1469 0 0 495 465
chair 0.0476 332 36 492 166
diningtable 0.2771 0 0 495 465
dog 0.0672 332 38 492 170
dog 0.0605 6 446 43 467
motorbike 0.1428 0 0 495 465
person 0.0908 0 445 34 467
person 0.0836 0 0 495 465
pottedplant 0.1547 0 0 495 465
sheep 0.0634 0 0 495 465
sofa 0.0868 0 0 495 465
train 0.0818 0 0 495 465
tvmonitor 0.1505 0 0 495 465
