bird 0.0204 288 128 394 173
chair 0.0228 0 245 495 371
cow 0.3957 10 131 438 269
cow 0.0847 279 153 443 259
cow 0.0310 292 131 398 175
cow 0.0283 189 124 447 253
dog 0.0430 0 131 434 269
dog 0.0344 300 155 444 257
dog 0.0228 292 131 398 175
horse 0.0366 1 129 439 270
horse 0.0309 300 155 444 257
pottedplant 0.0539 219 90 276 134
pottedplant 0.0227 3 -9 492 194
sheep 0.0763 300 155 444 257
sheep 0.0542 10 131 438 269
sheep 0.0403 292 131 398 175
sofa 0.0563 0 239 496 371
train 0.0264 2 128 493 266
