bird 0.0348 0 0 496 371
bird 0.0287 67 -5 216 206
bottle 0.0407 0 0 496 371
cat 0.7125 59 0 491 371
cat 0.0731 54 -2 214 216
cat 0.0660 78 0 206 137
cat 0.0477 3 91 125 367
cat 0.0346 2 0 188 371
chair 0.1146 0 0 496 371
chair 0.0289 364 -2 498 140
diningtable 0.0602 0 0 496 371
dog 0.0956 0 0 496 371
dog 0.0294 67 -5 216 206
person 0.0805 0 0 496 371
person 0.0385 481 -1 498 373
person 0.0335 454 -1 493 373
pottedplant 0.0309 0 0 496 371
sheep 0.0387 0 0 496 371
sofa 0.0858 0 0 496 371
tvmonitor 0.0903 0 0 496 371
