bicycle 0.0229 58 19 202 278
bird 0.0555 350 0 472 73
bird 0.0304 351 -4 495 119
bird 0.0304 74 5 125 61
bird 0.0278 291 45 399 92
bird 0.0225 461 16 495 89
bird 0.0218 58 19 202 278
cat 0.0949 15 128 487 295
cat 0.0332 77 6 136 60
cat 0.0251 346 0 461 72
cow 0.0375 61 27 199 232
cow 0.0265 53 4 254 292
dog 0.0313 75 5 131 61
dog 0.0289 48 137 510 296
dog 0.0253 61 27 199 232
horse 0.3090 60 20 200 234
horse 0.0229 42 1 312 295
motorbike 0.0242 58 19 202 278
person 0.0496 58 19 202 278
person 0.0344 148 73 254 224
person 0.0310 42 1 312 295
pottedplant 0.0245 346 0 461 72
sheep 0.0386 75 5 131 61
sheep 0.0227 18 122 492 296
