aeroplane 0.0545 342 261 380 281
aeroplane 0.0346 475 214 497 292
bicycle 0.0476 346 261 382 281
bicycle 0.0290 476 225 496 312
bird 0.0299 352 262 383 280
boat 0.0402 168 95 226 297
boat 0.0385 346 261 382 281
bottle 0.7556 168 95 226 297
bottle 0.0725 229 134 282 289
bottle 0.0415 272 197 300 278
bottle 0.0319 285 132 350 275
bottle 0.0290 352 262 383 280
car 0.1671 346 261 382 281
car 0.0401 489 214 497 297
car 0.0363 491 231 495 322
car 0.0333 491 202 495 289
car 0.0333 168 95 226 297
car 0.0315 475 321 496 331
chair 0.0779 280 133 348 279
chair 0.0443 267 199 299 281
chair 0.0390 234 147 283 291
chair 0.0345 391 137 455 286
chair 0.0315 265 137 315 291
chair 0.0287 246 187 296 283
diningtable 0.0491 -5 252 446 322
diningtable 0.0295 233 149 278 289
horse 0.0286 346 261 382 281
motorbike 0.1143 346 261 382 281
motorbike 0.0383 168 95 226 297
person 0.0707 352 262 383 280
person 0.0570 489 220 496 302
person 0.0496 233 141 285 292
person 0.0437 163 94 223 298
person 0.0401 491 231 495 322
person 0.0354 491 192 495 289
person 0.0299 344 202 362 273
person 0.0286 267 199 299 281
pottedplant 0.0842 391 137 455 291
pottedplant 0.0592 352 262 383 280
pottedplant 0.0527 344 197 362 273
pottedplant 0.0517 170 95 229 296
pottedplant 0.0424 476 202 496 289
pottedplant 0.0349 489 220 496 302
pottedplant 0.0340 2 222 48 321
pottedplant 0.0304 351 199 386 281
pottedplant 0.0299 0 252 19 316
sheep 0.0457 168 95 226 297
sheep 0.0317 346 261 382 281
tvmonitor 0.0611 285 132 350 275
tvmonitor 0.0316 266 202 300 283
