aeroplane 0.0364 195 32 246 65
bicycle 0.0327 271 -11 337 452
bird 0.3200 104 49 160 86
bird 0.0665 8 60 154 115
bird 0.0383 198 32 248 65
bird 0.0347 0 137 340 490
bird 0.0320 0 102 13 135
bottle 0.1534 275 -11 338 451
cat 0.5225 3 138 287 489
cat 0.0349 110 50 164 85
cat 0.0321 271 -11 337 452
chair 0.0542 -1 131 341 489
chair 0.0377 274 33 338 486
diningtable 0.0342 -1 12 341 483
dog 0.0747 0 137 340 490
person 0.0631 271 -11 337 452
person 0.0529 -1 131 341 489
pottedplant 0.0497 275 -11 338 451
pottedplant 0.0369 0 102 13 135
pottedplant 0.0340 104 49 160 86
sofa 0.0547 -1 131 341 489
