aeroplane 0.7978 2 75 493 253
aeroplane 0.4509 3 195 93 231
aeroplane 0.0771 -2 199 45 227
aeroplane 0.0768 0 205 27 227
aeroplane 0.0372 0 179 17 222
aeroplane 0.0226 105 129 132 168
aeroplane 0.0210 392 200 486 248
aeroplane 0.0209 409 219 468 244
aeroplane 0.0206 2 223 15 262
boat 0.0213 1 192 88 230
boat 0.0206 1 71 494 252
car 0.0322 490 223 496 245
car 0.0283 492 227 495 252
car 0.0239 0 205 5 232
car 0.0237 428 230 457 243
car 0.0224 491 210 496 237
person 0.0247 113 130 132 162
pottedplant 0.0207 2 75 493 253
