aeroplane 0.0308 131 101 166 121
aeroplane 0.0240 196 135 306 196
bicycle 0.5488 46 127 291 289
bicycle 0.0696 205 180 291 284
bicycle 0.0287 196 132 311 198
bird 0.0394 211 135 313 196
bird 0.0254 251 138 307 191
boat 0.0503 131 101 166 121
boat 0.0239 196 135 301 196
bottle 0.0316 211 131 314 192
bottle 0.0281 45 124 292 285
car 0.0345 196 135 306 196
cat 0.0219 197 137 305 201
chair 0.0770 203 149 300 267
chair 0.0459 197 137 310 208
chair 0.0302 44 133 276 284
chair 0.0228 265 198 293 250
diningtable 0.0583 196 132 311 198
diningtable 0.0371 203 149 300 267
motorbike 0.0241 199 133 315 198
motorbike 0.0235 45 124 292 285
person 0.0437 199 133 315 198
person 0.0335 241 137 306 193
person 0.0224 207 145 306 256
pottedplant 0.3895 196 135 306 196
pottedplant 0.0626 208 155 300 269
pottedplant 0.0318 204 131 241 168
pottedplant 0.0286 205 127 229 157
pottedplant 0.0231 249 172 298 252
pottedplant 0.0217 264 182 295 242
sofa 0.0215 197 136 310 202
tvmonitor 0.0338 197 137 305 201
tvmonitor 0.0230 241 135 306 189
