bicycle 0.2964 215 5 310 61
bicycle 0.1828 218 11 253 55
bicycle 0.1358 264 12 317 65
bicycle 0.0635 0 98 35 296
bicycle 0.0408 113 186 211 355
bottle 0.0559 214 6 305 60
bottle 0.0507 459 332 496 372
car 0.0622 281 1 308 19
car 0.0469 453 327 495 371
cat 0.0474 235 68 283 104
chair 0.8097 292 189 391 358
chair 0.8029 112 190 212 357
chair 0.7181 392 162 501 321
chair 0.5766 -4 163 94 320
chair 0.2100 168 152 225 277
chair 0.1986 165 153 220 200
chair 0.1789 188 163 291 313
chair 0.1419 266 162 322 302
chair 0.0956 225 155 309 298
chair 0.0869 273 150 331 203
chair 0.0629 458 338 497 372
chair 0.0459 0 101 43 299
chair 0.0439 2 165 8 317
chair 0.0403 228 159 259 206
diningtable 0.3720 157 179 354 320
diningtable 0.3114 88 177 423 357
diningtable 0.1068 116 183 214 352
diningtable 0.0890 284 186 385 356
diningtable 0.0427 277 175 467 360
dog 0.0667 395 243 459 322
motorbike 0.1801 216 3 309 58
motorbike 0.0772 219 6 260 54
motorbike 0.0768 266 3 315 57
person 0.0892 274 0 314 48
person 0.0782 279 1 310 24
person 0.0736 224 0 309 49
person 0.0500 459 310 496 371
person 0.0498 227 2 244 23
person 0.0489 243 0 290 25
person 0.0448 235 1 268 25
pottedplant 0.3088 268 127 303 150
pottedplant 0.2482 301 105 342 154
pottedplant 0.0725 234 64 284 102
pottedplant 0.0648 266 124 346 200
pottedplant 0.0547 459 310 496 371
pottedplant 0.0494 3 56 47 274
pottedplant 0.0406 216 3 309 58
pottedplant 0.0403 177 121 209 162
sofa 0.0548 392 162 501 321
sofa 0.0543 -5 162 101 320
sofa 0.0401 165 153 220 200
