bird 0.1002 9 239 56 273
bottle 0.0646 302 280 342 343
bottle 0.0599 468 111 495 207
bottle 0.0337 13 1 161 264
cat 0.0670 9 239 56 273
cat 0.0414 13 1 161 264
chair 0.6034 54 250 208 372
chair 0.3266 302 233 482 372
chair 0.1557 372 105 490 231
chair 0.1395 -1 120 145 251
chair 0.0992 0 12 158 277
chair 0.0692 383 220 494 374
chair 0.0643 31 233 97 266
chair 0.0492 84 245 114 314
chair 0.0480 10 242 485 375
chair 0.0444 441 1 491 30
chair 0.0435 302 284 349 351
chair 0.0408 378 1 468 30
chair 0.0379 380 91 498 338
chair 0.0363 4 91 45 280
chair 0.0350 42 16 453 355
chair 0.0327 445 222 494 372
diningtable 0.0764 6 1 161 270
diningtable 0.0697 10 242 485 375
dog 0.0462 9 239 56 273
person 0.0703 426 184 490 292
person 0.0539 381 105 497 342
person 0.0527 16 239 64 272
person 0.0467 10 7 164 276
person 0.0458 302 280 342 343
person 0.0358 9 238 486 373
person 0.0355 305 274 369 349
person 0.0341 280 223 473 370
pottedplant 0.1731 13 0 160 255
pottedplant 0.0604 26 5 148 131
pottedplant 0.0562 9 239 56 273
pottedplant 0.0445 123 2 379 111
pottedplant 0.0420 291 -3 399 94
pottedplant 0.0339 31 233 97 266
sheep 0.0339 9 239 56 273
sofa 0.2175 296 228 481 372
sofa 0.1878 5 247 435 370
sofa 0.1252 59 250 209 373
sofa 0.0783 375 106 494 230
sofa 0.0770 -1 120 145 251
sofa 0.0465 1 7 158 276
sofa 0.0395 31 233 97 266
tvmonitor 0.1277 303 279 348 344
tvmonitor 0.0853 36 229 99 265
tvmonitor 0.0393 13 1 161 264
