aeroplane 0.0239 483 42 495 82
boat 0.0412 483 42 495 82
boat 0.0236 387 23 413 73
boat 0.0206 491 34 495 144
bottle 0.1533 343 161 363 204
bottle 0.1054 309 156 335 208
bottle 0.0683 393 13 437 75
bottle 0.0609 387 23 413 73
bottle 0.0520 483 42 495 82
bottle 0.0467 282 159 299 217
bottle 0.0378 293 208 350 251
bottle 0.0278 278 149 310 251
bus 0.0838 483 42 495 82
bus 0.0606 393 12 437 71
bus 0.0419 490 35 496 131
bus 0.0231 381 18 403 66
car 0.1157 483 42 495 82
car 0.0516 490 35 496 131
car 0.0447 393 12 437 71
car 0.0296 387 19 421 75
car 0.0283 293 211 350 253
car 0.0210 491 1 495 83
cat 0.0465 393 12 437 71
cat 0.0265 157 90 276 274
chair 0.0683 393 13 437 75
chair 0.0617 18 0 78 79
chair 0.0560 95 2 142 47
chair 0.0538 113 3 155 45
chair 0.0482 482 44 496 86
chair 0.0360 2 5 63 119
chair 0.0326 490 35 496 131
chair 0.0241 152 63 280 267
chair 0.0233 492 55 495 164
chair 0.0222 49 0 110 49
diningtable 0.0305 393 13 437 75
dog 0.8245 156 89 277 270
dog 0.0340 393 12 437 71
person 0.5383 393 12 437 71
person 0.0574 483 42 495 82
person 0.0419 490 35 496 131
person 0.0343 156 89 277 270
person 0.0272 343 161 363 204
person 0.0232 477 -3 494 76
person 0.0232 490 -3 496 76
person 0.0214 282 158 299 207
person 0.0205 491 12 496 266
pottedplant 0.0386 393 13 437 75
pottedplant 0.0347 483 42 495 82
sofa 0.0542 393 12 437 71
sofa 0.0362 160 94 273 275
sofa 0.0239 137 86 349 279
sofa 0.0233 482 44 496 86
train 0.0505 483 42 495 82
train 0.0238 376 19 401 70
train 0.0204 491 35 495 137
tvmonitor 0.0924 479 43 494 81
tvmonitor 0.0900 393 12 437 71
tvmonitor 0.0327 490 35 496 131
tvmonitor 0.0294 293 208 350 251
tvmonitor 0.0269 381 21 403 69
tvmonitor 0.0268 2 9 55 121
tvmonitor 0.0266 398 9 432 46
tvmonitor 0.0239 392 0 439 13
tvmonitor 0.0217 13 -1 75 80
tvmonitor 0.0208 366 16 403 74
