aeroplane 0.0810 265 129 315 154
aeroplane 0.0511 1 160 17 176
aeroplane 0.0391 177 126 247 151
aeroplane 0.0385 27 132 69 163
aeroplane 0.0339 454 131 470 152
bird 0.2118 27 132 69 163
bird 0.0662 265 129 308 153
boat 0.6222 359 144 494 244
boat 0.3408 120 142 265 211
boat 0.2778 -3 139 162 220
boat 0.2257 237 163 336 208
boat 0.2146 266 182 384 242
boat 0.1681 240 170 364 229
boat 0.1227 30 136 246 193
boat 0.1193 13 186 154 220
boat 0.1158 237 127 352 191
boat 0.1115 259 127 337 161
boat 0.1059 454 131 470 152
boat 0.0986 274 133 408 174
boat 0.0962 171 129 253 159
boat 0.0805 9 132 165 186
boat 0.0796 89 133 359 203
boat 0.0683 320 132 425 162
boat 0.0603 244 146 407 219
boat 0.0588 252 165 493 247
boat 0.0570 112 122 382 172
boat 0.0493 385 127 461 156
boat 0.0443 174 129 352 165
boat 0.0379 2 160 23 176
boat 0.0366 5 160 36 176
boat 0.0364 4 167 264 221
boat 0.0357 30 133 74 167
boat 0.0340 -1 163 59 220
person 0.0597 27 132 69 163
person 0.0557 459 131 473 152
person 0.0451 263 130 302 153
pottedplant 0.0338 454 131 470 152
