bird 0.0375 130 1 231 47
bird 0.0311 168 1 303 47
bird 0.0256 0 250 89 338
bottle 0.0590 278 0 318 31
bottle 0.0409 190 0 296 44
bottle 0.0329 223 -1 311 34
car 0.0281 303 -1 386 21
cat 0.0656 130 1 231 47
cat 0.0337 190 0 296 44
cat 0.0317 278 0 318 31
cat 0.0242 27 -1 249 51
chair 0.0508 -2 0 499 371
chair 0.0258 460 0 496 32
chair 0.0255 298 -1 392 26
chair 0.0251 406 2 494 40
dog 0.8161 -5 68 345 373
dog 0.0339 130 1 231 47
dog 0.0321 278 0 318 31
dog 0.0286 193 0 301 44
dog 0.0277 0 250 89 338
person 0.0671 468 0 496 32
person 0.0604 -2 0 499 371
person 0.0597 397 1 488 42
person 0.0510 278 0 318 31
person 0.0485 193 0 301 44
person 0.0378 437 0 496 31
person 0.0336 111 0 297 49
person 0.0320 138 1 224 42
person 0.0312 317 -3 498 53
person 0.0258 492 3 495 104
pottedplant 0.0274 190 0 296 44
sheep 0.0253 282 0 322 31
sheep 0.0246 -1 251 98 342
sofa 0.1018 -2 0 499 371
