aeroplane 0.0313 262 59 310 90
aeroplane 0.0284 0 119 10 146
bicycle 0.0256 366 91 378 116
boat 0.0527 0 119 10 146
boat 0.0338 262 59 310 90
boat 0.0319 0 83 10 148
bottle 0.0509 0 119 10 146
bottle 0.0314 366 91 378 116
bottle 0.0270 32 41 56 72
bus 0.8250 9 83 127 211
bus 0.8039 177 80 341 261
bus 0.1513 0 112 10 142
bus 0.1446 262 59 310 90
bus 0.0651 0 83 10 148
bus 0.0463 22 125 35 140
bus 0.0378 22 118 35 136
bus 0.0323 13 125 28 140
bus 0.0316 4 112 6 188
bus 0.0300 294 166 310 193
bus 0.0262 31 120 42 134
bus 0.0254 40 121 48 133
bus 0.0253 20 108 37 134
bus 0.0241 279 149 302 193
car 0.2618 262 61 311 93
car 0.1438 0 115 6 144
car 0.0384 175 77 342 259
car 0.0319 11 80 130 210
car 0.0287 40 121 48 133
car 0.0277 116 87 129 102
car 0.0265 22 125 35 140
car 0.0249 27 40 54 68
car 0.0245 343 86 362 109
chair 0.0305 0 197 50 367
chair 0.0302 0 121 6 150
chair 0.0271 2 148 9 346
chair 0.0255 0 175 19 366
chair 0.0245 -2 339 20 371
cow 0.0283 0 121 6 150
horse 0.0252 0 121 6 150
motorbike 0.0316 261 73 280 92
motorbike 0.0270 0 121 6 150
person 0.0929 0 123 10 148
person 0.0917 32 41 56 72
person 0.0698 40 123 48 136
person 0.0621 171 80 333 261
person 0.0579 8 81 127 209
person 0.0561 290 155 306 186
person 0.0541 366 91 378 116
person 0.0493 260 71 274 89
person 0.0442 86 110 97 126
person 0.0374 3 98 1 214
person 0.0374 259 64 299 90
person 0.0368 0 96 5 146
person 0.0358 291 149 305 169
person 0.0358 350 92 364 114
person 0.0301 10 123 23 142
person 0.0289 2 94 2 230
person 0.0261 318 169 333 191
person 0.0255 326 167 340 192
pottedplant 0.0346 0 119 10 146
pottedplant 0.0293 0 33 18 86
pottedplant 0.0290 32 41 56 72
pottedplant 0.0252 21 43 45 76
train 0.0941 262 59 310 90
train 0.0576 0 116 11 144
train 0.0367 178 80 346 262
train 0.0273 12 83 130 212
tvmonitor 0.0610 0 116 11 144
tvmonitor 0.0293 175 77 342 259
tvmonitor 0.0278 336 138 494 362
