bottle 0.0435 -2 92 22 150
bottle 0.0410 45 16 120 84
bus 0.0376 42 16 118 80
cat 0.0609 416 109 493 355
chair 0.0673 0 3 495 369
chair 0.0528 423 109 494 204
chair 0.0476 415 114 494 362
chair 0.0384 330 285 492 373
dog 0.0617 0 146 95 271
dog 0.0516 415 114 494 362
person 0.5144 182 12 493 371
person 0.4023 41 98 87 162
person 0.3187 6 46 278 372
person 0.2482 0 95 26 153
person 0.2441 0 147 89 271
person 0.1355 1 106 32 177
person 0.0845 -1 104 75 197
person 0.0816 421 110 495 360
person 0.0796 -1 108 20 246
person 0.0707 0 109 49 232
person 0.0500 42 16 118 80
person 0.0491 1 161 17 286
person 0.0430 0 144 495 373
sofa 0.1163 0 3 495 369
tvmonitor 0.4873 42 16 118 80
tvmonitor 0.0486 4 11 46 102
