bird 0.0291 140 53 183 101
bird 0.0282 328 0 424 78
boat 0.0261 236 2 274 6
bus 0.0228 -5 0 142 9
bus 0.0213 -14 0 150 20
car 0.0462 236 2 274 6
car 0.0320 -14 0 150 20
car 0.0274 240 2 317 6
car 0.0269 476 1 495 7
car 0.0253 9 0 181 8
car 0.0244 465 1 491 7
car 0.0236 57 1 195 6
car 0.0221 442 1 490 7
car 0.0218 488 0 498 8
car 0.0215 -6 1 40 7
car 0.0213 -12 1 110 7
car 0.0201 204 3 260 5
cat 0.0233 140 53 183 101
chair 0.0345 29 4 466 367
chair 0.0250 128 56 281 192
chair 0.0220 230 2 272 6
cow 0.0206 476 1 495 7
dog 0.7651 146 57 404 338
dog 0.0259 126 55 283 176
dog 0.0251 140 53 183 101
dog 0.0239 328 0 424 78
person 0.5735 328 0 424 78
person 0.0361 29 4 466 367
person 0.0234 228 2 267 6
person 0.0226 137 53 287 195
person 0.0222 483 0 496 8
person 0.0215 470 1 493 8
pottedplant 0.0267 236 2 274 6
sheep 0.0256 142 52 188 102
sheep 0.0205 230 2 272 6
sofa 0.0968 29 4 466 367
sofa 0.0298 148 58 408 336
tvmonitor 0.0265 -8 0 152 14
