bird 0.0510 341 0 497 332
cat 0.5726 -4 3 414 271
cat 0.0510 335 0 496 331
cat 0.0486 155 8 410 219
cat 0.0484 104 0 516 333
chair 0.0996 7 0 488 331
cow 0.0887 349 0 497 331
cow 0.0467 436 0 496 331
diningtable 0.0655 7 0 488 331
dog 0.0937 349 0 497 331
dog 0.0461 7 0 488 331
dog 0.0439 0 2 49 330
horse 0.0682 364 0 497 332
horse 0.0395 436 0 496 331
person 0.0765 7 0 488 331
person 0.0732 341 0 497 332
person 0.0505 465 0 498 331
person 0.0415 2 1 40 330
sheep 0.0631 335 0 496 331
sofa 0.0725 7 0 488 331
tvmonitor 0.0727 7 0 488 331
