bird 0.0359 483 46 496 96
boat 0.0359 490 42 496 95
car 0.0575 490 42 496 95
cat 0.1704 176 72 483 345
cat 0.0508 -4 5 54 366
cat 0.0425 319 0 496 371
cat 0.0353 24 27 229 286
cow 0.0646 -4 5 54 366
cow 0.0435 490 42 496 95
dog 0.0757 -4 5 54 366
horse 0.0539 -4 5 54 366
person 0.0477 490 47 495 96
person 0.0420 -4 5 54 366
person 0.0373 455 -1 492 373
person 0.0348 491 40 495 137
sheep 0.3760 25 30 235 288
sheep 0.1034 140 79 464 333
sheep 0.0564 17 -1 392 315
sheep 0.0518 490 42 496 95
sheep 0.0515 -4 5 54 366
