aeroplane 0.4922 79 145 494 299
aeroplane 0.1812 31 181 89 200
aeroplane 0.1567 0 181 41 200
aeroplane 0.1482 0 161 42 194
aeroplane 0.1268 8 182 64 200
aeroplane 0.0551 117 222 133 232
aeroplane 0.0484 103 185 227 206
aeroplane 0.0344 36 226 52 238
aeroplane 0.0271 257 145 495 273
bicycle 0.0336 36 226 52 238
bicycle 0.0293 114 221 131 233
bird 0.0595 114 221 131 233
bird 0.0282 36 226 52 238
boat 0.1247 36 226 52 238
boat 0.0921 114 221 131 233
boat 0.0477 -1 188 28 203
boat 0.0471 0 181 41 200
boat 0.0415 0 237 12 270
boat 0.0391 98 192 154 204
boat 0.0358 -1 174 28 197
boat 0.0358 5 188 51 203
boat 0.0355 0 159 12 191
boat 0.0350 0 158 27 192
boat 0.0346 31 181 89 200
boat 0.0341 1 165 40 196
boat 0.0326 1 188 9 287
boat 0.0323 70 244 89 257
boat 0.0312 41 187 94 205
boat 0.0302 81 185 140 201
boat 0.0287 -1 175 13 196
boat 0.0282 98 190 217 206
boat 0.0279 70 196 105 211
boat 0.0277 79 192 127 205
bottle 0.0505 36 226 52 238
bottle 0.0349 114 221 131 233
bus 0.0399 0 240 19 271
bus 0.0380 36 226 52 238
bus 0.0357 0 223 11 273
bus 0.0289 114 221 131 233
bus 0.0275 0 238 19 321
car 0.1102 0 240 19 271
car 0.1015 -2 185 29 201
car 0.0841 36 226 52 238
car 0.0827 114 221 131 233
car 0.0579 70 244 89 257
car 0.0555 0 237 18 306
car 0.0481 9 185 63 201
car 0.0352 33 185 86 202
car 0.0317 0 204 11 281
car 0.0288 96 192 148 204
chair 0.0384 0 243 18 278
chair 0.0277 41 227 55 237
cow 0.0447 117 222 133 232
dog 0.0305 114 221 131 233
horse 0.0359 114 221 131 233
motorbike 0.0342 114 224 131 234
motorbike 0.0277 36 226 52 238
person 0.0761 114 221 131 233
person 0.0742 36 226 52 238
person 0.0278 493 175 493 222
person 0.0277 492 173 494 213
pottedplant 0.0636 36 226 52 238
pottedplant 0.0509 114 221 131 233
sheep 0.0567 114 221 131 233
sheep 0.0326 36 226 52 238
train 0.0514 -1 243 19 274
train 0.0491 0 238 19 321
train 0.0297 36 226 52 238
train 0.0296 117 222 133 232
tvmonitor 0.0349 0 237 12 270
