boat 0.0289 25 0 462 298
boat 0.0260 353 98 385 204
bottle 0.5765 353 98 390 204
bottle 0.0252 3 0 460 298
car 0.0233 3 0 421 298
cat 0.0327 -3 0 460 298
chair 0.0660 3 0 421 298
diningtable 0.0392 3 0 421 298
diningtable 0.0218 354 101 390 205
motorbike 0.0215 353 98 390 204
person 0.0386 5 0 427 298
person 0.0353 353 98 390 204
pottedplant 0.0369 -3 0 460 298
pottedplant 0.0352 354 101 390 205
sheep 0.0200 353 98 385 204
sofa 0.0429 3 0 421 298
train 0.0207 -11 0 452 297
tvmonitor 0.0884 3 0 421 298
