aeroplane 0.0294 0 191 12 232
boat 0.0272 0 193 12 237
boat 0.0203 0 186 10 221
bus 0.0264 425 114 498 210
bus 0.0208 0 191 12 232
car 0.0433 425 114 498 210
car 0.0361 0 191 12 232
car 0.0267 0 204 10 249
car 0.0234 90 99 139 136
car 0.0218 17 33 431 361
chair 0.0484 0 191 12 232
chair 0.0214 411 109 498 332
chair 0.0201 86 100 136 136
motorbike 0.7272 47 63 432 361
motorbike 0.0721 24 104 220 337
motorbike 0.0267 101 11 456 266
motorbike 0.0207 44 78 264 264
person 0.0276 0 184 5 233
person 0.0255 76 28 441 367
person 0.0200 0 197 4 255
train 0.0221 0 192 18 238
tvmonitor 0.0244 425 114 498 210
tvmonitor 0.0227 0 191 12 232
