aeroplane 0.0473 56 48 439 370
bird 0.0360 170 0 199 13
boat 0.0677 56 48 439 370
boat 0.0514 100 154 387 358
bottle 0.0285 204 301 228 363
car 0.0281 0 7 496 322
chair 0.1519 367 31 495 93
chair 0.0403 0 14 497 322
chair 0.0370 161 126 310 257
chair 0.0294 112 152 266 295
diningtable 0.0472 371 30 498 95
diningtable 0.0455 0 14 497 322
person 0.0354 5 57 232 319
person 0.0342 -2 16 498 303
person 0.0310 171 0 198 8
person 0.0281 225 56 495 257
sofa 0.7188 1 58 229 307
sofa 0.5670 190 56 492 245
sofa 0.1075 -2 22 498 290
sofa 0.0401 367 23 494 90
