aeroplane 0.0771 413 79 487 128
aeroplane 0.0358 1 30 494 264
aeroplane 0.0217 467 73 488 92
bicycle 0.0208 0 52 496 301
boat 0.0654 1 30 494 264
boat 0.0581 413 85 487 133
boat 0.0208 416 73 485 111
bottle 0.0538 410 257 437 283
bus 0.0592 1 30 494 264
bus 0.0413 413 85 487 133
car 0.0725 412 82 488 130
car 0.0557 206 50 234 63
car 0.0306 0 41 495 265
car 0.0290 467 73 488 92
car 0.0231 410 257 437 283
car 0.0210 416 73 485 111
chair 0.0227 412 82 488 130
cow 0.0259 3 41 304 248
diningtable 0.0208 0 244 496 372
person 0.0227 462 76 486 101
person 0.0209 427 83 489 130
pottedplant 0.0403 410 257 437 283
train 0.6563 3 51 297 255
train 0.2135 41 29 517 260
train 0.0392 420 85 488 133
