aeroplane 0.1164 432 121 500 187
aeroplane 0.0465 392 124 493 195
aeroplane 0.0449 484 167 495 198
aeroplane 0.0368 175 57 242 174
aeroplane 0.0314 0 118 50 190
aeroplane 0.0254 491 171 495 220
aeroplane 0.0241 418 163 436 192
bicycle 0.8025 110 111 416 322
bicycle 0.0277 491 171 495 210
bird 0.0233 0 3 17 19
boat 0.0955 171 55 238 180
boat 0.0332 1 164 41 196
boat 0.0324 491 171 495 206
boat 0.0320 446 127 501 191
boat 0.0317 0 121 50 193
boat 0.0237 489 141 498 194
boat 0.0235 59 149 100 185
bottle 0.0587 117 98 425 320
bus 0.0376 1 167 25 194
bus 0.0320 490 169 496 202
bus 0.0273 71 146 111 183
bus 0.0264 -1 152 43 198
bus 0.0264 81 154 124 180
bus 0.0236 106 151 139 178
bus 0.0232 0 175 11 196
car 0.0618 490 169 496 202
car 0.0506 0 169 41 197
car 0.0413 69 155 105 184
car 0.0404 81 154 124 180
car 0.0354 489 149 497 196
car 0.0350 490 167 496 240
car 0.0317 419 167 435 193
car 0.0307 99 151 138 179
car 0.0301 34 167 78 193
car 0.0284 56 164 95 197
chair 0.0410 491 171 495 210
chair 0.0250 120 88 428 314
horse 0.0235 491 171 495 206
motorbike 0.0312 118 92 423 315
motorbike 0.0245 491 171 495 210
person 0.0743 491 171 495 206
person 0.0536 419 167 435 193
person 0.0249 114 156 138 178
person 0.0242 0 3 17 19
person 0.0237 487 128 499 185
person 0.0231 0 0 5 32
pottedplant 0.0305 491 171 495 210
pottedplant 0.0248 1 2 17 15
pottedplant 0.0241 117 98 425 320
pottedplant 0.0234 491 165 495 284
pottedplant 0.0232 175 57 242 174
train 0.0237 79 148 127 181
train 0.0232 106 151 139 178
