aeroplane 0.0213 178 204 231 231
bus 0.0303 178 204 231 231
bus 0.0297 156 244 370 349
bus 0.0222 139 202 223 232
car 0.8842 156 244 370 349
car 0.3722 169 203 232 232
car 0.1163 115 194 200 229
car 0.0843 284 253 359 288
car 0.0200 226 3 284 5
chair 0.0265 3 284 131 373
motorbike 0.0297 125 199 213 231
motorbike 0.0205 178 204 231 231
person 0.6216 0 186 128 372
person 0.0295 1 39 9 332
person 0.0287 3 30 8 247
person 0.0270 2 10 39 361
person 0.0244 0 173 19 368
person 0.0244 3 139 7 326
person 0.0226 0 189 5 352
person 0.0206 1 35 2 195
tvmonitor 0.0334 23 16 472 156
tvmonitor 0.0262 1 23 17 348
tvmonitor 0.0241 2 38 9 187
tvmonitor 0.0226 0 27 18 185
tvmonitor 0.0211 368 0 501 372
