bicycle 0.0611 82 0 194 60
bicycle 0.0552 293 7 444 125
bottle 0.0763 37 3 74 51
bottle 0.0598 1 1 33 68
bottle 0.0545 9 3 71 56
car 0.0551 5 4 224 180
chair 0.1010 94 0 237 65
chair 0.0638 109 1 300 94
chair 0.0544 0 0 49 64
motorbike 0.9338 1 0 494 332
motorbike 0.1766 301 3 436 113
motorbike 0.0891 361 10 438 106
motorbike 0.0695 334 1 418 68
motorbike 0.0665 321 1 392 52
motorbike 0.0662 380 1 428 53
motorbike 0.0654 65 0 148 54
motorbike 0.0590 198 5 445 158
person 0.3545 416 0 492 158
person 0.1988 0 0 34 64
person 0.1520 214 0 296 100
person 0.1401 294 3 318 60
person 0.1004 347 0 398 29
person 0.0870 325 2 357 26
person 0.0683 251 2 299 62
person 0.0587 206 -1 265 25
person 0.0576 309 2 334 20
person 0.0539 31 6 73 53
pottedplant 0.0551 0 -2 35 57
