bicycle 0.0320 5 0 130 371
bird 0.1442 3 0 116 90
bird 0.0563 298 262 493 372
bird 0.0309 0 4 26 51
boat 0.0297 5 0 146 372
bottle 0.0516 8 0 158 371
cat 0.3490 298 257 494 372
cat 0.0636 1 0 118 74
cat 0.0284 53 3 285 121
chair 0.0291 298 257 494 372
cow 0.0890 2 -1 118 80
cow 0.0462 298 257 494 372
cow 0.0436 116 0 379 372
cow 0.0365 0 4 34 50
dog 0.1461 298 262 493 372
dog 0.1043 2 -1 118 80
dog 0.0382 0 4 34 50
horse 0.0689 3 0 116 90
horse 0.0279 298 257 494 372
person 0.0311 0 4 26 51
sheep 0.8209 115 17 380 372
sheep 0.3766 3 -1 117 86
sheep 0.2082 298 257 494 372
sheep 0.0545 -14 0 260 85
sheep 0.0512 0 4 34 50
sheep 0.0415 6 0 137 372
