aeroplane 0.0559 16 125 42 151
aeroplane 0.0499 66 128 92 147
aeroplane 0.0439 0 140 11 160
bicycle 0.0220 1 145 15 161
bird 0.0230 0 144 11 161
boat 0.0481 0 140 11 160
boat 0.0443 16 125 42 151
boat 0.0317 66 128 92 147
boat 0.0235 441 97 492 145
boat 0.0229 492 117 494 142
boat 0.0218 491 108 495 139
boat 0.0210 0 117 3 160
boat 0.0202 52 144 309 261
bus 0.0767 65 125 93 146
bus 0.0424 16 125 42 151
bus 0.0337 103 132 118 144
bus 0.0328 111 132 126 144
bus 0.0262 51 144 303 260
bus 0.0255 486 113 493 141
bus 0.0234 168 127 186 138
bus 0.0219 0 140 11 160
bus 0.0213 226 137 471 244
car 0.8112 221 135 469 241
car 0.8022 51 144 303 260
car 0.2284 66 128 92 147
car 0.1373 0 144 11 161
car 0.1128 16 125 42 151
car 0.0925 107 132 122 144
car 0.0458 492 117 494 142
car 0.0441 165 130 181 140
car 0.0429 52 131 68 145
car 0.0384 491 108 495 139
car 0.0363 133 132 151 144
car 0.0300 439 127 453 143
car 0.0294 114 149 240 186
car 0.0281 383 120 393 139
car 0.0260 131 142 340 217
car 0.0214 447 111 486 142
car 0.0214 237 145 297 166
car 0.0211 61 149 231 221
car 0.0210 451 122 481 142
chair 0.0349 66 128 92 147
chair 0.0317 0 144 11 161
chair 0.0308 16 129 42 152
chair 0.0227 492 119 494 145
chair 0.0209 492 101 495 140
cow 0.0246 66 128 92 147
horse 0.0233 63 129 89 147
horse 0.0230 0 140 11 160
motorbike 0.0486 66 128 92 147
motorbike 0.0354 1 148 16 163
motorbike 0.0348 1 141 16 159
motorbike 0.0253 16 125 42 151
person 0.0985 66 128 92 147
person 0.0619 382 123 394 142
person 0.0590 20 126 44 150
person 0.0544 103 132 118 144
person 0.0478 230 129 242 141
person 0.0381 1 145 15 161
person 0.0350 492 119 494 145
person 0.0336 0 117 3 160
person 0.0315 0 129 5 159
person 0.0298 48 131 63 145
person 0.0297 439 127 453 143
person 0.0295 2 130 15 153
person 0.0217 198 130 210 140
pottedplant 0.0496 0 144 11 161
pottedplant 0.0453 16 125 42 151
pottedplant 0.0324 66 128 92 147
pottedplant 0.0218 386 120 397 139
sheep 0.0410 0 144 11 161
sofa 0.0245 66 128 92 147
train 0.0357 66 128 92 147
tvmonitor 0.0270 63 125 89 146
tvmonitor 0.0254 16 122 41 149
