aeroplane 0.2831 108 93 387 199
aeroplane 0.1981 2 37 493 293
aeroplane 0.0907 91 89 443 261
aeroplane 0.0864 179 113 355 216
aeroplane 0.0767 228 118 291 170
aeroplane 0.0753 176 97 318 274
aeroplane 0.0749 210 111 324 167
aeroplane 0.0591 247 127 287 181
bicycle 0.0726 108 93 387 199
bird 0.1011 379 320 435 331
bird 0.0651 391 317 479 330
bird 0.0610 247 127 287 181
bird 0.0569 213 116 266 270
boat 0.1099 108 93 387 199
boat 0.0870 258 83 494 319
boat 0.0804 2 37 493 293
boat 0.0592 100 115 458 277
boat 0.0586 218 124 316 200
boat 0.0536 176 97 318 274
bus 0.0574 108 93 387 199
car 0.0784 108 93 387 199
car 0.0766 2 37 493 293
car 0.0666 176 97 318 274
cat 0.0609 380 317 435 330
dog 0.0907 380 317 435 330
motorbike 0.0626 108 93 387 199
person 0.6767 213 116 266 270
person 0.1841 247 127 287 181
person 0.1330 382 320 440 331
person 0.1109 108 93 387 199
person 0.0747 61 78 434 278
sheep 0.0581 376 321 432 331
train 0.0853 108 93 387 199
train 0.0755 66 84 492 287
