aeroplane 0.0407 272 353 308 370
bicycle 0.0454 272 353 308 370
bird 0.1171 122 116 193 202
bird 0.1166 104 92 281 355
bird 0.1161 129 112 225 235
bird 0.0690 361 90 400 134
bird 0.0663 389 22 442 74
bird 0.0611 272 353 308 370
bird 0.0520 331 214 399 333
bird 0.0452 374 34 449 138
bird 0.0378 248 -10 497 341
bird 0.0331 132 86 472 367
bird 0.0327 382 8 487 117
bird 0.0279 372 278 396 316
bird 0.0279 371 292 397 325
bird 0.0277 345 280 391 337
boat 0.0398 272 353 308 370
bottle 0.0323 268 352 305 370
bottle 0.0310 202 357 246 371
car 0.0289 274 358 306 370
cat 0.0346 115 93 286 354
motorbike 0.0293 268 352 305 370
person 0.0816 113 92 280 355
person 0.0530 129 112 225 235
person 0.0481 268 352 305 370
person 0.0444 121 121 193 209
person 0.0293 210 357 261 371
person 0.0277 223 358 279 370
pottedplant 0.1455 119 91 289 356
pottedplant 0.0578 272 353 308 370
pottedplant 0.0518 89 92 445 366
pottedplant 0.0436 364 92 404 138
pottedplant 0.0364 257 -8 496 339
pottedplant 0.0353 4 91 264 368
