aeroplane 0.0412 -1 195 27 402
aeroplane 0.0298 -1 153 26 287
bicycle 0.0637 0 203 26 408
bicycle 0.0564 214 209 274 332
bicycle 0.0280 -1 141 27 315
car 0.0807 211 197 371 361
car 0.0562 -1 195 27 402
car 0.0415 -1 141 27 315
car 0.0351 215 203 284 323
car 0.0292 369 202 371 340
chair 0.0331 214 207 275 326
horse 0.0898 0 191 31 398
motorbike 0.8379 229 198 370 493
motorbike 0.6190 16 164 173 495
motorbike 0.2034 0 191 31 398
motorbike 0.0897 214 205 279 328
motorbike 0.0593 104 217 174 332
motorbike 0.0498 -2 132 28 339
motorbike 0.0492 91 139 169 348
motorbike 0.0480 0 168 78 397
motorbike 0.0455 16 208 121 404
person 0.8055 178 87 257 315
person 0.6415 98 97 173 320
person 0.1282 -1 195 27 402
person 0.0870 134 239 178 326
person 0.0861 -1 141 27 315
person 0.0529 4 107 15 138
person 0.0472 8 108 22 137
person 0.0427 214 205 279 328
person 0.0297 0 125 20 253
person 0.0291 1 269 24 421
pottedplant 0.0491 -1 152 26 272
pottedplant 0.0469 0 129 15 249
pottedplant 0.0301 214 207 275 326
pottedplant 0.0285 -2 132 28 355
