aeroplane 0.0676 0 0 495 330
bicycle 0.0727 0 0 495 330
bird 0.1803 0 5 496 262
bird 0.0495 282 0 322 23
bird 0.0493 272 19 347 76
bird 0.0427 331 0 383 69
boat 0.0710 0 0 495 330
car 0.0476 0 0 495 330
cat 0.0457 0 0 495 330
cat 0.0387 282 0 322 23
chair 0.0576 0 0 495 330
cow 0.1016 281 0 322 27
cow 0.0577 271 8 349 71
cow 0.0420 0 0 495 330
diningtable 0.0475 0 0 495 330
dog 0.0797 279 0 318 23
dog 0.0598 0 0 495 330
dog 0.0478 266 0 299 22
dog 0.0376 271 12 349 72
horse 0.0533 0 0 495 330
horse 0.0482 281 0 322 27
motorbike 0.0652 0 0 495 330
person 0.0626 359 0 417 69
person 0.0607 346 0 391 65
person 0.0602 0 0 495 330
person 0.0502 388 0 451 69
person 0.0381 279 0 318 23
pottedplant 0.0809 0 0 495 330
sheep 0.1189 282 0 322 23
sheep 0.1021 271 12 349 72
sheep 0.0602 0 0 495 330
sheep 0.0521 307 1 375 68
sheep 0.0413 268 0 313 58
sheep 0.0396 290 13 494 264
sofa 0.0508 0 0 495 330
