aeroplane 0.0391 0 205 10 236
bicycle 0.0524 0 213 10 239
boat 0.1020 31 29 393 284
boat 0.0344 0 213 10 239
bottle 0.0372 0 210 11 237
bus 0.7236 310 111 443 237
bus 0.1488 32 32 385 286
bus 0.1434 440 171 461 189
bus 0.1090 449 166 483 193
bus 0.0786 401 161 438 210
bus 0.0710 381 142 441 217
bus 0.0582 0 142 25 241
bus 0.0568 0 150 11 244
bus 0.0456 -2 62 36 244
bus 0.0434 335 152 348 172
bus 0.0398 32 109 197 216
bus 0.0359 1 181 9 237
bus 0.0345 350 148 364 165
bus 0.0298 342 148 355 165
bus 0.0298 0 205 10 236
car 0.1185 0 210 11 237
car 0.1054 439 175 454 195
car 0.0966 429 175 448 196
car 0.0900 447 176 461 195
car 0.0717 32 32 385 286
car 0.0708 408 170 437 212
car 0.0695 399 173 431 221
car 0.0378 382 165 418 217
car 0.0375 492 157 494 202
car 0.0367 358 156 409 227
car 0.0348 305 111 441 241
car 0.0318 461 168 480 228
car 0.0299 339 152 351 171
car 0.0290 346 148 359 164
chair 0.0427 0 213 10 239
chair 0.0323 0 191 6 238
horse 0.0367 0 213 10 239
motorbike 0.0819 0 210 11 237
person 0.5489 460 174 486 242
person 0.3924 365 181 388 243
person 0.1224 0 210 11 237
person 0.1092 339 151 351 168
person 0.0834 386 144 398 163
person 0.0799 440 177 453 199
person 0.0769 459 173 474 210
person 0.0762 491 174 496 238
person 0.0686 310 111 443 237
person 0.0548 405 178 433 222
person 0.0536 376 170 400 219
person 0.0522 383 171 409 217
person 0.0485 481 164 490 219
person 0.0306 370 130 444 223
pottedplant 0.0653 0 213 10 239
pottedplant 0.0383 0 193 10 237
sheep 0.0283 0 213 10 239
train 0.0525 453 157 494 197
train 0.0446 32 32 385 286
train 0.0367 448 173 468 192
train 0.0344 305 111 441 241
train 0.0279 1 159 10 241
tvmonitor 0.0325 35 31 397 287
tvmonitor 0.0280 0 150 11 244
