bottle 0.0421 64 159 167 218
bottle 0.0405 0 451 26 497
cat 0.0400 0 260 120 493
cat 0.0379 21 197 202 493
cat 0.0374 63 371 138 476
chair 0.0529 293 0 328 51
chair 0.0518 304 -1 339 44
chair 0.0507 54 181 184 423
chair 0.0379 318 -1 354 44
dog 0.4019 16 196 200 494
dog 0.0607 0 249 135 488
dog 0.0478 63 371 138 476
person 0.6617 74 56 466 493
person 0.0815 81 163 157 213
person 0.0722 53 179 192 433
person 0.0525 -9 149 299 471
person 0.0426 -1 198 174 493
person 0.0379 238 9 471 424
sofa 0.0658 29 193 201 489
sofa 0.0558 -9 149 299 471
tvmonitor 0.0490 43 6 188 114
tvmonitor 0.0382 64 159 167 218
