aeroplane 0.0717 0 0 496 329
bicycle 0.1015 0 0 496 329
bird 0.2542 0 0 496 329
bird 0.1277 272 181 496 331
bird 0.0789 2 167 297 328
bird 0.0721 2 222 117 331
bird 0.0695 195 292 300 329
cat 0.0930 1 183 298 328
cat 0.0746 0 0 496 329
cat 0.0707 278 184 498 332
chair 0.0619 0 0 496 329
cow 0.1280 0 0 496 329
dog 0.2144 108 0 496 330
dog 0.1603 4 193 288 328
dog 0.1411 195 292 300 329
dog 0.1395 287 185 497 332
dog 0.0686 296 273 394 332
horse 0.2961 0 0 496 329
horse 0.0778 251 0 494 330
motorbike 0.0679 0 0 496 329
person 0.1075 0 0 496 329
sheep 0.1502 277 180 499 331
sheep 0.1174 0 0 496 329
sheep 0.1077 195 292 300 329
sheep 0.0657 300 283 390 332
sheep 0.0618 1 183 290 329
sofa 0.0651 0 0 496 329
