aeroplane 0.2439 416 376 485 393
aeroplane 0.0377 345 374 501 395
aeroplane 0.0228 490 375 496 394
bicycle 0.0245 416 381 485 393
bicycle 0.0206 386 375 484 393
bird 0.8529 9 40 415 399
bird 0.0400 416 376 485 393
boat 0.1445 416 376 485 393
boat 0.0308 307 374 516 395
bus 0.0294 416 376 485 393
car 0.0770 416 381 485 393
car 0.0274 468 382 495 393
car 0.0269 485 389 501 398
car 0.0263 463 390 492 396
car 0.0258 489 382 497 393
car 0.0250 361 391 485 396
pottedplant 0.0358 416 381 485 393
sheep 0.0206 419 385 482 395
train 0.0237 416 381 485 393
