bicycle 0.0220 490 210 496 290
bird 0.0223 161 21 178 39
boat 0.0280 193 45 230 74
boat 0.0246 491 239 495 301
boat 0.0223 272 157 372 237
boat 0.0223 68 63 106 85
bottle 0.0451 484 220 495 292
bottle 0.0275 40 19 55 47
bus 0.8142 41 109 391 274
bus 0.0514 384 184 439 234
bus 0.0481 390 199 432 230
bus 0.0448 429 125 495 251
bus 0.0353 366 133 488 268
bus 0.0320 303 167 364 227
bus 0.0292 442 184 491 245
bus 0.0277 365 197 379 221
bus 0.0274 263 154 372 240
bus 0.0274 353 187 376 219
bus 0.0269 471 187 492 231
bus 0.0253 362 187 382 219
bus 0.0252 490 233 496 296
bus 0.0223 362 188 414 224
bus 0.0221 372 198 388 220
bus 0.0220 484 177 494 229
car 0.0414 491 239 495 301
car 0.0360 1 203 9 227
car 0.0319 478 192 493 238
car 0.0294 492 190 494 245
car 0.0290 386 201 429 228
car 0.0274 490 192 496 284
car 0.0261 0 123 4 166
car 0.0261 491 186 495 267
car 0.0255 0 110 4 150
car 0.0239 1 178 3 222
car 0.0220 438 182 486 247
car 0.0217 477 194 494 282
chair 0.0412 490 229 496 294
chair 0.0367 479 221 494 290
person 0.1550 264 161 285 192
person 0.1527 257 161 276 192
person 0.1452 477 190 494 280
person 0.0854 229 162 243 180
person 0.0748 298 167 329 197
person 0.0733 288 166 316 193
person 0.0415 42 115 390 279
person 0.0397 193 160 215 182
person 0.0390 491 236 495 299
person 0.0293 1 199 3 231
person 0.0256 40 19 55 47
person 0.0247 237 186 297 226
person 0.0230 141 190 166 222
pottedplant 0.0589 192 45 226 74
pottedplant 0.0264 491 239 495 301
pottedplant 0.0248 490 216 496 290
pottedplant 0.0226 70 63 112 85
train 0.0338 429 124 495 247
tvmonitor 0.0295 490 221 496 291
