aeroplane 0.3366 100 166 121 185
aeroplane 0.1627 70 251 89 262
aeroplane 0.0781 277 4 311 16
aeroplane 0.0510 74 285 85 294
aeroplane 0.0349 81 291 94 300
aeroplane 0.0326 73 272 85 283
aeroplane 0.0321 73 265 86 277
aeroplane 0.0259 211 136 262 179
aeroplane 0.0255 100 253 121 266
aeroplane 0.0243 97 246 124 261
aeroplane 0.0239 85 296 105 307
aeroplane 0.0222 101 259 120 272
aeroplane 0.0207 116 169 145 182
aeroplane 0.0207 81 301 117 339
bicycle 0.0231 99 168 121 188
bird 0.5353 216 139 263 181
bird 0.0888 100 166 121 185
bird 0.0871 70 251 89 262
bird 0.0456 277 4 311 16
bird 0.0429 264 7 294 18
bird 0.0336 286 4 333 15
bird 0.0284 77 288 89 297
bird 0.0264 73 281 85 292
boat 0.0482 70 248 88 259
boat 0.0468 100 166 121 185
boat 0.0307 211 136 262 179
cat 0.0539 216 139 263 181
dog 0.0404 211 138 262 182
horse 0.0205 216 139 263 181
person 0.0322 211 136 262 179
pottedplant 0.0419 100 166 121 185
pottedplant 0.0368 216 139 263 181
pottedplant 0.0333 70 251 89 262
pottedplant 0.0327 5 155 490 382
sheep 0.0556 216 139 263 181
