bird 0.0439 443 148 496 187
bird 0.0297 285 173 310 201
bird 0.0293 306 123 415 195
bird 0.0215 177 134 295 210
bird 0.0201 5 145 137 229
boat 0.0314 443 148 496 187
bottle 0.0303 281 173 308 201
car 0.0200 0 207 4 241
cat 0.0312 443 146 497 185
cat 0.0251 178 136 293 212
cat 0.0214 281 170 308 201
cat 0.0200 301 123 413 195
cow 0.1129 443 148 496 187
cow 0.0937 178 136 293 212
cow 0.0725 306 123 415 195
cow 0.0351 -1 159 20 233
cow 0.0340 5 145 137 229
cow 0.0236 285 173 310 201
cow 0.0226 1 160 49 232
dog 0.0520 443 148 496 187
dog 0.0512 306 123 415 195
dog 0.0331 177 134 295 210
dog 0.0267 281 173 308 201
horse 0.0212 443 148 496 187
sheep 0.8155 306 123 415 195
sheep 0.8154 5 145 137 229
sheep 0.8039 178 136 293 212
sheep 0.6884 443 148 496 187
sheep 0.0802 3 165 54 231
sheep 0.0801 0 172 19 233
sheep 0.0588 281 173 308 201
sheep 0.0354 479 147 499 183
sheep 0.0353 -2 121 29 231
sheep 0.0334 0 196 18 239
sheep 0.0322 444 136 495 234
sheep 0.0272 305 143 369 192
sheep 0.0265 16 187 88 235
sheep 0.0210 320 161 354 191
