bird 0.0390 152 2 202 41
bird 0.0361 299 2 352 47
bird 0.0317 196 -1 268 40
bottle 0.0416 177 135 255 209
bottle 0.0320 145 107 318 248
bottle 0.0304 351 0 503 330
cat 0.0621 175 134 250 206
cat 0.0348 106 130 271 329
chair 0.0686 110 68 322 319
chair 0.0631 177 135 255 209
chair 0.0520 154 118 278 247
diningtable 0.0348 117 74 315 302
diningtable 0.0313 164 121 283 233
dog 0.2858 177 133 255 207
dog 0.2187 110 127 298 327
person 0.3110 134 63 344 329
person 0.0936 177 135 255 209
person 0.0459 160 86 319 244
person 0.0344 100 124 262 330
sheep 0.0394 299 2 352 47
sheep 0.0350 275 -1 345 40
sheep 0.0320 195 -2 268 31
sheep 0.0307 223 0 287 39
sofa 0.1149 102 83 331 329
sofa 0.0473 177 135 255 209
