bicycle 0.0423 246 225 265 269
bicycle 0.0346 295 203 496 303
boat 0.0959 168 296 459 367
boat 0.0578 178 306 371 352
boat 0.0524 349 295 427 333
bottle 0.0669 349 295 427 333
bottle 0.0529 246 225 265 269
bottle 0.0339 285 111 311 177
bus 0.0366 13 36 153 241
car 0.0629 349 295 427 333
cat 0.0627 195 87 299 174
cat 0.0349 349 295 427 333
chair 0.3051 399 208 495 292
chair 0.0983 469 211 494 277
chair 0.0651 296 208 495 309
chair 0.0465 352 295 431 333
chair 0.0426 397 217 496 370
chair 0.0420 93 316 238 371
chair 0.0409 476 209 496 314
chair 0.0388 155 145 199 279
chair 0.0342 46 156 73 243
diningtable 0.0592 295 203 496 303
diningtable 0.0375 352 295 431 333
diningtable 0.0374 168 298 483 371
person 0.1872 43 143 69 234
person 0.0475 155 142 199 252
person 0.0345 246 225 265 269
pottedplant 0.4359 294 205 427 312
pottedplant 0.1749 155 147 198 288
pottedplant 0.1729 155 133 200 173
pottedplant 0.0736 349 295 427 333
pottedplant 0.0653 285 107 311 176
sofa 0.0836 398 210 495 295
sofa 0.0338 196 89 304 176
sofa 0.0331 475 210 496 272
tvmonitor 0.7908 196 89 298 176
tvmonitor 0.0697 12 37 154 229
tvmonitor 0.0652 349 295 427 333
tvmonitor 0.0379 163 265 269 306
tvmonitor 0.0378 64 317 212 371
