bicycle 0.0439 169 95 240 170
bicycle 0.0202 168 51 256 173
bird 0.1712 0 3 34 69
bird 0.0730 180 103 307 285
bird 0.0474 407 14 431 34
bird 0.0421 171 92 253 173
bird 0.0305 15 69 153 214
bird 0.0283 7 -1 73 68
bird 0.0250 0 -1 27 180
boat 0.0243 1 3 40 69
boat 0.0223 406 12 431 31
boat 0.0210 170 89 254 171
bottle 0.0499 0 3 34 69
bottle 0.0206 5 3 59 68
car 0.0350 0 3 34 69
car 0.0250 172 5 479 232
cat 0.2331 0 3 34 69
cat 0.0870 178 96 316 286
cat 0.0281 18 71 156 217
chair 0.0631 0 3 34 69
chair 0.0232 171 92 253 173
cow 0.0772 0 3 34 69
cow 0.0609 180 103 307 285
cow 0.0573 15 69 153 214
dog 0.2004 0 3 34 69
dog 0.0856 180 103 307 285
dog 0.0340 16 68 157 215
dog 0.0209 4 -3 29 35
horse 0.0773 1 3 40 69
horse 0.0303 178 99 308 284
person 0.0742 0 3 34 69
person 0.0260 5 3 59 68
person 0.0246 1 -13 2 51
person 0.0244 -1 -2 6 75
person 0.0242 1 -2 16 28
person 0.0225 0 23 20 72
person 0.0220 0 -8 3 34
person 0.0208 350 61 371 105
pottedplant 0.0448 0 3 34 69
pottedplant 0.0324 169 92 240 167
sheep 0.8385 16 68 157 215
sheep 0.4083 180 103 307 285
sheep 0.1595 1 3 40 69
sheep 0.0437 0 22 42 214
sheep 0.0265 36 0 310 55
sheep 0.0251 404 14 427 35
sheep 0.0232 201 177 309 294
sheep 0.0205 171 92 253 173
sheep 0.0205 0 -1 27 180
sheep 0.0204 5 -4 36 36
sofa 0.0332 0 3 34 69
train 0.0204 167 4 476 227
tvmonitor 0.0278 350 27 497 250
