aeroplane 0.0292 0 136 10 163
aeroplane 0.0229 61 56 363 228
aeroplane 0.0219 1 111 9 162
bicycle 0.0407 0 127 10 162
bird 0.0204 0 136 10 163
boat 0.0393 0 136 10 163
boat 0.0246 1 102 9 165
bottle 0.0290 0 136 10 163
car 0.7958 61 56 363 228
car 0.0662 0 136 10 163
car 0.0280 360 120 377 137
car 0.0267 119 48 290 78
car 0.0264 352 121 369 141
car 0.0236 382 3 487 108
car 0.0222 98 50 327 98
chair 0.0381 0 136 10 163
chair 0.0262 1 102 9 165
cow 0.0202 0 130 5 164
horse 0.0270 0 136 10 163
motorbike 0.0447 61 56 363 228
motorbike 0.0397 0 133 10 161
person 0.7823 381 -1 481 212
person 0.0839 460 -1 487 81
person 0.0579 0 133 10 161
person 0.0422 297 109 338 138
person 0.0418 444 4 481 133
person 0.0407 453 17 488 173
person 0.0375 381 2 488 93
person 0.0316 379 8 413 98
person 0.0269 491 -4 496 79
person 0.0259 491 20 495 159
person 0.0252 1 78 3 169
person 0.0214 356 122 373 140
person 0.0212 450 3 483 19
person 0.0206 493 71 494 170
person 0.0201 433 2 484 10
person 0.0201 341 24 474 144
pottedplant 0.0497 0 136 10 163
pottedplant 0.0212 1 92 9 165
sheep 0.0231 0 136 10 163
train 0.0213 0 133 5 165
