cat 0.0877 258 62 317 128
cat 0.0622 109 106 205 216
chair 0.1729 242 69 383 239
chair 0.1197 5 26 320 375
chair 0.0789 159 13 374 255
chair 0.0725 86 100 227 245
diningtable 0.0529 23 328 413 502
dog 0.6933 38 370 196 492
dog 0.5640 109 106 205 216
dog 0.2748 257 65 318 133
dog 0.0901 205 25 365 219
dog 0.0595 245 58 380 147
dog 0.0528 43 90 228 225
dog 0.0528 9 355 286 506
person 0.1063 114 107 205 216
person 0.0526 14 6 324 371
person 0.0526 159 4 374 249
person 0.0482 86 100 227 245
person 0.0464 258 62 317 128
sofa 0.3046 0 37 321 396
sofa 0.1410 159 4 374 249
sofa 0.0693 114 106 205 223
sofa 0.0691 242 63 383 237
sofa 0.0518 63 90 238 256
sofa 0.0438 85 121 320 367
