bird 0.0655 165 122 188 150
bird 0.0365 326 142 340 151
bird 0.0251 224 163 271 191
bird 0.0230 226 166 253 189
boat 0.0286 165 122 188 150
car 0.0224 165 122 188 150
cat 0.0431 165 122 188 150
cow 0.1929 165 122 188 150
cow 0.0558 223 159 279 191
cow 0.0455 370 72 421 95
cow 0.0452 236 149 297 190
cow 0.0432 324 144 335 153
cow 0.0407 279 153 301 186
cow 0.0404 224 162 248 188
cow 0.0341 226 147 277 172
cow 0.0313 270 160 294 189
cow 0.0301 267 143 298 176
cow 0.0288 225 152 247 167
cow 0.0236 225 148 246 161
dog 0.0786 165 122 188 150
dog 0.0229 223 159 272 191
dog 0.0201 324 142 335 151
horse 0.0445 165 122 188 150
sheep 0.4709 165 122 188 150
sheep 0.3584 223 159 279 191
sheep 0.2650 258 146 298 188
sheep 0.1217 324 142 335 151
sheep 0.1077 226 150 246 163
sheep 0.0218 366 69 418 95
