bird 0.2055 414 20 448 52
bird 0.0279 409 17 446 102
bottle 0.2513 424 103 468 209
bottle 0.0776 477 86 495 202
bottle 0.0743 467 101 496 235
bottle 0.0571 436 103 496 233
bottle 0.0484 369 101 415 188
bottle 0.0378 318 121 411 238
car 0.0334 318 121 411 238
cat 0.5285 150 153 337 370
cat 0.0299 424 103 468 209
chair 0.0655 0 0 495 371
chair 0.0409 155 152 339 371
chair 0.0384 320 122 409 231
chair 0.0352 19 230 187 375
chair 0.0302 460 107 496 246
diningtable 0.0607 0 0 495 371
dog 0.0274 143 157 337 371
person 0.0423 492 43 494 187
person 0.0392 0 0 495 371
person 0.0385 493 59 493 183
person 0.0347 492 90 494 211
person 0.0335 493 72 494 193
person 0.0301 492 104 494 238
person 0.0298 460 105 495 237
person 0.0290 423 104 470 220
person 0.0280 491 3 495 186
pottedplant 0.0958 369 98 415 179
pottedplant 0.0845 477 65 495 195
pottedplant 0.0471 0 0 495 371
pottedplant 0.0395 467 96 496 228
pottedplant 0.0384 321 122 408 225
pottedplant 0.0362 430 5 494 225
pottedplant 0.0347 424 103 468 209
pottedplant 0.0305 421 40 472 226
pottedplant 0.0299 474 -1 498 203
pottedplant 0.0273 374 8 472 234
sofa 0.0449 0 0 495 371
tvmonitor 0.0815 453 114 495 263
tvmonitor 0.0515 321 122 408 225
tvmonitor 0.0349 0 0 495 371
tvmonitor 0.0316 19 236 178 375
tvmonitor 0.0291 424 103 468 209
tvmonitor 0.0283 492 90 494 211
tvmonitor 0.0282 476 95 495 229
tvmonitor 0.0275 369 101 415 188
