aeroplane 0.0467 -1 47 497 371
bicycle 0.0507 415 0 494 113
bicycle 0.0444 400 -4 493 206
boat 0.0431 -1 41 497 353
car 0.1646 -2 45 498 367
car 0.0417 379 278 498 368
chair 0.0567 -2 36 498 329
diningtable 0.0673 0 149 496 374
diningtable 0.0414 -3 39 499 314
motorbike 0.1387 381 0 497 319
motorbike 0.0592 -1 47 497 371
motorbike 0.0435 427 -3 497 182
person 0.4768 141 29 299 225
person 0.1931 180 66 486 305
person 0.0786 287 69 364 155
person 0.0729 -2 36 498 329
person 0.0672 124 38 409 245
person 0.0545 381 0 497 319
person 0.0462 426 198 490 319
sofa 0.0998 -2 37 498 310
train 0.0422 -2 40 498 349
tvmonitor 0.0489 -1 41 497 353
