aeroplane 0.0297 152 -4 476 54
aeroplane 0.0276 167 -2 429 28
aeroplane 0.0233 187 -1 409 15
bird 0.0339 182 3 282 5
bird 0.0284 167 1 344 12
bird 0.0272 175 2 320 6
bird 0.0215 134 -1 423 27
bottle 0.2437 3 0 30 61
bottle 0.0288 -2 -1 76 56
bottle 0.0208 -2 275 22 359
bus 0.0356 0 -12 496 343
bus 0.0289 240 -2 497 51
car 0.8411 0 -5 496 348
car 0.0283 245 -3 500 52
cat 0.0282 -1 274 35 366
chair 0.0675 2 243 180 374
chair 0.0204 -3 0 123 42
diningtable 0.0225 2 0 30 55
dog 0.0313 -1 274 35 366
person 0.0462 2 0 30 55
person 0.0333 0 274 42 366
person 0.0227 1 -1 32 109
person 0.0221 2 -4 2 76
person 0.0212 4 -3 22 35
person 0.0204 -3 243 22 357
tvmonitor 0.0713 245 -3 500 52
tvmonitor 0.0212 2 0 30 55
tvmonitor 0.0204 195 -3 487 29
