bird 0.0797 241 296 444 358
bird 0.0758 79 126 337 348
bird 0.0624 339 291 480 357
bird 0.0614 411 291 476 357
bottle 0.1001 210 0 242 13
bottle 0.0942 50 0 73 8
bottle 0.0904 224 0 258 8
bottle 0.0727 464 59 475 117
bottle 0.0626 458 46 475 113
car 0.0879 471 72 475 121
car 0.0625 355 0 472 109
car 0.0616 423 57 472 113
car 0.0590 3 0 28 8
cat 0.2010 86 129 344 351
chair 0.0580 2 0 473 356
cow 0.0633 232 296 445 358
dog 0.1151 288 295 456 359
dog 0.0757 424 291 478 358
dog 0.0663 441 259 476 356
dog 0.0654 456 246 476 351
dog 0.0574 370 285 480 357
dog 0.0572 79 126 337 348
person 0.4410 246 0 387 357
person 0.1067 425 296 478 357
person 0.0912 53 0 76 8
person 0.0839 361 286 481 357
person 0.0823 113 -1 167 26
person 0.0785 2 0 29 13
person 0.0668 2 0 473 356
person 0.0657 269 0 371 109
person 0.0583 458 239 475 347
person 0.0581 470 61 476 115
person 0.0579 292 0 371 69
person 0.0576 289 295 463 359
person 0.0570 472 218 475 347
pottedplant 0.0853 53 0 76 8
pottedplant 0.0825 113 -1 167 26
pottedplant 0.0772 210 0 242 13
pottedplant 0.0646 228 0 262 8
pottedplant 0.0602 2 -1 23 9
sheep 0.3112 87 126 342 348
sheep 0.0728 241 296 444 358
sofa 0.0641 -2 27 290 115
sofa 0.0571 2 0 473 356
