bicycle 0.0273 65 128 85 163
bottle 0.0809 209 160 223 217
bottle 0.0478 233 387 278 436
bottle 0.0340 155 113 176 140
bottle 0.0278 62 134 81 166
bottle 0.0270 5 245 59 453
bottle 0.0263 493 396 493 497
bottle 0.0262 273 366 299 433
bottle 0.0257 426 418 490 491
bus 0.0350 159 21 297 216
car 0.0293 137 123 232 201
cat 0.0351 5 245 59 453
chair 0.3747 84 126 153 212
chair 0.2213 60 314 177 415
chair 0.1763 235 328 298 393
chair 0.1059 132 127 230 211
chair 0.1021 432 423 492 493
chair 0.0703 62 134 81 166
chair 0.0635 1 403 94 497
chair 0.0612 71 139 95 176
chair 0.0594 477 419 494 497
chair 0.0470 70 54 151 199
chair 0.0403 43 411 155 498
chair 0.0325 155 114 183 146
chair 0.0302 0 418 11 491
chair 0.0299 -1 451 19 497
chair 0.0269 7 452 89 495
diningtable 0.0559 132 127 230 211
diningtable 0.0486 75 122 148 209
diningtable 0.0363 432 423 492 493
diningtable 0.0361 61 313 183 416
diningtable 0.0342 235 328 298 393
diningtable 0.0336 0 389 88 496
person 0.0566 208 151 224 219
person 0.0389 493 396 493 497
person 0.0386 492 386 494 492
person 0.0382 493 407 493 502
person 0.0351 68 44 153 192
person 0.0348 248 117 286 175
person 0.0318 492 348 494 498
person 0.0295 3 246 56 453
person 0.0292 2 396 94 497
person 0.0273 83 40 146 111
person 0.0270 431 417 493 492
person 0.0258 133 123 229 208
pottedplant 0.0588 63 124 80 160
pottedplant 0.0514 63 98 80 155
pottedplant 0.0393 155 113 176 140
pottedplant 0.0388 70 54 151 199
pottedplant 0.0386 137 124 233 207
pottedplant 0.0299 191 148 218 214
pottedplant 0.0282 209 160 223 217
pottedplant 0.0268 78 41 143 110
sofa 0.1944 61 314 183 408
sofa 0.0576 0 396 89 497
sofa 0.0447 89 125 155 213
sofa 0.0433 235 328 298 393
sofa 0.0339 133 123 229 208
sofa 0.0258 287 265 482 441
train 0.0332 161 20 295 202
tvmonitor 0.6943 287 265 482 441
tvmonitor 0.5148 4 244 60 462
tvmonitor 0.0684 232 390 278 440
tvmonitor 0.0492 1 411 94 497
tvmonitor 0.0447 3 259 8 462
tvmonitor 0.0381 145 122 224 170
tvmonitor 0.0374 4 275 6 478
tvmonitor 0.0342 235 328 298 393
tvmonitor 0.0327 156 112 182 140
tvmonitor 0.0259 118 90 252 171
