bottle 0.0643 -2 0 44 33
bottle 0.0554 469 -1 495 82
bottle 0.0533 397 12 496 318
car 0.1199 -2 1 44 37
car 0.0670 36 0 68 13
car 0.0531 57 1 141 6
cat 0.7588 118 6 338 323
cat 0.0706 469 -1 495 82
chair 0.0755 363 2 483 83
chair 0.0693 -4 2 109 328
chair 0.0631 120 6 343 323
chair 0.0610 475 -1 496 86
chair 0.0558 0 -4 127 162
chair 0.0532 418 3 491 76
chair 0.0513 293 4 491 101
chair 0.0503 413 178 496 323
dog 0.0644 469 -1 495 82
person 0.3482 -6 1 118 328
person 0.1409 384 9 493 320
person 0.1051 475 -1 496 86
person 0.0878 226 0 269 29
person 0.0641 420 0 481 28
person 0.0605 -2 1 44 37
person 0.0523 350 -1 480 66
person 0.0521 235 1 322 37
person 0.0518 0 -5 49 90
person 0.0510 4 1 209 277
person 0.0499 2 -8 71 255
pottedplant 0.0968 286 2 404 72
pottedplant 0.0669 333 0 482 75
pottedplant 0.0567 -2 1 44 37
