bottle 0.0264 171 1 293 109
cat 0.0237 141 103 362 235
chair 0.1135 141 103 362 235
chair 0.0461 134 129 267 251
chair 0.0265 222 79 335 208
chair 0.0235 258 102 315 184
chair 0.0209 206 15 351 230
diningtable 0.0223 137 102 359 236
diningtable 0.0208 1 197 494 328
dog 0.0252 134 103 354 236
person 0.2445 147 9 356 246
person 0.1121 146 115 271 234
person 0.1099 234 19 347 180
person 0.0884 272 16 348 135
person 0.0304 -1 0 44 329
person 0.0255 135 91 274 190
person 0.0244 323 31 351 85
person 0.0231 122 99 224 182
person 0.0222 141 114 189 167
person 0.0217 -4 0 93 329
person 0.0212 179 1 355 146
sofa 0.5392 136 100 359 233
sofa 0.0254 133 124 268 250
tvmonitor 0.0245 -2 0 138 329
tvmonitor 0.0211 172 1 307 99
