aeroplane 0.0602 381 177 418 217
bicycle 0.0404 381 177 418 217
bird 0.0622 381 174 418 216
bird 0.0415 104 51 124 76
boat 0.1202 381 174 418 216
boat 0.0553 376 148 423 217
boat 0.0305 415 159 455 197
boat 0.0277 404 152 434 203
boat 0.0252 423 171 446 204
boat 0.0241 409 149 492 197
boat 0.0236 0 193 9 212
boat 0.0225 439 155 492 191
boat 0.0212 0 182 4 213
bottle 0.0742 381 177 418 217
bus 0.0482 392 140 439 201
bus 0.0415 377 140 423 211
bus 0.0413 407 152 486 199
bus 0.0329 439 155 492 191
bus 0.0269 453 144 494 183
bus 0.0262 1 177 8 209
bus 0.0234 380 170 418 216
bus 0.0223 0 189 5 215
car 0.0615 0 193 9 212
car 0.0599 381 174 418 216
car 0.0465 1 177 8 209
car 0.0255 6 0 36 6
car 0.0231 7 1 65 5
car 0.0217 377 141 422 214
car 0.0217 413 157 480 198
car 0.0210 397 149 434 206
cat 0.0259 381 177 418 217
chair 0.0382 381 177 418 217
chair 0.0249 0 189 5 215
cow 0.0208 0 193 4 216
diningtable 0.0350 381 177 418 217
motorbike 0.0264 381 177 418 217
person 0.0732 381 177 418 217
person 0.0408 377 144 422 217
person 0.0403 395 145 436 206
person 0.0402 0 189 5 215
person 0.0380 417 162 445 199
person 0.0349 0 171 4 214
person 0.0313 254 174 264 187
person 0.0312 262 174 272 186
person 0.0309 245 173 257 188
person 0.0307 407 152 486 199
person 0.0292 260 176 274 194
person 0.0287 276 173 289 197
person 0.0266 424 178 439 208
person 0.0261 184 162 287 199
person 0.0246 221 165 250 186
person 0.0234 201 159 333 222
person 0.0231 260 168 305 212
person 0.0229 115 137 357 234
pottedplant 0.2604 381 177 418 217
pottedplant 0.0312 424 181 438 209
pottedplant 0.0238 0 196 9 214
train 0.7863 91 139 388 261
train 0.1177 422 148 494 193
train 0.1101 395 139 443 197
train 0.0372 373 148 418 217
train 0.0308 384 96 478 211
train 0.0227 0 189 5 215
train 0.0212 0 171 4 214
tvmonitor 0.0621 381 177 418 217
tvmonitor 0.0214 -4 184 500 356
tvmonitor 0.0208 373 148 418 217
