bottle 0.3766 232 146 280 244
bottle 0.0521 43 50 515 362
chair 0.3341 0 0 143 130
chair 0.3019 393 176 500 370
chair 0.1219 353 3 422 57
chair 0.1127 113 4 179 79
chair 0.1068 172 2 236 64
chair 0.0929 384 21 431 57
chair 0.0776 5 5 76 137
chair 0.0593 39 66 519 369
chair 0.0581 335 0 386 54
chair 0.0566 66 0 155 95
diningtable 0.4028 0 132 495 367
diningtable 0.1965 54 61 441 310
diningtable 0.1459 135 124 361 276
diningtable 0.1061 231 145 293 254
person 0.0911 435 0 466 20
person 0.0724 10 12 149 224
sofa 0.1205 0 0 143 130
sofa 0.0609 0 132 495 367
tvmonitor 0.1387 404 11 497 166
tvmonitor 0.0784 368 11 502 231
