bicycle 0.1541 1 79 64 333
bicycle 0.0557 0 97 17 130
bicycle 0.0475 -1 231 19 308
bicycle 0.0428 0 124 35 334
bicycle 0.0331 -1 151 20 325
bird 0.0486 0 97 17 130
bird 0.0402 291 104 328 163
boat 0.0418 0 92 11 123
bottle 0.3993 143 236 189 355
bottle 0.0543 291 104 328 163
bottle 0.0461 0 92 11 123
bottle 0.0372 1 78 64 323
bottle 0.0365 139 111 206 186
car 0.0640 0 96 11 125
cat 0.0643 143 237 189 360
cat 0.0374 291 104 328 163
chair 0.6580 325 36 490 255
chair 0.1799 0 76 65 290
chair 0.1258 0 83 58 196
chair 0.0706 143 81 218 128
chair 0.0495 0 97 17 130
cow 0.0372 0 97 17 130
diningtable 0.0757 112 113 399 351
diningtable 0.0387 2 76 63 331
dog 0.0450 0 97 17 130
horse 0.0465 0 97 12 129
horse 0.0343 0 76 65 290
motorbike 0.0450 0 97 17 130
motorbike 0.0348 1 79 64 333
person 0.1071 0 96 11 125
person 0.0358 0 42 12 139
person 0.0335 154 8 473 358
person 0.0335 0 76 59 296
pottedplant 0.1383 139 111 206 186
pottedplant 0.0655 149 219 175 268
pottedplant 0.0614 1 79 57 321
pottedplant 0.0606 0 92 11 123
pottedplant 0.0581 143 237 189 360
pottedplant 0.0560 0 97 17 130
pottedplant 0.0465 251 110 283 141
pottedplant 0.0397 189 -3 454 144
pottedplant 0.0351 288 105 325 163
pottedplant 0.0348 0 63 11 129
pottedplant 0.0345 -1 238 13 308
pottedplant 0.0331 351 139 495 365
sheep 0.0439 0 97 12 129
sofa 0.0440 -1 84 59 190
sofa 0.0427 1 73 64 276
sofa 0.0373 319 37 489 254
train 0.0602 4 6 155 42
tvmonitor 0.0445 143 237 189 360
