bird 0.4124 182 112 243 202
bird 0.0773 163 174 237 218
boat 0.0223 163 174 237 218
bottle 0.0636 311 25 332 60
bottle 0.0434 304 8 339 56
cat 0.0323 182 112 243 202
cow 0.0397 163 174 237 218
cow 0.0249 165 128 244 216
dog 0.0471 182 112 243 202
dog 0.0403 163 174 237 218
horse 0.0562 163 174 237 218
horse 0.0409 182 112 243 202
horse 0.0364 165 137 244 217
person 0.0505 182 112 243 202
person 0.0382 163 174 237 218
person 0.0353 165 137 244 217
pottedplant 0.0276 -12 2 94 328
sheep 0.0416 182 112 243 202
sheep 0.0390 160 175 233 217
sheep 0.0264 165 141 243 219
train 0.0201 16 232 479 389
