aeroplane 0.0258 0 139 26 174
bird 0.0484 183 140 218 230
bird 0.0306 0 139 26 174
boat 0.0393 0 139 26 174
boat 0.0242 183 140 218 230
boat 0.0226 1 123 25 166
car 0.0401 0 139 26 174
car 0.0254 183 133 225 231
chair 0.0395 0 140 26 178
chair 0.0208 182 126 234 234
cow 0.1446 183 133 225 231
cow 0.1037 190 104 305 238
cow 0.0297 0 139 26 174
dog 0.0688 183 136 218 229
dog 0.0404 195 103 307 238
dog 0.0332 178 122 269 237
dog 0.0218 0 139 26 174
horse 0.6099 190 104 305 238
horse 0.2336 183 133 225 231
horse 0.0330 0 139 26 174
motorbike 0.0234 183 133 225 231
person 0.0880 183 136 218 229
person 0.0335 190 141 265 235
person 0.0273 243 110 306 237
person 0.0246 -1 139 21 179
person 0.0227 180 113 299 239
person 0.0209 -1 133 5 185
sheep 0.0623 183 136 218 229
sheep 0.0406 0 139 26 174
sheep 0.0370 182 129 249 235
sheep 0.0335 190 104 305 238
sheep 0.0220 260 109 305 168
