aeroplane 0.0502 167 1 288 26
aeroplane 0.0398 150 4 258 34
aeroplane 0.0294 1 22 24 53
aeroplane 0.0286 -4 17 178 152
boat 0.0590 170 1 301 27
boat 0.0468 150 4 258 34
boat 0.0410 -4 12 178 152
bus 0.7241 162 -1 474 123
bus 0.0473 -4 12 178 152
car 0.5006 -5 18 173 151
car 0.0498 0 20 18 128
car 0.0467 0 24 18 60
car 0.0401 167 -4 476 117
car 0.0323 1 10 49 138
car 0.0304 147 40 215 71
car 0.0289 5 21 44 54
car 0.0285 171 1 292 27
car 0.0283 229 1 281 6
motorbike 0.7845 26 53 437 278
motorbike 0.0472 91 46 318 154
person 0.0688 0 24 18 60
person 0.0607 3 22 30 52
person 0.0573 0 22 19 89
person 0.0487 272 1 301 11
person 0.0423 162 -4 474 116
person 0.0321 230 1 289 10
person 0.0285 363 1 397 6
person 0.0280 193 42 216 59
pottedplant 0.0746 0 1 27 42
pottedplant 0.0707 0 19 19 51
pottedplant 0.0617 12 3 61 40
pottedplant 0.0519 52 1 122 42
pottedplant 0.0463 1 0 32 24
pottedplant 0.0392 63 0 111 22
pottedplant 0.0316 277 1 303 11
pottedplant 0.0315 10 0 55 23
train 0.0328 162 -4 474 116
