aeroplane 0.0755 0 -1 112 24
aeroplane 0.0473 67 1 123 10
aeroplane 0.0367 27 0 132 12
chair 0.3925 112 198 274 334
chair 0.1089 56 203 439 334
chair 0.0629 -2 157 279 328
chair 0.0548 398 254 495 330
chair 0.0331 1 198 49 245
chair 0.0266 118 -128 510 177
diningtable 0.0346 -6 133 275 332
person 0.6723 -7 107 269 326
person 0.1211 394 249 492 330
person 0.0370 450 110 498 328
person 0.0313 490 92 497 321
person 0.0303 491 119 495 309
person 0.0297 33 108 525 331
person 0.0292 404 108 497 331
person 0.0279 439 323 477 329
person 0.0252 445 260 495 324
pottedplant 0.0267 29 95 91 130
sofa 0.5193 98 206 522 326
sofa 0.1618 -10 184 272 327
sofa 0.0808 29 128 528 337
sofa 0.0336 398 249 495 330
sofa 0.0266 -1 194 137 328
sofa 0.0260 385 193 492 333
