aeroplane 0.0227 0 251 22 330
bicycle 0.0403 2 277 20 333
bicycle 0.0272 144 290 200 393
bird 0.0376 0 256 22 332
boat 0.0267 -3 3 138 242
boat 0.0247 154 287 191 317
bottle 0.0288 4 291 17 336
bottle 0.0274 0 256 22 332
bottle 0.0244 5 94 16 143
bottle 0.0236 5 77 17 129
bottle 0.0222 0 1 17 72
bus 0.0227 3 7 105 207
bus 0.0205 0 251 22 330
car 0.0464 0 251 22 330
car 0.0263 151 287 189 317
car 0.0236 3 293 15 334
chair 0.6311 141 293 199 397
chair 0.0804 154 289 190 322
chair 0.0585 3 268 23 334
chair 0.0269 9 264 38 325
chair 0.0228 264 208 321 294
chair 0.0221 0 286 8 325
chair 0.0206 142 296 172 355
diningtable 0.0378 141 293 199 397
diningtable 0.0263 0 317 326 498
dog 0.0352 2 252 24 329
dog 0.0284 3 295 18 340
horse 0.0279 0 256 22 332
motorbike 0.0380 0 256 22 332
motorbike 0.0287 4 291 17 336
person 0.5726 0 251 22 330
person 0.0498 5 80 17 133
person 0.0389 4 291 17 336
person 0.0380 1 10 16 94
person 0.0337 16 262 36 319
person 0.0266 -2 277 5 351
person 0.0244 -9 223 11 334
person 0.0241 20 81 43 156
person 0.0217 2 249 20 441
pottedplant 0.0385 0 256 22 332
pottedplant 0.0246 233 36 312 147
pottedplant 0.0209 228 0 286 89
pottedplant 0.0201 3 293 15 334
sofa 0.0624 141 293 199 397
sofa 0.0309 2 252 24 329
sofa 0.0273 154 289 190 322
train 0.0530 -3 3 138 242
tvmonitor 0.0941 177 88 224 188
tvmonitor 0.0265 151 282 188 314
tvmonitor 0.0259 238 33 312 134
tvmonitor 0.0207 208 82 229 163
