bottle 0.1361 224 326 240 359
cat 0.0359 112 95 219 211
chair 0.1041 5 121 90 405
chair 0.0710 321 129 495 337
chair 0.0514 30 93 160 403
chair 0.0442 6 81 333 423
chair 0.0323 185 15 333 336
chair 0.0320 113 21 398 369
person 0.4924 180 12 331 301
person 0.0403 60 17 349 335
person 0.0387 224 326 240 359
person 0.0355 38 95 167 325
pottedplant 0.1131 38 94 152 311
pottedplant 0.0789 19 104 163 461
pottedplant 0.0348 220 326 236 359
sofa 0.3833 321 129 494 344
sofa 0.2667 9 80 338 423
sofa 0.0563 91 22 388 368
sofa 0.0504 3 117 92 425
