aeroplane 0.7110 247 15 498 293
aeroplane 0.0442 276 169 297 181
aeroplane 0.0382 17 54 478 218
aeroplane 0.0373 4 161 20 194
aeroplane 0.0331 63 145 103 168
aeroplane 0.0329 269 144 491 289
aeroplane 0.0284 393 9 492 71
aeroplane 0.0224 214 157 227 172
bicycle 0.1495 5 165 20 194
bicycle 0.0509 265 172 402 276
bird 0.0912 1 272 48 291
bird 0.0552 5 157 20 193
bird 0.0244 0 231 42 291
bird 0.0234 238 145 273 230
boat 0.0429 259 4 501 289
boat 0.0352 5 157 20 193
boat 0.0278 276 167 297 178
boat 0.0211 58 146 101 168
bottle 0.0247 0 157 12 193
bottle 0.0243 2 164 16 195
bus 0.0397 278 167 302 178
bus 0.0271 214 157 227 172
bus 0.0244 145 159 161 170
car 0.1966 279 169 301 180
car 0.0647 215 160 225 175
car 0.0395 2 156 17 193
car 0.0340 0 152 5 193
car 0.0312 144 162 155 172
car 0.0302 8 154 17 176
car 0.0289 255 5 498 277
car 0.0270 239 145 271 206
car 0.0245 393 9 492 71
car 0.0228 57 149 103 169
chair 0.0514 5 165 20 194
chair 0.0214 277 171 296 183
cow 0.0353 2 156 17 193
dog 0.0413 2 156 17 193
dog 0.0247 3 272 54 292
horse 0.1017 2 160 17 194
horse 0.0214 238 145 273 230
motorbike 0.0909 4 161 20 194
motorbike 0.0400 276 169 297 181
motorbike 0.0236 238 145 273 230
person 0.7621 166 142 213 266
person 0.6173 238 145 273 230
person 0.3665 2 153 16 192
person 0.0547 274 172 292 183
person 0.0420 215 162 225 177
person 0.0415 255 159 278 191
person 0.0369 46 165 58 179
person 0.0332 144 162 155 172
person 0.0321 107 165 122 175
person 0.0245 183 157 210 198
person 0.0238 187 154 221 191
person 0.0221 157 147 221 198
person 0.0218 185 155 208 180
person 0.0214 192 157 216 177
person 0.0211 289 171 323 184
pottedplant 0.0293 5 165 20 194
pottedplant 0.0273 277 171 296 183
sheep 0.0321 1 272 48 291
sheep 0.0226 2 156 17 193
train 0.0305 4 161 20 194
train 0.0247 57 149 103 169
