bicycle 0.1006 -1 4 497 373
bird 0.0829 197 340 352 371
bird 0.0558 77 5 112 56
boat 0.0509 0 101 495 375
bottle 0.0614 77 9 112 57
bottle 0.0560 8 52 49 85
bottle 0.0500 49 39 71 62
car 0.0716 0 126 496 373
car 0.0682 -2 310 52 372
cat 0.0499 49 42 71 65
chair 0.1790 70 0 495 371
chair 0.0608 -2 310 52 372
diningtable 0.1153 0 49 496 374
person 0.2500 375 257 494 372
person 0.1537 280 254 511 374
person 0.0666 196 339 345 372
person 0.0552 75 9 109 57
person 0.0550 49 39 71 62
person 0.0533 41 43 71 69
pottedplant 0.5448 77 9 112 57
pottedplant 0.0791 54 37 73 59
pottedplant 0.0651 0 49 496 374
pottedplant 0.0574 61 20 82 58
pottedplant 0.0527 24 41 72 72
sofa 0.0892 0 53 495 375
tvmonitor 0.0809 6 44 59 81
tvmonitor 0.0700 0 126 496 373
