bicycle 0.0390 256 132 293 209
bicycle 0.0386 441 152 499 360
bicycle 0.0333 253 122 280 196
bird 0.0440 307 112 328 136
bird 0.0371 207 181 264 319
bird 0.0327 248 161 286 216
bottle 0.0473 21 1 75 24
bottle 0.0357 48 2 79 22
car 0.0627 307 110 328 132
car 0.0423 10 3 71 28
car 0.0386 266 125 291 193
car 0.0349 273 122 290 173
car 0.0340 280 119 292 147
car 0.0337 354 143 476 299
car 0.0325 276 112 288 136
car 0.0323 433 214 499 373
cow 0.1106 311 112 332 135
cow 0.0539 35 2 76 23
cow 0.0465 12 1 69 24
cow 0.0419 350 116 364 132
cow 0.0374 342 116 356 131
cow 0.0359 357 116 372 131
cow 0.0340 248 161 286 216
dog 0.0572 311 112 332 135
dog 0.0447 35 2 76 23
dog 0.0368 12 1 69 24
dog 0.0353 248 164 285 218
horse 0.1071 311 112 332 135
horse 0.0673 207 181 264 319
horse 0.0579 249 150 292 215
horse 0.0396 270 127 293 191
horse 0.0369 303 118 331 200
horse 0.0326 252 126 282 204
motorbike 0.1327 434 167 498 362
motorbike 0.0754 264 127 293 202
motorbike 0.0556 357 143 489 368
motorbike 0.0508 250 123 276 195
motorbike 0.0456 307 110 328 132
motorbike 0.0357 204 162 267 321
person 0.8120 91 200 178 324
person 0.7895 167 102 274 322
person 0.7134 265 189 316 316
person 0.5914 303 118 331 200
person 0.2753 266 124 291 188
person 0.2647 251 108 275 181
person 0.2500 208 186 263 319
person 0.2036 269 112 287 171
person 0.1759 265 108 284 151
person 0.1755 257 104 277 144
person 0.1665 307 110 328 132
person 0.1196 303 111 325 160
person 0.1030 246 150 288 215
person 0.0624 275 178 306 222
person 0.0607 35 2 76 23
person 0.0599 237 186 281 314
person 0.0588 246 176 273 236
person 0.0544 144 209 210 314
person 0.0353 249 177 285 282
person 0.0331 491 100 495 317
person 0.0330 475 80 496 338
pottedplant 0.0442 467 74 497 344
sheep 0.0600 312 111 331 131
sheep 0.0431 330 113 344 129
sheep 0.0421 35 2 76 23
sheep 0.0384 12 1 69 24
