bottle 0.0367 2 88 8 283
bottle 0.0265 325 125 358 147
car 0.0276 453 1 495 18
chair 0.8153 122 127 215 244
chair 0.7188 53 116 138 225
chair 0.1186 371 109 498 185
chair 0.0702 2 88 8 283
chair 0.0552 314 106 493 353
chair 0.0516 1 99 17 348
chair 0.0382 1 123 49 371
chair 0.0297 72 173 501 368
chair 0.0280 73 286 203 372
chair 0.0270 90 123 131 165
chair 0.0257 355 115 491 256
diningtable 0.0681 118 125 214 241
diningtable 0.0594 51 120 193 227
diningtable 0.0287 373 108 496 181
person 0.0554 2 88 8 283
person 0.0434 1 100 9 365
person 0.0266 68 172 497 369
person 0.0262 32 -137 338 228
person 0.0253 2 117 39 371
pottedplant 0.0258 2 88 8 283
pottedplant 0.0239 370 40 390 73
sofa 0.0523 122 127 215 244
sofa 0.0489 53 116 138 225
sofa 0.0401 329 108 494 363
sofa 0.0372 72 173 501 368
sofa 0.0350 -1 122 75 372
sofa 0.0337 373 108 496 181
sofa 0.0249 0 106 18 365
tvmonitor 0.0346 2 88 8 283
tvmonitor 0.0292 453 1 495 18
