bicycle 0.1051 138 13 163 59
bicycle 0.0812 144 6 180 65
bicycle 0.0368 185 95 309 235
bicycle 0.0304 146 3 225 69
bird 0.0394 148 0 182 58
bird 0.0307 138 13 163 59
bottle 0.0419 138 11 168 61
bottle 0.0380 263 2 325 71
bottle 0.0354 150 0 185 58
bottle 0.0349 52 41 67 94
car 0.0426 4 2 62 86
car 0.0367 148 0 182 58
car 0.0329 138 7 169 58
car 0.0319 257 4 365 69
car 0.0317 170 2 270 103
car 0.0312 266 4 333 53
dog 0.0392 150 0 185 58
dog 0.0312 138 11 168 61
horse 0.0429 148 2 182 62
horse 0.0411 166 3 269 117
motorbike 0.7251 31 86 263 448
motorbike 0.0967 138 13 163 59
motorbike 0.0907 178 90 310 240
motorbike 0.0858 144 2 180 62
motorbike 0.0528 165 2 271 103
motorbike 0.0454 155 2 216 55
motorbike 0.0417 47 41 418 438
motorbike 0.0395 263 2 325 71
person 0.6404 271 4 375 279
person 0.5296 -2 3 68 258
person 0.3748 153 -1 282 255
person 0.3387 148 0 182 58
person 0.2741 170 3 270 117
person 0.0518 262 1 291 95
person 0.0486 1 13 24 145
person 0.0480 222 15 331 238
person 0.0461 216 2 278 110
person 0.0450 263 1 312 64
person 0.0382 370 15 370 238
person 0.0378 73 28 304 334
person 0.0364 2 6 46 168
person 0.0353 0 -2 19 107
person 0.0334 369 15 370 222
person 0.0324 53 51 66 107
person 0.0320 263 3 337 94
person 0.0315 370 29 370 177
person 0.0314 268 4 367 61
person 0.0308 231 0 274 65
pottedplant 0.0335 138 8 163 57
pottedplant 0.0314 53 46 66 97
