aeroplane 0.0336 72 145 134 173
aeroplane 0.0256 35 144 77 161
aeroplane 0.0251 16 151 33 163
boat 0.0295 72 145 134 173
boat 0.0256 13 151 28 163
boat 0.0251 20 152 37 162
boat 0.0231 39 144 80 161
bottle 0.0243 10 150 24 164
bottle 0.0212 2 152 9 166
bottle 0.0207 18 153 31 164
bus 0.8738 132 93 425 225
bus 0.1099 40 141 79 161
bus 0.0840 13 149 29 161
bus 0.0666 72 145 134 173
bus 0.0445 1 147 9 163
bus 0.0330 4 120 21 171
bus 0.0283 2 127 9 164
bus 0.0248 145 140 163 152
bus 0.0238 144 135 164 148
bus 0.0231 152 135 171 148
bus 0.0229 0 91 26 183
bus 0.0221 0 104 11 170
car 0.6755 72 145 134 173
car 0.2474 16 151 33 163
car 0.2402 37 147 76 162
car 0.0546 60 146 106 164
car 0.0284 491 124 495 154
car 0.0281 113 143 131 158
car 0.0271 131 89 426 221
car 0.0270 122 146 138 163
car 0.0250 492 128 494 159
car 0.0246 490 110 496 150
car 0.0241 493 131 493 165
car 0.0222 456 136 476 156
chair 0.0227 14 153 27 165
chair 0.0214 21 154 35 164
chair 0.0204 1 178 9 248
motorbike 0.0409 18 153 31 164
motorbike 0.0259 72 145 134 173
person 0.0808 14 153 27 165
person 0.0708 298 131 314 147
person 0.0448 371 121 396 143
person 0.0443 168 138 186 149
person 0.0329 490 103 496 149
person 0.0313 491 120 495 154
person 0.0307 141 93 429 225
person 0.0282 242 121 369 175
person 0.0272 57 147 85 162
person 0.0267 37 147 76 162
person 0.0234 1 131 3 169
person 0.0224 3 143 1 197
person 0.0207 119 143 134 157
person 0.0205 449 99 490 153
person 0.0203 87 139 133 162
person 0.0201 72 145 134 173
pottedplant 0.0252 14 153 27 165
train 0.0342 39 144 80 161
train 0.0306 140 90 431 225
train 0.0301 72 145 134 173
train 0.0285 20 152 37 162
train 0.0280 449 99 490 153
train 0.0260 13 151 28 163
train 0.0236 7 147 19 163
tvmonitor 0.0314 131 89 426 221
