bird 0.0615 240 223 318 265
bird 0.0492 229 206 266 241
bird 0.0436 176 202 256 251
bird 0.0351 117 64 129 84
boat 0.0229 120 64 131 84
boat 0.0228 243 224 322 264
bottle 0.0612 120 64 131 84
cat 0.2463 0 66 496 293
cat 0.0960 176 202 256 251
cat 0.0627 229 206 266 241
cat 0.0528 5 77 317 370
cat 0.0444 73 134 422 284
cat 0.0432 240 223 318 265
chair 0.0226 73 134 422 284
chair 0.0218 0 66 495 328
cow 0.0922 240 223 318 265
cow 0.0515 229 206 266 241
cow 0.0364 179 204 261 255
cow 0.0256 120 64 131 84
diningtable 0.0240 0 62 496 314
diningtable 0.0225 73 134 422 284
dog 0.0735 240 223 318 265
dog 0.0585 229 206 266 241
dog 0.0398 176 202 256 251
dog 0.0294 117 64 129 84
dog 0.0277 0 66 495 328
dog 0.0256 73 134 422 284
horse 0.0264 240 223 318 265
horse 0.0256 229 206 266 241
person 0.1423 117 64 129 84
pottedplant 0.0271 117 64 129 84
sheep 0.5874 240 223 318 265
sheep 0.2779 178 205 255 254
sheep 0.2605 229 206 266 241
sheep 0.0387 73 134 422 284
sheep 0.0380 -3 169 499 395
sheep 0.0356 91 173 341 320
sheep 0.0295 0 66 495 323
sheep 0.0255 192 229 349 300
sofa 0.0231 0 66 495 328
tvmonitor 0.0333 -1 61 497 309
