car 0.0258 327 185 328 240
car 0.0253 274 207 330 272
car 0.0243 327 194 328 262
cat 0.0427 2 268 327 484
cow 0.0552 2 268 327 484
cow 0.0297 274 267 329 321
dog 0.6526 1 271 328 488
dog 0.0385 274 267 329 321
horse 0.0792 33 257 337 480
horse 0.0362 0 1 329 495
person 0.0473 272 253 284 273
person 0.0423 2 268 327 484
person 0.0421 0 1 329 495
person 0.0271 270 266 328 322
pottedplant 0.1470 0 186 22 246
sheep 0.0324 274 267 329 321
sheep 0.0318 2 268 327 484
sofa 0.0463 -1 206 331 477
train 0.0347 0 1 329 495
