boat 0.0356 32 145 526 378
bottle 0.1010 1 30 25 53
bottle 0.0908 8 132 48 168
bottle 0.0906 396 314 490 373
bottle 0.0735 244 344 337 373
bottle 0.0695 1 136 17 170
bottle 0.0515 25 3 79 51
bottle 0.0483 106 295 163 363
bottle 0.0456 2 77 40 106
bottle 0.0448 30 178 449 375
bottle 0.0436 41 112 79 147
bottle 0.0432 492 184 495 316
car 0.0368 1 30 25 53
cat 0.0506 3 77 46 106
cat 0.0421 25 2 79 47
chair 0.5336 73 109 179 209
chair 0.4164 240 146 348 213
chair 0.3619 342 180 473 266
chair 0.0667 477 200 495 323
chair 0.0614 -2 222 36 371
chair 0.0574 0 143 19 350
chair 0.0553 41 112 79 147
chair 0.0515 1 145 10 338
chair 0.0497 484 168 495 314
chair 0.0490 67 112 186 295
chair 0.0479 236 143 345 298
chair 0.0465 32 145 526 378
chair 0.0396 6 77 51 106
chair 0.0382 492 223 495 371
chair 0.0375 -1 125 75 369
diningtable 0.6778 32 186 526 377
diningtable 0.0546 67 111 178 218
diningtable 0.0418 240 146 348 213
diningtable 0.0371 -2 222 36 371
person 0.0848 2 28 24 51
person 0.0812 65 114 187 310
person 0.0634 484 173 494 315
person 0.0620 492 163 494 307
person 0.0462 477 204 495 337
person 0.0406 245 140 351 331
person 0.0388 461 127 494 319
person 0.0364 1 124 10 323
pottedplant 0.1031 1 30 25 53
pottedplant 0.0380 21 3 76 51
sofa 0.0700 73 109 179 209
sofa 0.0462 240 146 348 213
sofa 0.0362 31 144 527 374
tvmonitor 0.0989 41 112 79 147
tvmonitor 0.0884 318 0 498 183
tvmonitor 0.0391 6 74 51 103
