bottle 0.1088 231 171 256 200
bottle 0.0812 70 214 175 269
bottle 0.0448 430 3 494 393
bus 0.0323 -3 72 101 255
chair 0.0533 396 0 490 397
chair 0.0501 122 7 436 389
chair 0.0452 431 62 494 371
chair 0.0386 348 109 498 392
chair 0.0325 203 139 511 394
chair 0.0321 154 81 270 177
dog 0.0349 437 4 494 392
horse 0.0317 437 4 494 392
person 0.7251 171 16 432 373
person 0.1132 437 4 494 392
person 0.0561 237 173 265 204
person 0.0416 396 0 489 358
person 0.0382 66 69 171 220
person 0.0380 210 170 238 200
person 0.0374 15 106 34 146
person 0.0329 191 161 226 197
sofa 0.0467 161 17 427 379
tvmonitor 0.7507 -3 72 101 255
tvmonitor 0.3496 66 66 171 211
tvmonitor 0.0904 147 83 262 182
tvmonitor 0.0697 2 79 87 185
tvmonitor 0.0433 155 105 199 197
tvmonitor 0.0386 9 105 25 152
tvmonitor 0.0317 70 214 175 269
