aeroplane 0.0267 5 268 115 366
bicycle 0.0406 5 268 115 366
bicycle 0.0323 124 178 168 270
bicycle 0.0270 7 275 50 336
bicycle 0.0235 0 300 88 369
bird 0.0421 54 138 73 186
bird 0.0242 8 276 56 335
bird 0.0237 38 129 81 236
boat 0.1108 8 263 119 365
boat 0.0472 8 274 56 331
boat 0.0462 3 305 101 370
boat 0.0308 182 138 204 163
boat 0.0271 54 138 73 186
boat 0.0231 54 290 112 368
bottle 0.0342 55 134 72 178
bottle 0.0280 8 276 56 335
bottle 0.0260 383 14 502 357
car 0.0343 6 282 114 370
car 0.0238 123 178 169 274
cat 0.0343 124 178 168 270
chair 0.5568 124 178 168 270
chair 0.1336 10 287 117 371
chair 0.0996 19 136 85 253
chair 0.0445 165 181 197 265
chair 0.0395 5 273 45 338
chair 0.0360 54 138 73 186
chair 0.0345 182 141 204 165
chair 0.0319 41 123 72 213
diningtable 0.0659 8 271 119 370
diningtable 0.0476 126 176 171 272
dog 0.0260 124 178 168 270
horse 0.0290 124 178 168 270
person 0.0654 54 138 73 186
person 0.0511 30 130 82 241
person 0.0346 7 277 57 340
person 0.0278 0 290 88 368
person 0.0268 1 160 3 234
person 0.0241 2 167 2 239
person 0.0239 21 73 75 246
person 0.0235 126 176 171 272
pottedplant 0.0608 54 138 73 186
pottedplant 0.0512 7 275 50 336
pottedplant 0.0451 4 277 115 369
pottedplant 0.0326 30 130 82 241
pottedplant 0.0298 2 302 63 367
pottedplant 0.0276 21 73 75 246
sheep 0.0239 124 178 168 270
sofa 0.0982 126 176 171 272
sofa 0.0473 6 282 114 370
sofa 0.0302 19 136 85 253
tvmonitor 0.0752 396 13 497 241
tvmonitor 0.0493 238 2 491 369
tvmonitor 0.0260 8 271 119 370
tvmonitor 0.0254 182 138 204 163
