aeroplane 0.0593 0 81 497 327
aeroplane 0.0380 99 137 396 238
bicycle 0.0291 34 104 461 282
bird 0.0415 351 6 440 102
boat 0.0379 0 81 497 327
boat 0.0340 65 125 430 255
bottle 0.0498 98 170 139 212
bottle 0.0314 1 0 40 83
bus 0.0462 0 81 497 327
bus 0.0354 99 137 396 238
bus 0.0354 186 113 372 225
car 0.7486 0 95 495 334
car 0.1021 99 137 396 238
car 0.0374 186 113 372 225
car 0.0327 492 164 494 297
car 0.0299 492 178 494 305
chair 0.0351 99 137 396 238
chair 0.0347 34 104 461 282
chair 0.0276 0 197 495 334
dog 0.0384 349 5 435 98
dog 0.0277 98 172 139 214
horse 0.0275 34 104 461 282
motorbike 0.0860 34 104 461 282
motorbike 0.0673 99 137 396 238
person 0.5989 186 50 246 96
person 0.4793 183 140 264 219
person 0.4007 69 39 136 107
person 0.3954 348 5 436 103
person 0.1426 414 149 471 210
person 0.1416 99 137 396 238
person 0.1290 98 172 139 214
person 0.1125 365 123 466 215
person 0.1070 34 104 461 282
person 0.0961 186 113 372 225
person 0.0943 226 143 332 211
person 0.0558 7 32 152 178
person 0.0489 1 0 40 83
person 0.0394 35 17 93 102
person 0.0302 493 167 493 300
person 0.0300 492 125 495 298
person 0.0295 493 160 494 296
person 0.0293 492 23 494 139
person 0.0290 5 0 76 104
pottedplant 0.0328 98 172 139 214
pottedplant 0.0290 2 0 47 83
pottedplant 0.0288 99 137 396 238
sofa 0.0387 0 197 495 334
sofa 0.0356 34 104 461 282
sofa 0.0348 99 137 396 238
train 0.0384 2 79 493 318
tvmonitor 0.0335 2 0 47 103
