aeroplane 0.0250 188 1 237 6
bird 0.0955 3 153 62 218
bird 0.0639 191 1 241 6
bird 0.0584 6 150 59 189
bird 0.0290 385 13 422 30
boat 0.0261 1 220 95 281
bottle 0.0353 1 155 63 227
bottle 0.0281 66 106 85 125
bottle 0.0280 317 74 475 245
bottle 0.0272 6 150 59 189
bus 0.0627 315 82 476 253
car 0.1093 317 246 373 286
car 0.0389 367 256 424 286
car 0.0359 279 236 332 260
car 0.0347 1 220 95 281
car 0.0286 2 156 62 230
car 0.0265 342 227 395 269
car 0.0260 315 82 476 253
cat 0.0506 1 155 63 227
cat 0.0497 6 148 59 187
cat 0.0295 140 98 301 242
cat 0.0268 188 1 237 6
chair 0.0482 2 156 62 230
chair 0.0416 1 220 95 276
chair 0.0301 130 1 201 6
chair 0.0270 316 83 476 256
cow 0.0250 6 148 59 187
dog 0.0526 3 153 62 218
dog 0.0496 6 150 59 189
horse 0.0308 3 153 62 218
person 0.1824 1 155 63 227
person 0.0468 191 1 241 6
pottedplant 0.1190 2 156 62 230
pottedplant 0.0801 188 1 237 6
pottedplant 0.0653 0 166 34 262
pottedplant 0.0553 450 173 490 265
pottedplant 0.0442 448 61 492 226
pottedplant 0.0438 106 119 155 226
pottedplant 0.0401 410 52 483 215
pottedplant 0.0367 116 116 151 182
pottedplant 0.0357 461 117 494 280
pottedplant 0.0295 130 1 201 6
pottedplant 0.0294 469 60 495 98
pottedplant 0.0279 410 55 483 93
pottedplant 0.0258 435 62 489 106
sheep 0.0284 6 150 59 189
sofa 0.0289 2 156 62 230
sofa 0.0251 2 219 95 272
train 0.0273 315 82 476 253
tvmonitor 0.8340 139 99 301 246
tvmonitor 0.2884 315 82 476 253
tvmonitor 0.0687 3 218 93 267
tvmonitor 0.0389 1 210 25 286
tvmonitor 0.0283 1 156 64 266
tvmonitor 0.0253 128 1 195 6
