car 0.0807 423 213 493 369
cat 0.0556 420 223 495 370
cat 0.0411 460 193 495 265
cat 0.0333 478 195 493 264
chair 0.7087 374 153 457 247
chair 0.5317 274 136 346 205
chair 0.1222 0 203 34 297
chair 0.1204 417 213 493 369
chair 0.1052 444 184 496 263
chair 0.0949 254 122 374 302
chair 0.0603 459 118 496 259
chair 0.0557 231 191 396 309
chair 0.0514 478 174 493 255
chair 0.0493 3 172 94 286
chair 0.0426 494 188 492 265
chair 0.0412 480 196 492 280
diningtable 0.0938 231 195 396 311
diningtable 0.0572 415 224 494 370
diningtable 0.0545 374 153 457 247
diningtable 0.0371 0 203 34 297
diningtable 0.0355 2 184 94 286
dog 0.0445 444 187 495 265
dog 0.0311 478 195 493 264
person 0.0395 494 186 493 261
person 0.0385 495 200 492 271
person 0.0364 254 122 374 302
person 0.0364 428 175 495 360
person 0.0354 492 119 494 258
person 0.0352 459 185 496 261
person 0.0352 493 173 493 251
person 0.0334 493 131 493 257
person 0.0327 480 197 491 274
person 0.0307 459 118 496 259
pottedplant 0.3037 7 160 81 228
pottedplant 0.1587 1 192 17 219
pottedplant 0.1449 4 190 29 222
pottedplant 0.0305 374 153 457 247
sofa 0.8305 79 142 322 294
sofa 0.1385 422 188 495 370
sofa 0.0988 374 153 457 247
sofa 0.0974 444 184 496 263
sofa 0.0690 274 136 346 205
sofa 0.0336 254 122 374 302
tvmonitor 0.1533 415 230 495 370
