aeroplane 0.1193 -1 73 497 329
bicycle 0.1379 0 15 496 315
bird 0.0520 0 15 496 315
boat 0.1017 0 15 496 315
bottle 0.1408 0 15 496 315
bus 0.0528 0 15 496 315
car 0.2532 -1 73 497 329
cat 0.0521 0 15 496 315
chair 0.0960 0 15 496 315
cow 0.0628 0 15 496 315
diningtable 0.1440 0 15 496 315
dog 0.0725 0 15 496 315
horse 0.0616 0 15 496 315
motorbike 0.2809 0 15 496 315
person 0.1267 0 15 496 315
pottedplant 0.1226 0 15 496 315
sheep 0.0773 0 15 496 315
sofa 0.0793 0 15 496 315
train 0.0977 0 15 496 315
tvmonitor 0.0675 0 15 496 315
