aeroplane 0.0325 162 167 349 274
bird 0.0316 252 174 281 226
bird 0.0270 162 167 349 274
bird 0.0226 215 164 326 248
bird 0.0211 251 159 276 206
bird 0.0204 268 177 305 235
boat 0.7142 163 169 355 277
boat 0.0447 243 169 338 266
boat 0.0280 309 219 357 269
boat 0.0272 272 184 363 269
boat 0.0247 278 175 303 219
boat 0.0211 0 2 495 263
bottle 0.0331 162 167 349 274
bottle 0.0263 248 175 278 225
bus 0.0236 162 167 349 274
person 0.4143 250 160 277 211
person 0.0690 278 173 303 215
sheep 0.0321 163 169 355 277
train 0.0307 163 169 355 277
