aeroplane 0.0279 72 154 87 176
boat 0.0472 210 165 271 217
bottle 0.0449 387 148 405 199
bottle 0.0414 485 28 494 74
bottle 0.0411 480 0 492 13
bottle 0.0325 44 155 52 175
bus 0.7386 105 131 210 216
bus 0.1237 72 154 87 176
bus 0.0788 103 154 126 182
bus 0.0776 110 151 135 185
bus 0.0753 208 163 272 215
bus 0.0716 94 156 119 180
bus 0.0682 189 156 212 180
bus 0.0673 198 158 219 178
bus 0.0652 108 147 152 189
bus 0.0636 178 152 207 184
bus 0.0500 59 154 68 176
bus 0.0425 115 149 130 164
bus 0.0408 35 146 46 172
bus 0.0374 195 142 269 182
bus 0.0371 171 146 199 167
bus 0.0366 186 163 231 196
bus 0.0347 293 167 311 181
bus 0.0333 115 145 130 156
bus 0.0309 491 30 495 77
bus 0.0305 115 140 130 149
car 0.7046 210 165 271 217
car 0.1874 293 167 311 181
car 0.1835 72 156 86 180
car 0.1122 59 157 68 178
car 0.0418 105 131 210 216
car 0.0396 490 187 496 213
car 0.0391 391 153 408 200
car 0.0365 2 150 8 221
car 0.0338 110 149 126 164
car 0.0323 106 152 130 184
car 0.0321 115 140 130 149
car 0.0315 115 145 130 156
car 0.0291 268 165 281 183
car 0.0284 201 158 223 177
car 0.0280 491 30 495 77
car 0.0276 193 165 231 206
car 0.0268 198 162 226 186
chair 0.0342 44 155 52 175
chair 0.0311 490 190 496 217
motorbike 0.0377 55 161 64 180
motorbike 0.0355 48 161 56 180
motorbike 0.0344 70 159 81 183
motorbike 0.0306 72 165 79 187
motorbike 0.0294 293 167 311 181
motorbike 0.0291 208 163 272 215
person 0.1113 70 159 81 183
person 0.1092 105 131 210 216
person 0.1058 55 161 64 180
person 0.1051 44 155 52 175
person 0.0563 94 181 104 208
person 0.0476 108 151 128 179
person 0.0471 110 149 126 164
person 0.0470 387 148 405 199
person 0.0404 175 150 202 180
person 0.0375 160 144 201 186
person 0.0373 198 162 226 186
person 0.0372 90 156 116 179
person 0.0369 144 137 218 204
person 0.0346 291 168 307 180
person 0.0341 183 154 210 182
person 0.0316 491 30 495 77
person 0.0314 490 190 496 217
person 0.0294 146 136 169 147
person 0.0292 106 137 179 193
person 0.0279 1 147 3 224
person 0.0278 136 139 163 150
person 0.0266 132 145 167 167
pottedplant 0.0399 44 155 52 175
pottedplant 0.0361 21 58 59 154
pottedplant 0.0327 55 161 64 180
pottedplant 0.0323 481 2 491 17
pottedplant 0.0284 71 162 80 185
pottedplant 0.0274 401 167 414 198
pottedplant 0.0269 391 153 408 200
sheep 0.0305 210 165 271 217
train 0.0314 210 165 271 217
train 0.0304 75 154 91 176
tvmonitor 0.0426 491 28 495 74
tvmonitor 0.0347 22 133 44 167
tvmonitor 0.0296 35 146 46 172
