bottle 0.0244 212 0 396 297
car 0.0399 -1 7 398 126
cat 0.5560 40 47 224 296
chair 0.0371 43 46 228 297
chair 0.0333 -5 2 83 295
chair 0.0313 4 1 392 296
chair 0.0303 0 4 32 293
chair 0.0281 0 9 15 287
chair 0.0229 70 27 232 148
chair 0.0216 368 -1 396 177
diningtable 0.0263 4 1 392 296
dog 0.0299 42 41 228 298
person 0.0463 0 4 32 293
person 0.0289 4 1 392 296
person 0.0285 49 41 246 298
person 0.0216 383 5 400 292
pottedplant 0.0228 -5 0 195 298
sofa 0.0302 4 1 392 296
sofa 0.0225 0 10 396 155
tvmonitor 0.0345 0 2 396 78
tvmonitor 0.0293 0 4 27 293
tvmonitor 0.0250 -1 1 54 295
tvmonitor 0.0246 2 55 12 279
tvmonitor 0.0227 42 36 228 297
tvmonitor 0.0224 0 10 396 146
tvmonitor 0.0218 30 0 416 44
