bicycle 0.7148 85 40 298 423
bicycle 0.1248 139 105 238 272
bicycle 0.0560 304 1 373 56
bicycle 0.0461 151 44 288 232
bicycle 0.0374 156 73 246 203
bicycle 0.0354 298 0 329 27
bird 0.0840 349 278 365 303
bird 0.0768 345 300 357 327
bird 0.0436 298 0 329 27
bird 0.0383 363 279 382 302
bird 0.0362 305 1 384 56
bird 0.0300 92 65 166 156
bottle 0.4045 193 140 209 205
bottle 0.0824 160 144 204 218
bottle 0.0735 166 152 186 210
bottle 0.0702 76 36 295 420
bottle 0.0671 125 102 239 291
bottle 0.0625 143 129 209 264
bottle 0.0591 189 97 219 187
bottle 0.0448 147 152 192 241
car 0.0310 301 -2 332 21
chair 0.0379 148 126 217 252
chair 0.0309 115 81 261 312
chair 0.0307 166 139 211 223
chair 0.0301 175 126 226 266
diningtable 0.0439 187 140 209 238
diningtable 0.0362 193 140 209 205
dog 0.0364 193 140 209 205
dog 0.0340 299 -1 333 28
motorbike 0.0683 303 -1 380 52
motorbike 0.0537 299 -1 333 28
motorbike 0.0534 193 144 209 218
motorbike 0.0462 296 -3 349 37
motorbike 0.0348 76 36 295 420
motorbike 0.0312 136 109 234 261
person 0.0614 299 -1 333 28
person 0.0599 193 140 209 205
person 0.0564 305 -1 384 52
person 0.0402 164 150 194 212
person 0.0377 153 137 205 240
person 0.0357 187 140 209 238
person 0.0324 245 2 275 9
person 0.0315 178 143 205 219
pottedplant 0.0406 305 1 384 56
pottedplant 0.0314 298 0 329 27
sheep 0.0322 298 0 329 27
