aeroplane 0.0303 0 1 372 494
bicycle 0.0540 0 1 372 494
bird 0.0272 0 1 372 494
boat 0.0385 0 1 372 494
bottle 0.0665 11 -4 331 226
bottle 0.0407 345 -1 371 176
bottle 0.0402 0 1 372 494
car 0.0603 0 1 372 494
cat 0.0465 0 1 372 494
chair 0.1178 0 1 372 494
chair 0.0357 345 3 372 180
cow 0.0268 0 1 372 494
diningtable 0.1114 0 1 372 494
dog 0.8378 130 203 317 494
dog 0.0537 0 1 372 494
horse 0.0343 0 1 372 494
motorbike 0.0481 0 1 372 494
person 0.1346 0 1 372 494
pottedplant 0.0481 0 1 372 494
sofa 0.1141 0 1 372 494
sofa 0.0281 140 200 324 497
train 0.0317 0 1 372 494
tvmonitor 0.0403 0 1 372 494
tvmonitor 0.0355 345 3 372 180
