aeroplane 0.0556 27 1 262 400
aeroplane 0.0258 5 328 26 347
bird 0.0811 212 338 235 374
bird 0.0290 250 289 284 369
bird 0.0248 203 339 222 374
bird 0.0229 38 0 280 394
boat 0.6490 38 2 274 399
boat 0.1525 3 332 22 349
boat 0.0738 212 338 235 374
boat 0.0646 241 334 288 372
boat 0.0620 193 333 324 381
boat 0.0483 106 338 341 430
boat 0.0441 253 315 282 374
boat 0.0397 168 353 291 391
boat 0.0391 194 352 276 377
boat 0.0390 41 311 61 340
boat 0.0278 0 245 371 563
boat 0.0272 4 256 28 349
boat 0.0263 344 281 361 300
boat 0.0255 323 285 352 303
boat 0.0228 44 306 81 345
boat 0.0227 19 319 53 340
boat 0.0212 74 136 326 390
boat 0.0203 213 298 222 329
bottle 0.0410 212 338 235 374
car 0.0255 212 338 235 374
car 0.0252 2 332 17 350
cat 0.0208 209 333 232 374
cow 0.0321 212 338 235 374
dog 0.0537 209 333 232 374
horse 0.0346 212 338 235 374
person 0.6206 250 289 284 369
person 0.3257 209 333 232 374
person 0.0219 195 326 205 349
pottedplant 0.0227 209 337 232 375
sheep 0.0335 212 338 235 374
sheep 0.0215 2 332 17 350
sheep 0.0213 39 0 296 400
