boat 0.0327 31 1 527 370
bottle 0.0252 468 66 495 141
car 0.0303 468 72 495 152
car 0.0267 31 1 527 370
cat 0.8031 4 110 280 372
chair 0.0712 468 66 495 141
chair 0.0486 31 1 527 370
chair 0.0311 8 109 284 367
chair 0.0243 483 19 496 135
diningtable 0.0463 31 1 527 370
diningtable 0.0212 1 177 495 369
horse 0.0216 2 2 493 369
person 0.0382 31 1 527 370
person 0.0218 474 66 496 135
person 0.0216 492 12 495 130
sofa 0.0516 31 1 527 370
sofa 0.0208 474 70 496 142
train 0.0289 31 1 527 370
tvmonitor 0.0548 468 71 495 148
tvmonitor 0.0367 31 1 527 370
tvmonitor 0.0298 15 104 291 367
