boat 0.0228 473 174 490 232
boat 0.0222 427 188 450 200
bottle 0.0272 2 196 9 228
bus 0.0584 422 184 448 199
bus 0.0332 473 163 491 232
bus 0.0253 442 176 474 206
bus 0.0235 461 156 487 227
bus 0.0220 452 161 480 221
car 0.0413 427 188 450 200
car 0.0282 473 174 490 232
car 0.0232 1 193 3 236
car 0.0210 493 178 493 234
person 0.0456 2 196 9 228
person 0.0351 473 177 491 235
person 0.0269 7 172 26 216
person 0.0248 492 191 495 244
person 0.0247 429 191 448 202
person 0.0244 1 152 3 219
person 0.0212 494 160 493 234
train 0.4177 2 159 422 241
train 0.0490 422 184 448 199
train 0.0206 414 112 495 241
train 0.0205 473 163 491 232
