bottle 0.0293 2 182 9 224
bottle 0.0255 184 210 280 249
bus 0.0274 76 155 136 216
car 0.0266 431 173 493 332
cat 0.0408 76 155 136 216
chair 0.5430 -1 216 121 347
chair 0.1262 2 212 55 340
chair 0.0732 307 210 499 372
chair 0.0668 0 221 18 349
chair 0.0529 1 235 9 352
chair 0.0448 424 233 493 367
chair 0.0336 431 173 493 332
chair 0.0322 0 205 10 289
chair 0.0286 158 214 298 304
chair 0.0266 175 209 288 267
diningtable 0.0408 3 236 492 375
diningtable 0.0303 0 220 121 349
diningtable 0.0300 154 218 295 311
person 0.1216 288 107 495 363
person 0.0393 76 155 136 216
person 0.0339 312 0 550 371
person 0.0312 308 222 492 371
person 0.0302 1 187 10 225
person 0.0283 2 120 2 251
person 0.0278 432 167 493 315
person 0.0276 447 178 493 269
person 0.0274 492 186 495 296
person 0.0269 0 228 11 342
person 0.0261 2 162 2 232
person 0.0246 0 178 3 263
person 0.0241 493 200 493 306
pottedplant 0.0547 2 182 9 224
pottedplant 0.0500 1 142 10 241
pottedplant 0.0482 3 115 8 257
pottedplant 0.0333 171 211 285 260
pottedplant 0.0330 1 83 17 258
sofa 0.3868 305 203 495 373
sofa 0.0413 -1 216 121 347
sofa 0.0297 76 155 136 216
sofa 0.0269 2 206 63 282
tvmonitor 0.6423 76 155 136 216
tvmonitor 0.0359 152 167 249 239
tvmonitor 0.0303 3 198 54 266
tvmonitor 0.0257 2 182 9 224
