aeroplane 0.0632 199 138 295 226
bird 0.0804 194 237 223 280
bird 0.0736 110 165 135 206
bird 0.0374 287 45 302 74
bird 0.0214 3 120 492 357
boat 0.0803 199 138 295 226
boat 0.0298 7 113 488 352
bottle 0.0236 200 138 295 222
bus 0.0524 200 138 295 222
car 0.7873 199 138 295 226
car 0.0212 207 146 233 190
cat 0.0292 110 165 135 206
cat 0.0220 194 237 223 280
cat 0.0215 3 120 492 357
chair 0.0264 199 138 295 226
cow 0.0220 197 235 227 277
dog 0.0301 194 237 223 280
dog 0.0293 110 165 135 206
motorbike 0.0428 200 138 295 222
person 0.0229 194 236 223 276
person 0.0228 110 165 135 206
pottedplant 0.0303 199 138 295 226
sheep 0.0633 199 138 295 226
sheep 0.0582 3 116 492 354
sheep 0.0512 194 237 223 280
sheep 0.0410 110 165 135 206
train 0.0369 199 138 295 226
tvmonitor 0.0236 199 138 295 226
