aeroplane 0.0424 299 176 327 202
aeroplane 0.0395 247 181 295 205
aeroplane 0.0222 227 183 253 210
bicycle 0.4102 1 184 27 264
bicycle 0.1282 21 189 48 259
bicycle 0.1018 305 180 330 204
bicycle 0.0289 325 183 332 203
bird 0.0208 1 184 27 264
boat 0.0254 247 181 295 205
boat 0.0230 1 184 27 264
boat 0.0228 71 101 237 292
boat 0.0221 225 182 251 210
bottle 0.0338 1 184 27 264
bottle 0.0238 15 187 49 261
bus 0.0613 70 107 233 294
bus 0.0438 244 181 293 206
bus 0.0367 227 183 253 210
bus 0.0275 121 140 192 182
bus 0.0264 70 175 93 195
bus 0.0257 225 140 240 183
bus 0.0255 61 179 86 199
bus 0.0240 162 139 199 169
bus 0.0227 220 144 244 195
bus 0.0227 210 176 244 210
bus 0.0202 229 139 245 184
bus 0.0201 69 164 94 191
car 0.7148 70 107 233 294
car 0.5857 244 181 293 206
car 0.3820 225 182 251 210
car 0.1455 61 187 81 207
car 0.1038 236 183 270 203
car 0.0748 299 176 327 202
car 0.0667 274 184 294 201
car 0.0312 124 96 142 109
car 0.0282 320 182 331 203
car 0.0261 140 101 174 113
chair 0.0328 302 180 329 205
chair 0.0327 1 184 27 264
chair 0.0261 16 199 48 263
chair 0.0232 0 195 8 260
horse 0.0273 1 184 27 264
horse 0.0250 299 181 327 204
motorbike 0.1500 302 180 329 205
motorbike 0.0874 1 184 27 264
motorbike 0.0413 244 181 293 206
motorbike 0.0370 21 189 48 259
motorbike 0.0324 227 183 253 210
motorbike 0.0260 61 190 81 210
motorbike 0.0246 274 184 294 201
motorbike 0.0208 236 183 270 203
person 0.0457 150 142 185 166
person 0.0447 9 162 29 231
person 0.0417 137 139 177 161
person 0.0403 305 176 330 201
person 0.0383 1 184 27 264
person 0.0342 27 187 47 253
person 0.0333 1 177 6 240
person 0.0304 129 145 163 170
person 0.0274 128 149 144 167
person 0.0274 280 184 294 201
person 0.0269 320 182 331 203
person 0.0267 225 182 251 210
person 0.0247 233 184 257 208
person 0.0220 239 187 272 204
person 0.0215 60 194 76 214
person 0.0207 0 183 2 272
pottedplant 0.0458 302 180 329 205
pottedplant 0.0396 1 184 27 264
pottedplant 0.0314 -1 -11 35 265
pottedplant 0.0235 325 183 332 203
pottedplant 0.0234 0 -4 18 235
pottedplant 0.0233 26 194 47 260
train 0.0314 247 181 295 205
train 0.0243 66 107 233 293
train 0.0220 227 183 253 210
