aeroplane 0.0273 48 138 66 186
bicycle 0.0395 53 151 68 188
bird 0.0373 48 138 66 186
boat 0.0234 49 142 66 186
bottle 0.0231 53 151 68 188
bottle 0.0227 48 138 66 186
bus 0.8480 67 82 405 247
bus 0.0262 48 136 66 184
car 0.0491 48 138 66 186
car 0.0368 447 166 474 185
car 0.0247 70 79 410 246
car 0.0212 2 131 2 172
car 0.0211 77 140 90 178
car 0.0209 468 169 475 187
car 0.0205 18 144 30 175
car 0.0201 11 145 21 168
chair 0.0319 50 152 64 187
chair 0.0291 58 153 70 185
chair 0.0244 442 166 472 185
cow 0.0225 48 138 66 186
dog 0.0304 48 138 66 186
horse 0.0486 49 146 66 187
motorbike 0.0560 49 146 66 187
person 0.5223 48 138 66 186
person 0.0600 77 143 90 181
person 0.0534 21 142 33 176
person 0.0520 67 82 405 247
person 0.0270 2 136 1 183
person 0.0256 2 133 1 175
person 0.0250 168 128 185 153
person 0.0233 157 130 174 151
person 0.0211 118 99 362 193
tvmonitor 0.0311 67 82 405 247
