boat 0.0213 26 0 469 309
bottle 0.0265 475 29 496 280
bottle 0.0260 493 73 493 162
bottle 0.0251 493 64 494 162
bottle 0.0230 493 79 493 166
bus 0.0204 475 29 496 280
car 0.0577 0 0 41 17
car 0.0214 494 76 493 164
chair 0.0276 264 11 473 224
chair 0.0273 -2 3 53 305
chair 0.0238 11 0 343 308
chair 0.0229 0 0 49 21
chair 0.0228 475 29 496 280
chair 0.0224 1 16 64 180
person 0.4504 275 10 447 176
person 0.0443 475 29 496 280
person 0.0307 491 86 495 276
person 0.0264 493 79 493 166
person 0.0256 478 62 494 232
person 0.0253 493 73 493 162
person 0.0252 493 81 494 174
person 0.0243 26 0 469 309
person 0.0226 1 0 48 17
person 0.0224 463 55 493 268
pottedplant 0.0205 0 0 41 17
train 0.0279 26 0 469 309
tvmonitor 0.0284 475 29 496 280
tvmonitor 0.0240 211 13 449 168
tvmonitor 0.0228 26 0 469 309
tvmonitor 0.0226 0 0 41 17
