aeroplane 0.7604 17 113 494 317
aeroplane 0.2128 386 216 499 272
aeroplane 0.1130 3 216 39 242
aeroplane 0.1082 -1 235 35 259
aeroplane 0.0781 2 284 31 303
aeroplane 0.0667 457 218 498 258
aeroplane 0.0449 324 138 499 291
aeroplane 0.0385 43 285 69 303
aeroplane 0.0382 491 254 495 281
aeroplane 0.0378 29 286 51 302
aeroplane 0.0376 37 285 59 303
aeroplane 0.0375 -9 219 115 304
aeroplane 0.0302 492 198 495 255
aeroplane 0.0265 16 263 96 307
aeroplane 0.0262 491 180 495 262
bicycle 0.0268 3 288 30 304
bicycle 0.0260 42 289 62 304
bicycle 0.0258 35 289 53 304
boat 0.0387 2 284 31 303
boat 0.0322 386 221 499 278
boat 0.0305 491 240 495 277
boat 0.0300 491 258 495 282
boat 0.0294 490 222 496 272
boat 0.0240 4 215 37 239
boat 0.0237 476 110 496 260
boat 0.0228 0 4 495 320
bus 0.0873 2 284 31 303
bus 0.0381 491 240 495 277
bus 0.0265 397 256 456 279
bus 0.0239 37 280 68 302
bus 0.0237 490 222 496 272
car 0.2515 2 284 31 303
car 0.0685 491 258 495 282
car 0.0683 42 289 62 304
car 0.0627 413 267 441 280
car 0.0291 410 253 491 282
car 0.0255 489 221 497 262
chair 0.0289 3 288 30 304
chair 0.0269 491 262 495 285
cow 0.0237 7 288 34 304
horse 0.0266 7 288 34 304
motorbike 0.0695 3 288 30 304
motorbike 0.0482 42 289 62 304
motorbike 0.0480 35 289 53 304
motorbike 0.0425 26 289 47 303
motorbike 0.0280 413 267 441 280
person 0.1198 42 289 62 304
person 0.1016 10 285 39 302
person 0.0580 491 258 495 282
person 0.0420 413 267 441 280
person 0.0340 145 288 169 311
person 0.0280 490 222 496 272
pottedplant 0.0372 35 289 53 304
pottedplant 0.0357 42 289 62 304
pottedplant 0.0311 3 288 30 304
pottedplant 0.0280 491 262 495 285
pottedplant 0.0227 491 245 495 279
train 0.0287 1 285 25 303
