bicycle 0.0240 182 103 329 344
boat 0.0323 195 108 331 345
bottle 0.7767 195 108 331 345
bottle 0.0361 -9 0 67 345
bottle 0.0311 156 105 448 348
bottle 0.0254 8 -1 487 346
bus 0.0266 360 249 494 345
car 0.0333 360 249 494 345
car 0.0323 191 107 328 346
cat 0.0253 191 97 328 345
chair 0.0376 8 -1 487 346
chair 0.0204 -6 0 72 345
chair 0.0201 144 3 389 342
diningtable 0.0540 8 -1 487 346
diningtable 0.0396 183 107 328 346
diningtable 0.0211 94 77 401 344
motorbike 0.0584 195 108 331 345
person 0.0374 183 107 328 346
person 0.0339 -9 0 67 345
person 0.0288 8 -1 487 346
pottedplant 0.0450 195 108 331 345
sheep 0.0312 191 107 328 346
sofa 0.0209 8 -1 487 346
