boat 0.0229 492 100 494 133
bottle 0.0230 492 100 494 133
bus 0.0229 492 100 494 133
car 0.0372 492 100 494 133
car 0.0332 493 106 494 148
car 0.0317 493 105 493 160
chair 0.0212 412 103 489 230
chair 0.0203 494 90 493 190
cow 0.0740 407 156 479 298
cow 0.0239 182 123 258 268
cow 0.0235 1 110 103 250
dog 0.0263 407 151 480 298
horse 0.7257 1 114 104 250
horse 0.7013 182 123 258 268
horse 0.5782 409 151 483 298
horse 0.0454 411 104 482 250
horse 0.0274 1 140 9 214
horse 0.0269 15 95 89 212
horse 0.0263 0 118 10 194
horse 0.0244 486 169 494 238
person 0.7123 190 78 258 202
person 0.7080 412 77 481 214
person 0.6290 26 78 78 187
person 0.0649 33 81 71 147
person 0.0616 0 83 10 176
person 0.0385 492 100 494 133
person 0.0372 493 105 493 160
person 0.0372 494 95 492 180
person 0.0331 2 149 8 210
person 0.0330 493 88 493 198
person 0.0329 423 87 470 157
person 0.0319 469 92 487 183
person 0.0283 2 193 8 235
person 0.0267 1 170 2 237
person 0.0261 75 180 100 232
person 0.0255 456 92 484 162
person 0.0252 437 85 471 137
person 0.0250 434 83 490 172
person 0.0212 493 166 494 246
pottedplant 0.0228 492 100 494 133
pottedplant 0.0214 493 105 493 160
pottedplant 0.0211 493 106 494 148
train 0.0256 407 151 480 298
