aeroplane 0.0303 -1 36 497 276
aeroplane 0.0264 445 110 495 173
aeroplane 0.0249 338 79 485 192
aeroplane 0.0244 1 68 32 92
boat 0.0356 338 80 485 197
boat 0.0261 12 60 287 218
bus 0.0313 -1 134 66 219
bus 0.0300 0 86 495 302
bus 0.0236 0 158 26 248
car 0.6549 5 80 303 361
car 0.4575 0 95 496 305
car 0.1068 164 138 487 297
car 0.0699 475 180 496 226
car 0.0600 322 81 501 290
car 0.0558 -1 133 67 215
car 0.0515 458 183 497 246
car 0.0453 341 149 505 263
car 0.0342 0 154 27 276
car 0.0338 -4 120 109 297
car 0.0307 0 140 50 312
car 0.0298 394 175 499 243
car 0.0297 474 187 497 266
car 0.0235 428 186 496 255
chair 0.0406 126 68 189 92
motorbike 0.0269 0 49 496 276
person 0.0313 0 156 18 227
person 0.0291 0 146 3 225
person 0.0261 1 166 3 240
person 0.0236 -4 136 55 218
pottedplant 0.0378 126 68 189 92
pottedplant 0.0311 453 110 495 173
pottedplant 0.0233 417 119 484 199
train 0.0234 -1 36 497 276
tvmonitor 0.0472 -1 133 67 215
tvmonitor 0.0287 126 68 189 92
