aeroplane 0.5727 80 121 485 278
aeroplane 0.1783 393 141 485 242
aeroplane 0.0606 451 158 496 241
aeroplane 0.0529 475 141 496 216
aeroplane 0.0486 432 193 492 243
aeroplane 0.0339 150 168 289 231
aeroplane 0.0312 196 187 228 217
aeroplane 0.0242 468 93 496 223
aeroplane 0.0232 434 102 490 229
bicycle 0.0255 393 141 485 242
bird 0.0316 198 288 225 331
bird 0.0262 186 184 207 215
boat 0.0504 393 139 485 239
boat 0.0355 444 197 496 244
boat 0.0304 198 292 225 331
boat 0.0289 467 149 496 225
boat 0.0273 458 169 497 241
boat 0.0264 86 121 487 279
bottle 0.0968 198 292 225 331
car 0.0379 438 200 494 246
car 0.0309 491 154 495 234
car 0.0293 492 140 494 217
car 0.0275 444 168 496 242
car 0.0274 474 153 497 235
car 0.0250 491 186 495 245
chair 0.0280 438 197 494 244
chair 0.0278 393 141 485 242
chair 0.0232 464 188 499 242
person 0.0918 185 187 208 217
person 0.0674 198 292 225 331
person 0.0369 491 86 495 219
person 0.0352 492 127 494 220
person 0.0316 491 154 495 234
person 0.0313 485 54 494 220
person 0.0290 492 172 494 327
person 0.0284 474 153 497 235
person 0.0282 453 49 495 224
person 0.0270 493 52 494 211
person 0.0266 491 169 495 314
person 0.0261 451 190 497 241
person 0.0239 491 192 495 249
person 0.0231 493 221 494 315
pottedplant 0.0431 198 292 225 331
pottedplant 0.0327 475 135 496 217
pottedplant 0.0283 492 140 494 217
pottedplant 0.0259 466 153 496 236
pottedplant 0.0254 393 141 485 242
pottedplant 0.0250 492 97 495 219
pottedplant 0.0235 457 184 497 241
pottedplant 0.0230 491 154 495 234
