aeroplane 0.0403 0 1 415 494
bird 0.3451 210 86 368 315
boat 0.0340 0 1 415 494
bus 0.0377 0 1 415 494
car 0.0625 0 1 415 494
cat 0.0373 0 1 415 494
chair 0.1119 0 1 415 494
chair 0.0345 0 331 416 499
diningtable 0.0604 0 1 415 494
diningtable 0.0489 0 331 416 499
dog 0.0573 0 1 415 494
dog 0.0474 210 86 368 315
horse 0.0344 0 1 415 494
motorbike 0.0403 0 1 415 494
person 0.4999 0 87 415 493
person 0.0528 0 315 415 499
person 0.0439 210 87 368 321
person 0.0408 203 99 414 490
person 0.0378 0 95 206 494
pottedplant 0.0448 0 1 415 494
sheep 0.0363 210 86 368 315
sofa 0.1341 0 1 415 494
sofa 0.0588 0 349 415 497
tvmonitor 0.0593 0 1 415 494
