bicycle 0.0378 457 38 498 262
bird 0.7705 82 17 359 360
bird 0.1195 460 122 496 255
bird 0.0510 462 132 493 379
bird 0.0347 452 12 495 260
bottle 0.0344 460 115 496 256
car 0.0370 320 0 502 14
car 0.0336 451 37 497 263
cat 0.0795 460 115 496 256
cat 0.0300 466 114 497 362
chair 0.0356 458 100 497 253
cow 0.0872 460 115 496 256
cow 0.0419 452 23 496 266
dog 0.1408 460 115 496 256
dog 0.0404 465 118 498 364
horse 0.1020 460 115 496 256
horse 0.0732 451 37 497 263
motorbike 0.0441 451 37 497 263
person 0.0984 453 15 495 262
person 0.0440 491 20 495 240
person 0.0425 460 121 495 373
person 0.0366 464 127 498 273
person 0.0338 482 124 496 388
person 0.0328 475 -3 496 241
person 0.0320 493 88 494 253
person 0.0298 490 135 496 359
sheep 0.1214 460 115 496 256
sheep 0.0321 465 118 498 364
sheep 0.0301 314 0 493 13
