bird 0.0314 -4 0 101 372
bottle 0.0643 -4 0 101 372
bottle 0.0200 -6 0 41 372
bus 0.0248 -2 0 106 371
car 0.0238 -2 0 106 371
cat 0.0601 155 8 339 217
cat 0.0386 -2 0 106 371
chair 0.0748 -4 0 101 372
chair 0.0259 -3 0 248 372
chair 0.0217 162 73 333 227
cow 0.0358 155 8 339 217
dog 0.6547 156 10 339 220
dog 0.0505 -4 0 101 372
horse 0.0434 -4 0 101 372
horse 0.0264 14 5 348 225
motorbike 0.0235 -4 0 101 372
person 0.4774 -2 0 106 371
person 0.0347 156 10 339 220
pottedplant 0.0294 -4 0 101 372
sheep 0.0269 155 8 339 217
sheep 0.0222 237 285 406 384
sofa 0.0428 -2 0 106 371
sofa 0.0306 156 10 339 220
tvmonitor 0.0255 -2 0 106 371
