aeroplane 0.0378 -1 0 497 330
boat 0.0648 0 0 425 330
bottle 0.0249 0 0 433 330
bus 0.1319 -1 0 497 330
bus 0.0473 385 139 468 211
bus 0.0377 11 0 405 204
car 0.0354 -1 0 497 330
car 0.0288 119 2 141 5
cat 0.0343 383 137 470 209
cat 0.0263 2 240 391 328
person 0.0478 383 139 465 207
person 0.0271 -1 0 497 330
sofa 0.0392 383 140 466 209
train 0.1078 -1 0 497 330
train 0.0274 13 1 419 204
tvmonitor 0.7640 385 139 468 211
tvmonitor 0.0668 1 31 431 340
tvmonitor 0.0375 80 53 415 203
tvmonitor 0.0288 462 12 494 177
tvmonitor 0.0256 -6 236 345 327
