aeroplane 0.0278 0 7 19 24
bicycle 0.0284 439 0 478 31
bicycle 0.0224 0 7 19 24
bird 0.0612 168 115 186 144
bird 0.0224 445 0 479 27
boat 0.0483 158 8 212 34
boat 0.0322 404 2 449 29
boat 0.0226 0 7 25 24
bottle 0.0548 192 10 224 32
bottle 0.0524 194 6 222 25
bottle 0.0363 159 5 195 26
bottle 0.0336 158 8 212 34
bottle 0.0313 402 0 444 25
bottle 0.0241 440 -1 476 27
bottle 0.0226 238 14 319 63
bus 0.0325 402 3 445 28
car 0.0651 402 3 445 28
car 0.0483 0 5 19 21
car 0.0453 318 26 434 75
car 0.0347 158 8 212 34
car 0.0344 172 80 385 349
car 0.0275 441 1 483 35
car 0.0253 37 0 59 13
car 0.0252 303 5 403 26
car 0.0235 345 5 439 26
chair 0.0455 318 26 434 75
chair 0.0301 404 2 449 29
chair 0.0244 440 -1 476 27
chair 0.0232 428 17 496 85
dog 0.0283 168 115 186 144
motorbike 0.5896 121 106 382 353
motorbike 0.0296 0 7 19 24
motorbike 0.0283 439 0 478 31
person 0.7272 196 6 354 341
person 0.0662 168 115 186 144
person 0.0504 445 0 479 27
person 0.0303 192 8 224 29
person 0.0279 160 5 202 26
person 0.0253 402 0 444 25
person 0.0236 179 13 354 170
pottedplant 0.0833 445 0 479 27
pottedplant 0.0609 13 44 162 140
pottedplant 0.0549 0 7 19 24
pottedplant 0.0523 459 2 496 35
pottedplant 0.0508 92 23 114 49
pottedplant 0.0335 37 2 59 17
pottedplant 0.0318 7 4 42 21
pottedplant 0.0307 159 5 195 26
pottedplant 0.0295 250 0 314 27
pottedplant 0.0290 194 6 222 25
pottedplant 0.0274 176 9 224 34
pottedplant 0.0271 119 22 149 62
pottedplant 0.0267 167 5 218 27
pottedplant 0.0258 404 2 449 29
pottedplant 0.0252 125 33 158 63
pottedplant 0.0247 318 26 434 75
pottedplant 0.0234 168 115 186 144
pottedplant 0.0233 -1 13 20 135
pottedplant 0.0220 99 22 137 74
pottedplant 0.0220 1 16 49 138
sofa 0.0255 318 26 434 75
train 0.0266 398 3 442 28
tvmonitor 0.0499 402 0 444 25
