bird 0.0269 -1 4 99 197
bus 0.6621 53 58 457 296
bus 0.0411 433 143 468 169
bus 0.0399 164 118 268 206
bus 0.0361 99 137 146 176
bus 0.0353 447 145 485 167
bus 0.0330 110 133 166 179
bus 0.0320 431 131 486 170
bus 0.0292 169 152 201 196
bus 0.0286 93 141 121 171
bus 0.0272 174 153 196 183
bus 0.0267 470 146 493 166
bus 0.0259 419 142 450 170
bus 0.0245 414 114 487 175
bus 0.0243 483 145 495 167
bus 0.0242 115 148 161 187
bus 0.0237 136 148 171 188
bus 0.0231 175 149 226 187
car 0.0540 447 145 485 167
car 0.0527 470 146 493 166
car 0.0271 2 0 103 66
car 0.0241 118 139 166 185
car 0.0235 98 139 138 174
cat 0.0235 4 1 101 41
chair 0.0450 2 1 102 54
dog 0.0280 2 1 102 54
horse 0.0316 3 1 108 88
person 0.1061 128 136 172 182
person 0.0924 148 140 182 178
person 0.0907 170 143 192 175
person 0.0657 2 0 103 66
person 0.0650 65 17 453 296
person 0.0635 174 155 196 187
person 0.0613 195 144 214 175
person 0.0605 0 0 113 196
person 0.0565 161 92 311 226
person 0.0550 98 140 131 172
person 0.0528 122 57 365 255
person 0.0340 177 188 193 212
person 0.0312 164 161 206 216
person 0.0256 92 112 130 159
person 0.0254 313 120 370 199
person 0.0232 136 131 258 229
person 0.0230 407 145 431 173
pottedplant 0.0466 5 77 75 194
sofa 0.0587 3 1 108 76
train 0.0298 404 37 489 170
train 0.0238 67 36 444 288
