aeroplane 0.0221 439 254 469 317
aeroplane 0.0209 48 169 135 203
bicycle 0.0404 439 256 469 320
bicycle 0.0223 315 187 344 207
bicycle 0.0210 195 163 285 255
bird 0.0213 49 2 133 23
boat 0.1660 439 256 469 320
boat 0.0242 66 45 163 197
bottle 0.0688 439 256 469 320
bus 0.0367 45 172 129 205
bus 0.0271 -2 173 107 204
bus 0.0267 57 164 164 212
bus 0.0243 263 138 364 191
bus 0.0209 104 171 195 217
bus 0.0205 164 142 206 170
car 0.2536 57 164 164 212
car 0.1851 104 171 195 217
car 0.0776 315 187 344 207
car 0.0568 286 186 342 209
car 0.0438 439 256 469 320
car 0.0412 -2 173 107 204
car 0.0280 462 174 493 203
car 0.0277 458 182 489 212
car 0.0245 261 138 366 197
car 0.0238 161 146 201 178
car 0.0201 491 178 496 210
chair 0.2128 439 256 469 320
cow 0.0255 195 163 285 255
cow 0.0214 270 185 327 210
diningtable 0.1056 439 256 469 320
horse 0.7020 199 164 287 254
horse 0.0251 273 184 332 210
motorbike 0.0575 315 187 344 207
motorbike 0.0313 275 184 337 210
person 0.5045 221 135 257 212
person 0.0380 321 187 345 207
person 0.0346 458 176 490 206
person 0.0326 424 179 454 210
person 0.0255 431 179 477 210
person 0.0236 439 254 469 317
person 0.0235 273 184 332 210
pottedplant 0.0783 439 256 469 320
pottedplant 0.0241 321 187 345 207
sheep 0.0368 439 254 469 317
sofa 0.0394 439 256 469 320
train 0.0256 439 254 469 317
train 0.0254 -3 171 100 200
train 0.0221 253 138 360 197
train 0.0205 42 169 132 202
tvmonitor 0.0856 439 256 469 320
