aeroplane 0.0455 316 101 335 117
aeroplane 0.0371 281 111 331 160
bicycle 0.0747 295 124 333 164
bicycle 0.0419 382 136 496 370
bicycle 0.0346 197 117 289 260
bird 0.0386 450 83 482 107
bus 0.0516 316 101 335 117
bus 0.0353 266 114 315 157
bus 0.0324 448 139 493 244
bus 0.0322 304 105 324 120
car 0.3343 269 114 320 157
car 0.2189 287 111 332 160
car 0.1879 316 101 335 117
car 0.1282 304 105 324 120
car 0.0866 455 141 492 242
car 0.0739 229 111 257 154
car 0.0687 356 87 374 102
car 0.0509 285 106 312 118
car 0.0463 197 117 289 260
car 0.0392 404 95 496 323
car 0.0372 218 112 269 200
car 0.0338 360 22 501 355
car 0.0329 255 105 310 120
cow 0.0493 451 86 482 109
cow 0.0395 359 90 377 105
cow 0.0341 316 101 335 117
horse 0.0422 451 86 482 109
horse 0.0414 298 111 337 160
motorbike 0.7093 197 117 289 260
motorbike 0.4554 389 137 496 369
motorbike 0.3253 299 119 335 164
motorbike 0.0554 333 59 498 365
motorbike 0.0493 316 103 335 121
motorbike 0.0382 230 112 249 147
motorbike 0.0380 189 139 227 214
motorbike 0.0340 219 112 260 183
person 0.7178 125 117 168 225
person 0.1391 298 111 337 160
person 0.0800 316 103 335 121
person 0.0741 230 112 249 147
person 0.0696 210 112 262 206
person 0.0601 204 105 275 243
person 0.0590 451 86 482 109
person 0.0405 180 133 214 197
person 0.0360 383 92 494 355
person 0.0359 359 87 377 102
person 0.0343 188 123 236 207
sheep 0.0399 359 90 377 105
sheep 0.0365 455 87 484 108
train 0.0376 316 101 335 117
tvmonitor 0.0500 455 141 492 242
