bird 0.0888 330 322 360 330
boat 0.0524 432 54 492 119
boat 0.0334 356 98 389 126
boat 0.0330 330 322 360 330
boat 0.0320 471 61 492 122
bottle 0.0605 296 137 355 181
bottle 0.0531 276 137 305 171
bottle 0.0524 356 96 389 124
bottle 0.0367 330 322 360 330
bus 0.0560 432 57 492 122
bus 0.0345 296 137 355 181
bus 0.0338 424 94 452 116
car 0.1436 424 94 452 116
car 0.1219 356 96 389 124
car 0.0674 430 72 494 138
car 0.0440 289 135 355 179
car 0.0307 0 314 6 332
cat 0.0430 330 322 360 330
chair 0.0455 289 135 355 179
cow 0.0511 330 322 360 330
dog 0.0628 330 322 360 330
motorbike 0.0506 356 96 389 124
motorbike 0.0421 460 117 495 150
motorbike 0.0374 424 94 452 116
motorbike 0.0360 474 110 497 146
person 0.6642 291 143 353 291
person 0.6367 171 25 293 310
person 0.0817 333 322 363 331
person 0.0673 448 54 491 114
person 0.0490 490 57 496 111
person 0.0484 492 50 495 107
person 0.0417 493 50 494 98
person 0.0414 231 51 288 169
person 0.0409 479 51 492 97
person 0.0406 289 135 355 179
person 0.0372 424 94 452 116
person 0.0362 188 42 299 205
person 0.0353 276 137 305 171
person 0.0352 356 96 389 124
person 0.0326 217 76 285 202
person 0.0308 241 89 277 173
pottedplant 0.1398 243 49 290 145
pottedplant 0.0992 4 110 107 183
pottedplant 0.0867 356 96 389 124
pottedplant 0.0850 -5 -1 55 102
pottedplant 0.0786 302 114 341 142
pottedplant 0.0772 308 1 336 21
pottedplant 0.0537 461 123 495 154
pottedplant 0.0464 300 -1 343 56
pottedplant 0.0356 274 133 306 170
pottedplant 0.0333 281 0 299 12
pottedplant 0.0332 262 90 319 161
pottedplant 0.0331 280 1 300 21
pottedplant 0.0318 295 134 356 175
pottedplant 0.0307 490 121 496 151
sheep 0.0620 330 322 360 330
train 0.1023 432 57 492 122
train 0.0357 296 137 355 181
tvmonitor 0.1118 295 136 355 178
