bird 0.0273 214 0 359 20
car 0.0353 -1 4 184 185
cat 0.6808 15 27 425 326
cat 0.0359 224 0 357 19
cat 0.0248 57 -3 438 52
cat 0.0223 7 1 426 94
chair 0.0331 -2 7 178 234
chair 0.0269 23 3 472 122
chair 0.0263 214 0 359 20
chair 0.0228 30 22 433 325
cow 0.0233 227 0 354 14
cow 0.0226 201 0 365 26
dog 0.0371 214 0 359 20
person 0.0627 240 0 364 20
person 0.0319 2 0 39 372
person 0.0300 264 -2 434 22
person 0.0280 1 3 204 181
person 0.0225 339 0 469 14
sofa 0.0228 23 2 472 111
tvmonitor 0.0312 4 2 202 222
tvmonitor 0.0276 13 19 427 351
