aeroplane 0.0556 483 121 496 162
bicycle 0.3253 33 100 78 141
bicycle 0.3186 24 273 400 368
bicycle 0.2300 2 93 63 154
bicycle 0.1729 56 203 447 373
bicycle 0.0750 200 240 427 371
bicycle 0.0524 106 331 389 374
bicycle 0.0501 2 273 219 373
bicycle 0.0487 68 108 99 140
boat 0.1324 483 121 496 162
bottle 0.0509 10 115 39 156
bottle 0.0494 2 96 48 157
bus 0.0513 483 125 496 163
car 0.0931 483 125 496 163
chair 0.0898 342 104 372 132
chair 0.0555 367 106 386 130
chair 0.0475 82 44 428 380
chair 0.0445 483 125 496 163
horse 0.0427 3 80 46 156
motorbike 0.1051 3 80 46 156
motorbike 0.0831 72 94 430 388
motorbike 0.0723 6 92 83 150
person 0.5346 79 42 244 370
person 0.4856 81 28 405 366
person 0.4527 201 67 230 105
person 0.3984 4 64 38 148
person 0.0709 401 105 422 137
person 0.0675 409 104 429 138
person 0.0618 198 25 429 299
person 0.0572 439 110 462 150
person 0.0499 158 63 211 108
person 0.0452 252 34 344 125
person 0.0447 15 125 35 157
person 0.0421 488 122 497 161
pottedplant 0.1313 443 71 489 135
sofa 0.0421 88 31 422 369
train 0.0481 483 121 496 162
