bicycle 0.9402 42 6 515 353
bicycle 0.1465 10 78 85 128
bicycle 0.0805 32 66 111 129
bicycle 0.0765 25 45 157 127
bicycle 0.0460 0 91 17 127
bicycle 0.0384 1 90 48 128
bottle 0.0290 16 9 463 344
bottle 0.0247 10 78 85 128
bottle 0.0245 5 0 45 14
bottle 0.0206 0 96 5 134
car 0.0374 0 98 11 126
car 0.0218 2 0 39 14
horse 0.0274 8 66 88 129
motorbike 0.1312 6 77 83 130
motorbike 0.0601 0 91 17 127
motorbike 0.0530 31 57 119 127
motorbike 0.0468 2 85 40 127
motorbike 0.0456 28 40 170 120
person 0.0443 0 98 11 126
person 0.0415 7 61 89 128
person 0.0359 2 50 48 127
person 0.0354 0 65 18 124
person 0.0282 27 49 116 117
person 0.0242 4 0 52 19
person 0.0205 1 92 3 167
pottedplant 0.0318 0 98 11 126
pottedplant 0.0314 2 0 47 19
pottedplant 0.0271 10 78 85 128
pottedplant 0.0222 28 43 177 123
