aeroplane 0.0497 0 1 330 494
bicycle 0.0239 0 1 330 494
bird 0.0394 0 1 330 494
boat 0.0662 0 1 330 494
bottle 0.0344 0 1 330 494
bus 0.0290 0 1 330 494
car 0.0442 0 1 330 494
cat 0.6404 123 280 326 442
cat 0.0687 0 1 330 494
cat 0.0507 -1 276 331 500
chair 0.0751 0 1 330 494
chair 0.0440 -1 276 331 500
chair 0.0239 125 276 328 438
cow 0.0240 0 1 330 494
diningtable 0.0644 0 1 330 494
diningtable 0.0462 0 316 330 506
dog 0.0463 0 1 330 494
dog 0.0257 -2 243 333 509
dog 0.0248 253 240 331 434
horse 0.0251 0 1 330 494
person 0.0608 0 1 330 494
person 0.0304 -2 243 333 509
pottedplant 0.0488 0 1 330 494
sheep 0.0250 0 1 330 494
sofa 0.0934 0 298 331 502
sofa 0.0867 0 1 330 494
train 0.0356 0 1 330 494
tvmonitor 0.0884 0 1 330 494
