bicycle 0.0598 273 6 315 30
car 0.1487 6 3 317 63
car 0.0769 189 0 267 14
car 0.0656 122 2 185 17
car 0.0537 95 3 259 28
chair 0.1839 348 13 498 264
chair 0.1121 10 0 117 73
chair 0.0951 320 -2 495 162
chair 0.0807 404 4 497 156
chair 0.0788 325 2 365 29
chair 0.0723 330 1 478 59
chair 0.0665 -3 5 163 308
chair 0.0636 442 10 498 255
chair 0.0603 -16 1 457 370
chair 0.0522 0 1 113 170
diningtable 0.4315 5 1 490 370
person 0.0797 122 2 185 17
person 0.0600 141 3 213 17
person 0.0573 193 0 294 26
person 0.0513 189 0 267 14
