bus 0.7989 83 136 185 229
bus 0.7913 201 139 372 220
bus 0.7508 395 147 499 219
bus 0.7300 0 139 87 231
bus 0.4936 354 144 406 215
bus 0.4167 176 148 233 206
bus 0.1383 295 143 402 216
bus 0.1247 76 166 91 193
bus 0.1116 84 165 98 194
bus 0.1096 165 159 189 200
bus 0.0831 138 150 185 210
bus 0.0714 378 156 429 203
bus 0.0677 9 168 16 191
bus 0.0674 90 165 107 195
bus 0.0617 394 163 445 197
bus 0.0607 91 162 123 197
bus 0.0576 2 168 8 192
bus 0.0537 486 156 493 203
bus 0.0505 9 159 17 177
bus 0.0448 15 165 27 194
bus 0.0435 12 163 29 208
bus 0.0399 2 157 9 180
bus 0.0354 474 162 489 197
bus 0.0327 102 163 112 174
car 0.0721 83 103 154 127
car 0.0511 0 139 87 231
car 0.0501 1 163 3 196
car 0.0484 5 168 12 191
car 0.0391 80 165 94 194
car 0.0360 179 147 237 207
car 0.0343 202 138 378 221
car 0.0339 493 151 494 209
car 0.0318 400 146 500 219
car 0.0301 83 136 185 229
car 0.0300 383 0 471 54
car 0.0294 356 146 404 217
person 0.1224 6 169 12 196
person 0.0900 -2 139 85 232
person 0.0821 82 162 93 180
person 0.0800 90 164 99 178
person 0.0732 72 164 87 189
person 0.0665 83 136 185 229
person 0.0642 402 149 498 221
person 0.0622 201 139 372 220
person 0.0622 493 154 493 199
person 0.0548 171 189 182 211
person 0.0533 354 144 406 215
person 0.0530 118 157 135 174
person 0.0490 65 162 79 180
person 0.0469 111 160 126 176
person 0.0469 106 162 116 174
person 0.0455 180 149 236 210
person 0.0454 115 153 153 184
person 0.0406 170 174 184 203
person 0.0389 299 152 360 190
person 0.0387 491 164 496 218
person 0.0379 306 157 338 179
person 0.0377 55 158 72 178
person 0.0363 470 163 486 191
person 0.0359 159 155 187 198
person 0.0347 374 152 409 196
person 0.0345 132 154 167 182
person 0.0340 145 156 170 180
person 0.0331 316 154 358 182
person 0.0330 178 168 200 208
person 0.0329 467 0 496 38
person 0.0325 83 181 99 207
person 0.0319 152 155 178 187
person 0.0318 419 163 428 173
person 0.0316 390 161 409 181
person 0.0316 196 163 228 212
person 0.0315 414 166 432 182
person 0.0313 382 157 401 179
person 0.0306 410 162 420 174
person 0.0303 369 151 399 186
person 0.0302 331 154 374 182
person 0.0296 221 147 329 190
train 0.0344 0 137 89 228
train 0.0341 179 147 237 207
