aeroplane 0.0726 -1 173 13 209
aeroplane 0.0422 21 169 37 207
aeroplane 0.0241 0 161 11 199
bicycle 0.0423 0 173 18 209
bicycle 0.0306 15 173 35 209
bicycle 0.0281 25 173 40 208
bird 0.0259 25 169 40 207
bird 0.0213 -1 177 13 211
bird 0.0205 54 170 65 206
boat 0.0674 -1 173 13 209
boat 0.0306 262 70 326 102
boat 0.0277 21 166 37 205
boat 0.0258 11 174 31 208
boat 0.0248 0 161 11 199
boat 0.0220 37 166 51 206
boat 0.0207 467 79 496 128
bottle 0.0330 -1 173 13 209
bottle 0.0214 50 170 62 207
bottle 0.0212 65 172 77 205
bottle 0.0211 42 170 54 207
bottle 0.0208 58 170 69 206
bus 0.0787 0 170 17 207
bus 0.0405 16 169 34 207
bus 0.0330 0 161 11 199
car 0.3363 0 173 18 209
car 0.0260 262 70 326 102
car 0.0243 50 170 62 207
chair 0.0622 -1 177 13 211
chair 0.0342 20 173 37 208
chair 0.0326 11 174 31 208
chair 0.0242 38 175 49 207
cow 0.0506 -1 173 13 209
cow 0.0319 25 169 40 207
cow 0.0293 11 174 31 208
cow 0.0230 50 170 62 207
cow 0.0203 42 170 54 207
diningtable 0.0203 -1 177 13 211
dog 0.0215 -1 173 13 209
horse 0.0586 0 177 18 211
horse 0.0538 25 169 40 207
horse 0.0346 50 170 62 207
horse 0.0318 42 170 54 207
horse 0.0203 0 188 10 229
motorbike 0.0968 0 173 18 209
motorbike 0.0753 21 169 37 207
person 0.2713 25 169 40 207
person 0.2067 50 170 62 207
person 0.1071 0 170 17 207
person 0.0244 42 156 54 186
person 0.0238 2 175 2 267
person 0.0217 311 138 347 169
person 0.0214 312 135 331 160
person 0.0209 314 60 399 124
person 0.0207 320 135 339 160
pottedplant 0.0522 -1 173 13 209
pottedplant 0.0282 21 169 37 207
pottedplant 0.0227 0 161 11 199
sheep 0.0603 -1 173 13 209
sofa 0.0343 -1 177 13 211
sofa 0.0201 15 173 35 209
train 0.6300 66 84 483 257
train 0.0538 0 173 18 209
train 0.0290 11 170 31 207
train 0.0253 79 88 291 260
train 0.0202 228 108 462 227
tvmonitor 0.0354 -1 171 13 207
