bicycle 0.0538 380 335 489 394
bicycle 0.0418 439 360 493 394
bicycle 0.0405 437 313 495 398
bicycle 0.0375 41 8 454 386
bird 0.0634 218 182 253 237
car 0.0376 41 8 454 386
chair 0.1336 444 360 495 394
chair 0.0961 384 343 493 393
chair 0.0498 369 372 415 395
chair 0.0377 41 8 454 386
cow 0.0693 369 71 500 391
cow 0.0462 218 184 253 240
cow 0.0449 7 68 488 394
cow 0.0398 198 147 288 272
diningtable 0.0489 444 360 495 394
dog 0.0608 218 182 253 237
dog 0.0530 3 269 109 380
horse 0.5461 142 78 478 396
horse 0.0884 199 148 287 276
horse 0.0803 218 184 253 240
horse 0.0580 364 71 498 390
horse 0.0462 375 211 455 382
motorbike 0.0400 362 315 484 396
motorbike 0.0389 41 8 454 386
person 0.6700 20 64 233 397
person 0.3679 443 279 497 382
person 0.3333 218 184 253 240
person 0.2604 377 238 446 398
person 0.1261 49 27 359 385
person 0.0798 490 291 497 370
person 0.0579 492 320 494 391
person 0.0485 435 213 489 336
person 0.0432 492 232 494 305
person 0.0431 477 230 494 307
person 0.0426 491 237 495 313
person 0.0410 490 356 496 392
person 0.0392 458 228 497 346
person 0.0386 369 334 407 390
person 0.0378 55 19 267 275
pottedplant 0.0378 439 355 493 392
train 0.0680 41 8 454 386
