bicycle 0.1446 323 247 390 294
bird 0.0327 218 289 386 369
bottle 0.0458 426 254 443 292
cat 0.4865 116 223 270 365
cat 0.2634 204 80 298 174
cat 0.2407 86 79 299 186
cat 0.2234 207 290 381 368
cat 0.1229 118 238 384 373
cat 0.0502 189 75 376 185
cat 0.0461 65 169 406 384
cat 0.0454 -5 61 290 216
cat 0.0280 94 64 346 243
chair 0.0905 321 248 384 293
chair 0.0435 56 142 415 381
chair 0.0431 114 218 271 364
chair 0.0359 212 289 384 369
chair 0.0317 428 333 496 372
diningtable 0.0881 28 139 412 378
dog 0.0818 222 290 389 368
dog 0.0444 116 223 270 365
dog 0.0364 138 251 403 372
person 0.0883 226 300 393 369
person 0.0317 141 275 393 371
person 0.0311 197 81 298 178
pottedplant 0.0349 319 248 379 293
pottedplant 0.0309 81 142 422 376
sofa 0.0290 29 147 411 382
