aeroplane 0.0331 0 134 20 180
bicycle 0.2182 -1 137 20 181
bird 0.0270 0 134 20 180
boat 0.0391 475 176 496 283
bottle 0.0330 -1 137 20 181
bottle 0.0314 483 166 495 288
bottle 0.0267 -3 142 8 187
bus 0.0361 491 110 495 152
bus 0.0336 490 112 496 191
bus 0.0328 222 94 476 230
bus 0.0315 461 103 495 273
bus 0.0272 475 115 497 189
bus 0.0265 14 67 309 294
car 0.7959 14 67 309 294
car 0.6997 222 94 476 230
car 0.3112 358 106 488 192
car 0.1205 476 111 496 166
car 0.0665 0 132 20 177
car 0.0649 430 111 494 187
car 0.0613 2 128 16 160
car 0.0482 451 111 473 140
car 0.0464 475 176 496 283
car 0.0442 443 111 481 155
car 0.0415 460 131 496 208
car 0.0354 475 125 496 225
car 0.0348 467 104 495 277
car 0.0341 491 126 495 213
car 0.0303 223 98 413 169
car 0.0283 490 73 496 147
car 0.0273 269 105 390 136
car 0.0249 276 99 476 158
chair 0.0313 0 134 24 180
chair 0.0304 -2 142 15 182
dog 0.0291 -1 137 20 181
horse 0.0569 -1 137 20 181
motorbike 0.3268 -1 137 20 181
motorbike 0.0764 476 110 496 156
motorbike 0.0347 452 108 473 138
motorbike 0.0325 474 132 497 291
motorbike 0.0249 442 110 498 183
person 0.1476 0 134 20 180
person 0.0730 483 109 496 152
person 0.0603 491 81 495 149
person 0.0570 477 81 495 149
person 0.0505 482 114 497 195
person 0.0500 452 108 473 138
person 0.0363 491 123 495 232
person 0.0359 490 110 496 282
person 0.0339 476 121 495 234
person 0.0336 461 103 495 273
person 0.0332 91 74 185 115
person 0.0332 481 112 497 301
person 0.0263 491 164 495 290
pottedplant 0.0431 -1 137 20 181
pottedplant 0.0245 490 73 496 147
sheep 0.0263 -1 137 20 181
train 0.0336 461 103 495 273
train 0.0265 222 94 476 230
train 0.0245 475 115 497 189
train 0.0245 490 112 496 191
