aeroplane 0.0685 0 0 495 372
boat 0.0419 0 0 495 372
bus 0.0880 0 0 495 372
car 0.7858 0 0 495 372
car 0.1377 -2 0 91 142
car 0.0430 13 0 200 160
car 0.0350 -1 0 51 38
car 0.0344 -3 3 140 227
car 0.0323 3 4 492 185
chair 0.0349 0 0 57 43
chair 0.0314 0 0 495 372
chair 0.0309 53 0 161 66
motorbike 0.0906 0 0 495 372
pottedplant 0.0323 0 0 495 372
sheep 0.0327 0 0 495 372
train 0.0670 0 0 495 372
tvmonitor 0.0521 -4 180 250 372
tvmonitor 0.0389 0 5 73 366
tvmonitor 0.0369 -1 0 51 38
tvmonitor 0.0308 52 0 161 78
