aeroplane 0.7338 1 2 494 229
aeroplane 0.0627 170 169 230 201
aeroplane 0.0547 364 93 498 196
aeroplane 0.0398 328 37 503 216
aeroplane 0.0328 412 100 481 153
bird 0.0417 421 228 441 242
boat 0.0554 412 100 481 153
boat 0.0458 365 82 496 183
boat 0.0383 0 140 98 254
boat 0.0364 328 26 503 216
bus 0.0575 164 164 229 201
bus 0.0558 3 142 100 253
bus 0.0511 419 101 481 153
bus 0.0367 387 91 482 162
bus 0.0354 78 162 104 209
bus 0.0344 357 66 497 188
car 0.2174 165 169 228 201
car 0.0567 156 188 174 201
car 0.0531 155 183 190 199
car 0.0473 263 175 278 190
car 0.0444 384 168 493 214
car 0.0342 412 100 481 153
car 0.0339 1 219 16 252
car 0.0326 293 186 381 231
motorbike 0.0469 263 175 278 190
motorbike 0.0453 160 170 226 201
motorbike 0.0443 269 175 288 190
motorbike 0.0413 386 174 491 214
motorbike 0.0380 275 181 376 231
person 0.0605 425 99 476 143
person 0.0533 263 175 278 190
person 0.0488 165 169 228 201
person 0.0401 16 224 41 252
person 0.0393 1 222 17 254
person 0.0388 156 188 174 201
person 0.0329 0 210 5 255
person 0.0318 421 228 441 242
train 0.0390 419 101 481 153
train 0.0355 324 1 492 170
train 0.0307 357 66 497 188
