aeroplane 0.0311 7 118 317 338
aeroplane 0.0257 -1 461 33 495
bird 0.0266 0 462 37 494
boat 0.0728 0 468 32 495
boat 0.0343 18 142 112 266
boat 0.0312 17 133 354 307
bottle 0.2266 271 304 288 363
bottle 0.0248 0 468 32 495
bus 0.0368 16 130 355 294
bus 0.0345 29 113 201 311
car 0.3958 27 132 361 292
car 0.1158 25 120 205 281
car 0.0495 21 133 121 260
car 0.0329 0 468 32 495
car 0.0250 332 163 355 222
chair 0.0337 14 122 310 341
motorbike 0.0412 25 120 205 281
motorbike 0.0326 -9 115 335 318
person 0.6936 54 115 199 348
person 0.0708 240 159 254 187
person 0.0306 336 161 357 216
person 0.0278 58 174 131 250
pottedplant 0.0475 0 454 32 493
pottedplant 0.0423 -3 239 35 513
pottedplant 0.0318 -1 340 39 490
sofa 0.0360 14 122 310 341
train 0.0372 -9 115 335 318
train 0.0295 15 141 104 260
