aeroplane 0.0426 320 82 338 95
aeroplane 0.0303 280 110 332 190
bicycle 0.0492 352 202 369 236
bird 0.1319 407 327 454 346
bird 0.0983 320 82 338 95
bird 0.0550 352 188 369 234
bird 0.0536 301 186 319 213
bird 0.0351 334 211 356 234
bird 0.0320 310 191 332 225
bird 0.0301 303 201 340 238
boat 0.5971 51 19 319 228
boat 0.0846 303 201 340 238
boat 0.0783 287 198 326 242
boat 0.0726 347 202 367 237
boat 0.0718 323 205 351 235
boat 0.0522 71 68 447 243
boat 0.0508 104 77 133 112
boat 0.0463 302 184 318 210
boat 0.0457 408 324 453 344
boat 0.0453 451 90 481 105
boat 0.0392 320 82 338 95
boat 0.0387 300 165 320 205
boat 0.0342 96 55 180 129
boat 0.0334 292 150 320 208
boat 0.0292 273 179 316 215
boat 0.0290 293 122 319 183
boat 0.0276 250 167 339 215
boat 0.0274 134 54 275 123
boat 0.0270 196 56 322 144
bottle 0.0413 352 202 369 236
bottle 0.0305 304 188 323 217
bus 0.0870 451 90 481 105
bus 0.0399 420 91 450 104
bus 0.0270 471 90 492 105
car 0.1006 444 93 472 107
car 0.0957 418 97 443 109
car 0.0321 490 91 496 110
chair 0.0295 348 209 366 236
chair 0.0270 334 211 356 234
cow 0.0365 334 211 356 234
cow 0.0301 352 202 369 236
cow 0.0291 323 210 351 235
dog 0.0416 352 202 369 236
dog 0.0295 334 211 356 234
horse 0.0504 352 197 369 236
horse 0.0325 334 211 356 234
horse 0.0304 305 186 322 213
motorbike 0.0290 352 202 369 236
person 0.3576 352 188 369 234
person 0.2311 305 186 322 213
person 0.0318 295 129 325 200
person 0.0295 450 96 475 110
pottedplant 0.0289 405 327 449 347
sheep 0.0435 334 211 356 234
sheep 0.0422 407 327 454 346
sheep 0.0409 320 84 338 98
sheep 0.0380 313 209 346 236
sheep 0.0333 353 209 368 235
sheep 0.0330 343 210 363 235
sheep 0.0294 303 201 340 238
train 0.0670 451 90 481 105
train 0.0284 420 91 450 104
