bird 0.0631 86 261 143 315
bottle 0.0550 64 189 79 228
bottle 0.0409 88 261 148 314
bottle 0.0347 81 193 101 229
car 0.0601 463 0 492 14
car 0.0316 11 0 484 371
car 0.0311 67 184 83 227
cat 0.0555 86 261 143 315
cat 0.0337 427 221 496 303
cat 0.0336 314 63 368 91
chair 0.0656 124 191 160 255
chair 0.0590 427 224 497 311
chair 0.0478 135 64 469 371
chair 0.0375 86 192 111 237
chair 0.0364 68 194 82 229
chair 0.0344 64 184 79 227
chair 0.0326 75 189 92 227
chair 0.0319 146 77 317 371
dog 0.0621 86 261 143 315
horse 0.0304 64 184 79 227
person 0.5871 145 89 303 370
person 0.5661 84 169 113 230
person 0.5020 244 65 454 370
person 0.4389 6 114 83 368
person 0.2829 66 175 84 225
person 0.0478 483 3 496 368
person 0.0406 124 191 160 244
person 0.0400 453 3 494 368
person 0.0335 122 10 483 361
person 0.0319 493 233 494 308
person 0.0318 86 264 143 318
person 0.0313 102 154 119 217
sheep 0.0467 86 264 143 318
sofa 0.0530 135 64 469 371
sofa 0.0358 427 224 497 311
tvmonitor 0.0368 129 187 170 248
tvmonitor 0.0303 422 223 494 306
