cat 0.0693 57 0 336 180
chair 0.0954 1 1 494 329
chair 0.0934 304 2 495 203
chair 0.0615 -3 0 100 331
chair 0.0525 0 0 50 330
dog 0.6689 163 96 410 328
dog 0.0482 304 2 495 203
dog 0.0472 1 1 494 329
horse 0.0603 304 2 495 203
person 0.1632 1 1 494 329
person 0.1574 3 0 242 331
person 0.0945 0 0 73 331
person 0.0770 279 -3 357 115
person 0.0614 -2 3 107 223
person 0.0550 295 1 340 58
person 0.0528 298 2 494 198
sheep 0.0773 0 2 74 62
sofa 0.1606 1 1 494 329
sofa 0.0632 151 104 407 330
sofa 0.0525 304 2 495 203
tvmonitor 0.0456 0 0 34 330
