aeroplane 0.1855 253 474 275 489
aeroplane 0.0813 346 456 364 491
aeroplane 0.0215 314 451 367 489
bicycle 0.0242 253 474 275 489
bird 0.7795 128 171 242 292
bird 0.3147 346 450 364 490
bird 0.1339 253 474 275 489
bird 0.0612 135 379 154 419
bird 0.0516 0 309 26 350
bird 0.0472 130 177 159 232
bird 0.0430 26 313 51 345
bird 0.0378 314 451 367 489
bird 0.0377 224 293 234 318
bird 0.0249 269 479 360 492
bird 0.0215 38 323 63 352
bird 0.0202 222 269 236 304
boat 0.0550 253 474 275 489
boat 0.0402 346 456 364 491
boat 0.0273 163 363 225 390
chair 0.0211 65 7 124 58
chair 0.0210 52 2 131 40
dog 0.0205 346 450 364 490
horse 0.0335 346 456 364 491
person 0.0527 346 450 364 490
person 0.0234 132 379 151 420
pottedplant 0.0343 253 474 275 489
pottedplant 0.0303 346 456 364 491
pottedplant 0.0238 132 379 151 420
sheep 0.0200 253 474 275 489
