bird 0.0458 93 332 308 373
bottle 0.1133 317 355 348 373
bottle 0.1034 6 262 152 372
bottle 0.0759 475 160 489 188
cat 0.1325 96 332 312 372
cat 0.0638 57 321 414 372
cat 0.0511 388 134 434 183
cat 0.0464 8 297 323 372
chair 0.0820 441 238 491 267
chair 0.0507 403 205 444 265
chair 0.0446 0 249 19 368
chair 0.0434 321 68 407 215
chair 0.0362 87 332 306 373
chair 0.0361 45 332 513 372
diningtable 0.0408 45 332 513 372
diningtable 0.0395 6 295 489 369
diningtable 0.0393 6 266 153 374
dog 0.0853 96 332 312 372
person 0.7637 309 141 412 370
person 0.6088 324 60 404 181
person 0.5960 260 47 329 177
person 0.5588 197 58 259 143
person 0.5150 88 65 196 312
person 0.2936 160 63 201 143
person 0.2748 77 40 136 308
person 0.0866 132 64 175 131
person 0.0821 260 44 329 304
person 0.0690 202 75 262 190
person 0.0643 81 47 125 136
person 0.0595 143 68 218 210
person 0.0532 96 332 312 372
person 0.0527 385 134 431 183
person 0.0420 39 330 456 369
person 0.0411 427 132 468 186
person 0.0409 103 60 188 187
person 0.0408 311 104 410 214
person 0.0399 66 311 343 370
person 0.0356 317 355 348 373
pottedplant 0.0422 314 355 345 373
sofa 0.0484 45 332 513 372
sofa 0.0444 3 287 492 370
sofa 0.0427 388 134 434 183
sofa 0.0352 311 104 410 214
tvmonitor 0.6124 388 134 434 183
tvmonitor 0.3617 431 132 470 185
tvmonitor 0.0641 194 133 309 214
tvmonitor 0.0400 311 104 410 214
tvmonitor 0.0376 338 129 438 189
tvmonitor 0.0349 441 238 491 267
