aeroplane 0.0788 465 155 490 175
aeroplane 0.0466 469 246 495 317
aeroplane 0.0464 419 153 450 177
aeroplane 0.0271 296 215 441 248
aeroplane 0.0209 421 257 473 300
aeroplane 0.0202 89 173 265 241
aeroplane 0.0202 296 149 449 213
bird 0.0567 465 155 490 175
bird 0.0466 422 152 448 173
bird 0.0253 389 154 450 176
bird 0.0208 296 150 448 217
bird 0.0202 360 153 431 177
boat 0.6385 89 173 265 241
boat 0.5514 295 152 449 220
boat 0.3814 200 113 295 185
boat 0.1471 163 161 268 195
boat 0.0584 411 153 451 181
boat 0.0555 465 155 490 175
boat 0.0447 137 175 272 218
boat 0.0443 369 155 454 191
boat 0.0370 118 142 244 199
boat 0.0368 208 150 341 201
boat 0.0286 130 246 217 269
boat 0.0282 159 106 421 203
boat 0.0279 85 122 261 218
boat 0.0267 132 174 355 236
boat 0.0257 284 165 391 208
boat 0.0246 371 168 467 199
boat 0.0240 144 187 327 222
boat 0.0238 469 248 494 320
boat 0.0223 127 76 469 260
boat 0.0221 404 172 451 195
person 0.0238 425 152 452 177
person 0.0218 474 247 496 316
pottedplant 0.0431 465 158 490 177
pottedplant 0.0359 469 246 495 317
sheep 0.0204 88 168 265 241
sheep 0.0202 296 150 448 217
