bicycle 0.0391 480 257 492 280
bicycle 0.0372 456 247 468 284
bicycle 0.0332 463 250 477 281
boat 0.0304 1 233 10 263
bottle 0.0406 458 259 466 283
bottle 0.0340 480 257 492 280
bottle 0.0322 470 257 485 280
bottle 0.0315 463 250 477 281
bus 0.9147 72 69 461 322
bus 0.4696 2 150 86 267
bus 0.0734 2 233 16 263
bus 0.0537 3 154 24 249
bus 0.0473 2 216 9 259
bus 0.0446 5 165 21 216
bus 0.0429 2 165 9 238
bus 0.0385 8 130 151 268
bus 0.0383 0 231 19 291
bus 0.0374 14 219 44 267
bus 0.0370 18 172 40 189
bus 0.0368 3 186 8 248
bus 0.0354 6 170 19 191
bus 0.0352 15 171 42 201
bus 0.0336 18 232 38 264
bus 0.0333 12 171 30 190
bus 0.0332 339 91 469 301
car 0.1258 1 233 16 268
car 0.0932 0 231 19 291
car 0.0372 470 224 493 282
car 0.0360 15 253 120 331
car 0.0349 0 268 10 311
car 0.0335 451 225 473 282
car 0.0319 462 225 486 271
car 0.0290 488 227 498 279
chair 0.0384 0 234 11 267
chair 0.0382 464 242 484 284
chair 0.0380 473 243 490 283
chair 0.0362 0 233 13 299
chair 0.0344 17 266 103 328
motorbike 0.0330 474 252 489 280
motorbike 0.0321 454 239 470 287
motorbike 0.0314 470 226 493 284
person 0.4516 451 226 473 285
person 0.3030 470 224 493 282
person 0.2102 363 210 382 238
person 0.1476 314 205 329 233
person 0.0648 460 227 472 248
person 0.0635 29 239 44 267
person 0.0554 74 69 474 323
person 0.0552 1 233 16 268
person 0.0486 113 215 132 234
person 0.0458 423 228 446 283
person 0.0416 162 216 177 233
person 0.0415 144 215 163 234
person 0.0414 218 209 230 230
person 0.0390 -1 227 6 290
person 0.0388 0 231 19 291
person 0.0381 177 210 192 229
person 0.0357 289 217 299 232
person 0.0346 286 215 303 244
person 0.0341 0 151 81 266
person 0.0335 128 216 148 232
person 0.0315 324 155 389 252
person 0.0313 287 157 356 251
person 0.0301 492 187 494 262
person 0.0300 13 171 36 189
person 0.0298 0 242 5 316
person 0.0293 263 112 427 290
person 0.0291 0 207 4 268
pottedplant 0.0300 479 251 492 280
train 0.0298 1 233 10 263
tvmonitor 0.0356 0 234 11 267
