bird 0.0574 388 30 497 299
bird 0.0540 492 223 494 300
bird 0.0369 493 208 494 350
bird 0.0367 29 0 52 14
bird 0.0315 492 217 495 354
bird 0.0302 448 60 499 364
bird 0.0259 8 0 25 13
boat 0.0230 390 29 496 295
cat 0.0289 390 29 496 295
cat 0.0242 29 0 52 14
cow 0.1324 20 0 45 14
cow 0.0780 8 0 25 13
cow 0.0408 492 223 494 300
cow 0.0346 493 206 493 306
cow 0.0343 390 29 496 295
cow 0.0278 493 221 494 325
dog 0.0737 29 0 52 14
dog 0.0601 8 0 25 13
dog 0.0413 4 0 14 14
dog 0.0319 390 29 496 295
dog 0.0316 492 223 494 300
dog 0.0309 48 0 64 13
dog 0.0264 493 208 494 350
horse 0.0815 23 0 50 18
horse 0.0292 492 226 494 303
person 0.0386 29 0 52 14
person 0.0384 492 219 494 298
person 0.0304 493 214 494 339
person 0.0273 8 0 25 13
person 0.0265 492 219 495 357
person 0.0227 1 -1 3 27
sheep 0.7918 119 21 359 203
sheep 0.7155 114 100 326 329
sheep 0.5977 390 29 496 295
sheep 0.1006 29 0 52 14
sheep 0.0922 16 1 42 18
sheep 0.0767 403 35 489 196
sheep 0.0722 8 0 25 13
sheep 0.0486 492 223 494 300
sheep 0.0370 435 37 513 340
sheep 0.0330 493 221 494 325
sheep 0.0320 474 48 505 294
sheep 0.0255 492 217 495 354
