aeroplane 0.0391 347 0 499 15
bicycle 0.0309 384 334 494 393
bottle 0.0276 402 340 498 393
car 0.0415 437 0 487 15
car 0.0396 312 0 503 15
car 0.0394 414 1 487 19
car 0.0384 463 0 493 14
car 0.0320 489 0 497 15
car 0.0306 0 4 496 389
cat 0.0532 132 121 495 364
cat 0.0285 0 4 496 389
chair 0.0705 0 4 496 389
chair 0.0355 398 340 495 393
cow 0.0328 126 117 494 362
diningtable 0.0500 0 4 496 389
dog 0.5271 118 117 486 363
dog 0.1056 125 193 362 391
dog 0.0340 0 4 496 389
dog 0.0291 397 334 496 393
motorbike 0.0276 391 334 494 393
person 0.0623 391 334 494 393
person 0.0560 469 0 494 15
person 0.0553 431 0 486 14
person 0.0535 0 4 496 389
person 0.0450 384 0 493 15
person 0.0382 114 120 381 378
person 0.0335 436 134 496 389
person 0.0315 405 231 496 397
sofa 0.0824 0 4 496 389
sofa 0.0416 100 121 458 371
