bicycle 0.4895 20 28 404 488
bicycle 0.3186 250 225 268 267
bicycle 0.3100 175 156 328 360
bicycle 0.2805 143 99 360 433
bicycle 0.0982 41 115 267 480
bicycle 0.0514 121 41 389 327
bicycle 0.0242 -1 132 161 486
bird 0.0356 250 225 268 267
bird 0.0287 0 2 26 32
bird 0.0253 -1 0 90 34
boat 0.0325 255 221 271 264
boat 0.0283 242 223 269 277
bottle 0.2100 249 220 268 265
bottle 0.0291 245 72 343 125
chair 0.1057 117 -3 214 131
chair 0.0593 249 220 268 265
chair 0.0524 207 187 296 291
chair 0.0522 246 226 271 290
chair 0.0264 94 74 377 404
cow 0.0239 0 3 34 38
diningtable 0.0358 241 218 270 274
diningtable 0.0264 208 163 310 368
dog 0.0625 250 225 268 267
dog 0.0289 0 3 34 38
dog 0.0280 0 1 19 33
horse 0.0334 250 225 268 267
motorbike 0.0922 250 225 268 267
person 0.0771 249 220 268 265
person 0.0237 163 35 386 302
pottedplant 0.0589 250 225 268 267
sheep 0.0326 0 3 34 38
sheep 0.0310 0 1 19 33
sheep 0.0244 -1 0 90 34
train 0.0404 249 220 268 265
