aeroplane 0.0581 455 171 485 199
aeroplane 0.0229 3 16 22 53
bicycle 0.2623 455 175 486 200
bird 0.0597 455 171 485 199
bird 0.0253 3 16 22 53
bird 0.0202 4 9 22 38
boat 0.0326 458 174 489 200
bottle 0.0422 455 175 486 200
bottle 0.0229 193 133 207 159
bottle 0.0201 182 134 196 158
bus 0.8805 64 66 360 276
car 0.0599 455 171 485 199
car 0.0269 203 135 221 163
car 0.0249 64 66 360 276
car 0.0238 195 133 213 164
car 0.0234 217 135 239 173
car 0.0214 183 114 257 194
car 0.0213 146 101 278 207
chair 0.0398 458 174 489 200
cow 0.0271 455 175 486 200
diningtable 0.0220 458 174 489 200
dog 0.0454 455 175 486 200
horse 0.0901 455 171 485 199
motorbike 0.2758 458 174 489 200
person 0.2456 455 171 485 199
person 0.1404 190 134 203 158
person 0.1391 227 132 244 160
person 0.1166 203 135 221 163
person 0.0431 67 66 364 276
person 0.0395 489 174 498 196
person 0.0235 290 125 322 155
person 0.0229 211 106 323 219
person 0.0229 283 129 314 152
pottedplant 0.0596 458 174 489 200
sheep 0.0302 455 175 486 200
train 0.0299 459 170 488 199
train 0.0285 60 62 357 269
tvmonitor 0.0263 308 -6 491 148
tvmonitor 0.0255 67 66 364 276
