aeroplane 0.0397 -1 169 35 190
aeroplane 0.0286 4 125 30 141
aeroplane 0.0205 478 130 493 148
bicycle 0.0396 4 125 30 141
bird 0.0411 4 125 30 141
bird 0.0258 -1 169 35 190
bird 0.0215 478 130 493 148
boat 0.0565 -1 169 35 190
boat 0.0263 3 215 30 238
boat 0.0253 4 125 30 141
boat 0.0231 140 209 182 256
boat 0.0210 142 206 298 258
boat 0.0209 9 204 79 248
bottle 0.0221 4 126 23 140
bottle 0.0218 357 207 365 228
bottle 0.0216 365 205 372 230
bus 0.0364 140 209 182 256
bus 0.0343 141 204 299 255
bus 0.0250 271 209 301 232
bus 0.0215 383 189 400 235
car 0.0248 491 203 496 221
car 0.0245 -1 172 35 193
car 0.0236 491 209 496 227
cow 0.0357 141 204 299 255
cow 0.0233 138 210 177 255
motorbike 0.0292 5 126 36 144
person 0.0909 361 206 369 229
person 0.0646 381 197 395 238
person 0.0368 140 209 182 256
person 0.0360 4 126 23 140
person 0.0320 149 209 220 256
person 0.0222 137 207 288 262
pottedplant 0.0438 -1 169 35 190
pottedplant 0.0327 4 125 30 141
train 0.6083 141 204 299 255
train 0.2145 138 210 177 255
train 0.0572 266 208 299 233
train 0.0278 218 213 300 239
train 0.0250 65 203 157 250
train 0.0247 388 190 403 233
train 0.0226 36 179 170 262
