aeroplane 0.0495 390 1 425 5
bicycle 0.0308 390 1 425 5
bird 0.0582 390 1 425 5
boat 0.0371 394 1 428 5
car 0.0609 394 1 428 5
cat 0.1031 -2 0 295 278
cat 0.0372 107 8 294 216
chair 0.0725 1 0 494 279
chair 0.0426 73 0 305 278
cow 0.0625 9 0 314 278
diningtable 0.0351 1 0 494 279
dog 0.3558 9 0 314 278
horse 0.0490 9 0 314 278
person 0.0796 80 0 352 279
person 0.0523 394 1 428 5
person 0.0320 0 0 42 279
pottedplant 0.0727 390 1 425 5
sheep 0.0471 13 0 317 278
sheep 0.0345 390 1 425 5
sofa 0.0944 1 0 494 279
sofa 0.0332 94 0 307 278
