bird 0.0612 83 76 165 184
bird 0.0433 221 88 320 226
bird 0.0266 153 124 241 285
car 0.0365 137 5 163 21
car 0.0293 153 5 183 21
cat 0.0385 83 76 165 184
cat 0.0360 217 87 318 221
cow 0.1434 221 88 320 226
cow 0.0648 83 76 165 184
cow 0.0332 156 125 243 284
cow 0.0306 74 166 209 391
cow 0.0251 276 13 288 28
cow 0.0203 359 17 369 41
cow 0.0203 367 15 372 43
dog 0.0692 221 88 320 226
dog 0.0533 83 72 165 182
dog 0.0203 154 121 241 280
horse 0.0260 217 88 318 226
pottedplant 0.0220 16 293 355 577
sheep 0.8191 74 166 209 391
sheep 0.7659 153 124 241 285
sheep 0.7349 83 76 165 184
sheep 0.6873 221 88 320 226
sheep 0.0315 93 142 214 298
sheep 0.0302 276 158 299 219
sheep 0.0280 129 120 159 178
sheep 0.0259 113 146 252 356
sheep 0.0248 81 81 114 156
sheep 0.0202 276 13 288 28
