bottle 0.1528 465 162 490 249
bottle 0.0800 485 234 494 283
bottle 0.0600 254 364 342 370
bottle 0.0494 246 369 327 370
bottle 0.0481 485 190 494 280
bottle 0.0464 492 198 494 284
car 0.0602 25 48 55 141
chair 0.1737 24 216 182 371
chair 0.0993 181 209 501 373
chair 0.0871 4 0 420 372
chair 0.0749 131 273 200 373
chair 0.0506 91 226 201 373
chair 0.0442 193 30 373 275
chair 0.0414 259 368 337 371
chair 0.0413 136 275 265 371
diningtable 0.1354 181 209 501 373
person 0.6126 359 118 464 235
person 0.4987 199 22 374 261
person 0.2667 21 212 169 370
person 0.0796 2 1 40 370
person 0.0696 4 0 405 371
person 0.0590 26 219 94 299
person 0.0504 492 234 494 283
person 0.0431 7 4 58 273
person 0.0422 28 217 131 324
person 0.0415 254 364 342 370
person 0.0415 25 48 55 141
pottedplant 0.0446 469 163 493 266
sofa 0.1660 176 203 499 373
sofa 0.1006 7 0 425 372
sofa 0.0824 25 212 181 371
