aeroplane 0.0258 1 2 494 281
bird 0.0332 69 239 175 290
boat 0.0515 1 23 494 318
boat 0.0273 66 239 170 290
boat 0.0252 50 200 507 370
bottle 0.0502 2 178 24 239
bottle 0.0460 3 148 23 188
bus 0.0422 0 -6 496 243
car 0.0231 3 34 492 319
car 0.0225 66 242 163 293
chair 0.0313 -1 -2 497 163
cow 0.0511 2 27 494 320
diningtable 0.0216 0 -7 495 150
horse 0.0230 2 27 494 320
person 0.0376 1 172 25 234
person 0.0279 0 -7 495 150
pottedplant 0.0343 2 181 24 243
sheep 0.0401 66 242 171 292
sofa 0.1071 0 -8 496 146
train 0.6581 0 8 495 311
tvmonitor 0.0337 -1 -6 497 238
