bottle 0.1546 4 217 52 277
bottle 0.0756 1 242 9 276
bottle 0.0505 1 228 10 266
cat 0.0385 210 1 496 370
chair 0.3800 232 0 505 371
chair 0.1375 49 0 125 84
chair 0.0981 28 -1 76 86
chair 0.0693 229 -2 492 186
chair 0.0656 77 56 356 373
chair 0.0417 346 6 500 236
diningtable 0.0633 226 0 503 371
diningtable 0.0429 4 217 52 277
diningtable 0.0390 18 -2 70 81
person 0.5747 86 42 362 370
person 0.0502 2 157 78 255
person 0.0483 5 42 217 370
person 0.0391 18 -2 70 81
sofa 0.0743 221 1 500 370
sofa 0.0564 77 46 355 371
sofa 0.0408 224 0 489 138
