aeroplane 0.0216 1 63 213 328
bicycle 0.0216 112 202 187 330
bird 0.0762 420 55 465 92
bird 0.0336 112 202 187 330
cat 0.0475 113 206 187 331
cat 0.0268 420 55 465 92
chair 0.1372 113 206 187 331
chair 0.0222 2 206 196 331
cow 0.0391 1 86 212 331
diningtable 0.0223 112 210 187 332
dog 0.0448 111 200 188 327
dog 0.0220 1 86 212 331
horse 0.7062 183 39 468 326
horse 0.7012 1 61 213 325
horse 0.0370 114 199 192 328
horse 0.0307 312 44 480 311
horse 0.0252 101 120 206 324
horse 0.0223 9 61 407 326
motorbike 0.0272 -1 81 200 331
person 0.0259 -9 45 192 320
person 0.0241 112 202 187 330
person 0.0202 10 265 110 329
pottedplant 0.0312 112 210 187 332
sheep 0.0411 111 200 188 327
sofa 0.0416 112 202 187 330
