bottle 0.0786 277 210 303 278
chair 0.4461 357 175 434 236
chair 0.3607 299 299 485 371
chair 0.3580 7 172 128 334
chair 0.3336 206 119 266 158
chair 0.3173 254 150 311 202
chair 0.2548 7 249 152 374
chair 0.2273 72 143 134 170
chair 0.1571 25 306 150 370
chair 0.1208 454 275 493 370
chair 0.1136 9 159 64 253
chair 0.1094 9 250 71 372
chair 0.0919 52 141 139 265
chair 0.0736 338 185 469 355
chair 0.0733 406 278 495 369
chair 0.0700 190 132 281 198
chair 0.0633 50 145 187 296
chair 0.0570 357 244 489 367
chair 0.0568 0 137 34 239
chair 0.0566 66 139 139 214
chair 0.0517 5 175 60 354
chair 0.0478 252 218 470 370
chair 0.0425 160 139 248 179
chair 0.0411 461 200 495 370
diningtable 0.3384 63 140 454 371
diningtable 0.0848 184 205 459 371
diningtable 0.0492 74 141 139 171
diningtable 0.0473 353 175 431 236
person 0.0538 220 305 463 370
pottedplant 0.0693 270 208 303 280
sofa 0.0719 207 118 265 153
sofa 0.0671 221 294 469 370
sofa 0.0580 74 141 139 171
sofa 0.0494 357 175 434 236
sofa 0.0414 249 149 309 198
sofa 0.0412 7 249 152 374
tvmonitor 0.0496 74 141 139 171
