bird 0.1974 396 173 443 203
bird 0.0529 308 176 336 221
bird 0.0435 91 148 139 192
bird 0.0329 322 158 384 208
bird 0.0279 245 132 310 224
bird 0.0272 132 126 204 198
bird 0.0214 285 127 318 156
boat 0.0428 396 173 443 203
boat 0.0246 308 176 336 221
boat 0.0235 95 151 140 193
boat 0.0229 444 111 496 212
boat 0.0221 132 126 204 198
bottle 0.0276 396 173 443 203
car 0.0399 444 111 496 212
cat 0.0852 401 170 445 201
cat 0.0341 309 176 339 221
cat 0.0331 91 148 139 192
cat 0.0259 324 158 387 208
cat 0.0244 245 132 310 224
chair 0.0858 443 110 496 208
cow 0.0764 308 176 336 221
cow 0.0763 91 150 139 193
cow 0.0625 322 158 384 208
cow 0.0582 401 170 445 201
cow 0.0448 245 135 305 225
cow 0.0410 443 109 496 205
cow 0.0326 279 127 318 160
cow 0.0308 130 125 202 198
cow 0.0291 254 126 310 161
dog 0.0998 395 170 444 202
dog 0.0784 308 176 336 221
dog 0.0459 91 148 139 192
dog 0.0442 322 158 384 208
dog 0.0267 244 132 306 224
dog 0.0211 443 109 496 205
horse 0.0378 401 170 445 201
horse 0.0360 443 109 496 205
horse 0.0237 307 179 337 222
person 0.0350 395 170 444 202
person 0.0217 494 78 492 163
person 0.0210 491 112 495 201
person 0.0209 493 85 494 177
pottedplant 0.0208 431 136 493 308
sheep 0.7710 132 126 204 198
sheep 0.6834 245 132 310 224
sheep 0.6527 322 158 384 208
sheep 0.6044 91 148 139 192
sheep 0.5774 308 176 336 221
sheep 0.1831 396 173 443 203
sheep 0.1660 285 128 319 159
sheep 0.1127 254 126 310 161
sheep 0.0456 282 132 322 191
sheep 0.0451 67 157 116 187
sheep 0.0432 358 167 402 199
sheep 0.0417 276 194 312 223
sheep 0.0402 443 110 496 208
sheep 0.0393 260 173 304 224
sheep 0.0393 263 126 341 219
sheep 0.0384 279 145 363 211
sheep 0.0350 120 140 171 194
sheep 0.0326 282 171 322 226
sheep 0.0263 49 139 118 216
sheep 0.0223 114 139 162 175
sofa 0.0411 443 109 496 205
