bird 0.0642 149 241 244 335
boat 0.0567 374 1 504 18
boat 0.0456 0 63 18 184
boat 0.0395 303 0 386 25
bottle 0.0725 -1 53 14 177
car 0.0663 0 63 18 184
cat 0.2427 146 230 239 328
cat 0.0570 161 8 388 251
cat 0.0453 -1 68 19 186
chair 0.0764 40 0 455 372
chair 0.0516 146 230 239 328
chair 0.0465 0 63 18 184
cow 0.0817 144 233 234 331
cow 0.0423 -1 68 19 186
diningtable 0.0414 40 0 455 372
dog 0.3160 162 12 387 259
dog 0.1814 144 233 234 331
dog 0.0414 40 0 455 372
dog 0.0376 -1 70 13 184
horse 0.0559 147 233 239 331
horse 0.0397 66 6 429 282
horse 0.0347 -1 68 19 186
motorbike 0.0383 0 62 18 180
person 0.0751 0 5 19 366
person 0.0545 144 233 234 331
person 0.0486 -1 70 13 184
person 0.0460 0 58 34 383
person 0.0455 40 0 455 372
person 0.0400 0 33 11 291
person 0.0394 162 13 387 264
person 0.0381 1 69 10 232
person 0.0365 -1 24 20 177
pottedplant 0.0500 305 0 385 19
pottedplant 0.0360 -1 70 13 184
sheep 0.0747 147 236 239 333
sheep 0.0559 -1 70 13 184
sofa 0.0650 40 0 455 372
sofa 0.0353 168 13 389 264
train 0.0387 -1 52 19 179
tvmonitor 0.0488 -1 68 19 186
