bird 0.0349 96 186 172 259
cat 0.0565 33 160 525 391
cat 0.0425 256 167 489 391
cat 0.0367 1 21 494 231
cow 0.0639 145 152 249 268
cow 0.0387 97 188 179 264
cow 0.0362 -1 189 176 388
cow 0.0356 1 24 494 253
dog 0.0343 272 170 489 394
sheep 0.7159 1 22 494 242
sheep 0.6533 0 190 176 381
sheep 0.6254 143 147 251 268
sheep 0.4207 3 160 492 392
sheep 0.1960 97 188 179 264
sheep 0.1427 107 -6 482 371
sheep 0.0879 130 154 404 322
sheep 0.0854 213 174 321 278
sheep 0.0726 193 133 348 294
sheep 0.0494 96 166 226 260
sheep 0.0446 46 45 378 326
sheep 0.0345 198 90 445 337
