bird 0.0386 79 28 117 76
bottle 0.0387 132 225 157 270
bottle 0.0379 131 216 171 278
bottle 0.0338 132 207 194 287
bottle 0.0322 156 24 183 57
bus 0.4428 51 -1 363 466
bus 0.1902 74 71 266 393
bus 0.0309 205 208 291 302
car 0.0471 120 171 219 324
car 0.0465 132 207 194 287
car 0.0408 55 34 378 469
person 0.3552 240 216 274 279
person 0.2058 131 213 189 282
person 0.1740 132 225 157 270
person 0.1205 79 30 116 89
person 0.0984 74 30 334 465
person 0.0966 85 24 135 80
person 0.0756 113 237 126 266
person 0.0571 153 121 330 382
person 0.0326 56 285 71 327
pottedplant 0.0419 99 12 141 53
train 0.0619 38 104 370 461
train 0.0365 103 135 242 359
tvmonitor 0.0336 63 48 345 454
