aeroplane 0.0433 3 170 55 300
bicycle 0.0666 367 158 408 225
bird 0.0459 3 170 55 300
bird 0.0367 70 236 89 270
bottle 0.0461 196 71 227 106
bottle 0.0381 416 191 430 238
bottle 0.0355 265 208 292 233
cat 0.0493 -5 250 266 373
cat 0.0418 70 234 89 266
chair 0.3468 423 253 494 375
chair 0.2509 -4 255 265 373
chair 0.2390 365 197 402 243
chair 0.1924 259 152 291 184
chair 0.1676 362 162 406 237
chair 0.1359 255 174 364 226
chair 0.1291 456 243 500 374
chair 0.1029 111 165 165 200
chair 0.0892 267 212 297 235
chair 0.0841 330 189 376 258
chair 0.0812 1 250 48 350
chair 0.0741 3 255 101 344
chair 0.0736 268 191 375 255
chair 0.0688 333 178 373 234
chair 0.0563 3 170 55 300
chair 0.0550 4 230 53 311
chair 0.0530 200 246 279 366
chair 0.0526 475 245 496 336
chair 0.0513 216 193 240 230
chair 0.0463 70 237 89 274
chair 0.0448 306 186 368 284
chair 0.0391 163 202 198 227
chair 0.0382 416 165 431 235
chair 0.0364 284 149 328 181
chair 0.0364 2 230 9 328
chair 0.0355 0 280 33 360
chair 0.0343 412 191 427 238
diningtable 0.0978 254 178 365 228
diningtable 0.0899 -4 255 265 373
diningtable 0.0584 257 200 363 247
diningtable 0.0546 367 158 408 225
diningtable 0.0416 267 208 297 233
diningtable 0.0395 258 185 306 221
diningtable 0.0376 97 178 468 369
diningtable 0.0367 258 153 292 189
diningtable 0.0364 365 194 402 242
diningtable 0.0349 3 170 55 300
person 0.0544 3 167 55 298
person 0.0349 70 236 89 270
pottedplant 0.4513 3 170 55 300
pottedplant 0.2754 367 158 408 225
pottedplant 0.1051 0 119 57 263
pottedplant 0.0868 416 165 431 235
pottedplant 0.0841 196 71 227 106
pottedplant 0.0692 421 142 433 211
pottedplant 0.0662 252 102 273 134
pottedplant 0.0613 0 173 19 298
pottedplant 0.0555 0 81 18 249
pottedplant 0.0542 0 69 34 285
pottedplant 0.0522 259 149 290 181
pottedplant 0.0499 111 162 164 198
pottedplant 0.0473 70 236 89 270
pottedplant 0.0426 0 91 11 198
sofa 0.3562 -4 245 265 372
sofa 0.0409 423 253 494 375
sofa 0.0378 365 197 402 243
tvmonitor 0.0685 -4 255 265 373
tvmonitor 0.0502 3 167 55 298
tvmonitor 0.0436 111 165 165 200
