bottle 0.0428 115 188 223 276
bottle 0.0363 82 175 264 310
chair 0.0612 153 90 443 327
chair 0.0562 97 71 304 330
chair 0.0505 103 158 283 301
chair 0.0496 29 162 466 334
chair 0.0466 199 202 335 330
chair 0.0425 123 185 224 274
chair 0.0411 107 188 372 329
chair 0.0378 1 295 79 331
chair 0.0356 15 252 331 332
chair 0.0355 72 279 321 331
person 0.5966 96 67 305 329
person 0.0720 73 179 289 322
person 0.0452 106 153 255 285
person 0.0430 122 189 217 271
person 0.0375 136 75 437 322
sofa 0.2014 147 78 442 324
sofa 0.0528 96 67 305 329
sofa 0.0408 16 143 479 332
