aeroplane 0.0447 101 19 174 77
bicycle 0.1108 107 388 122 417
bird 0.0525 106 384 122 415
boat 0.1928 101 20 169 76
boat 0.1113 49 4 324 491
boat 0.0555 59 106 103 139
bottle 0.0615 106 384 122 415
bus 0.1271 233 339 327 429
bus 0.1101 293 351 324 394
bus 0.0771 310 352 328 393
bus 0.0710 310 361 328 431
bus 0.0647 319 358 328 434
bus 0.0583 0 360 39 400
bus 0.0539 320 352 328 393
bus 0.0482 289 362 328 430
car 0.7429 0 360 39 400
car 0.4146 0 431 37 494
car 0.1839 0 362 38 500
car 0.0935 106 384 122 415
car 0.0497 4 309 43 335
car 0.0447 290 351 322 393
car 0.0446 3 316 34 343
car 0.0445 312 313 326 330
car 0.0443 0 367 7 386
horse 0.0610 106 384 122 415
motorbike 0.1911 107 388 122 417
motorbike 0.0773 0 405 37 497
person 0.5107 175 361 194 423
person 0.4966 150 360 171 423
person 0.4399 194 357 216 426
person 0.3751 106 384 122 415
person 0.2129 214 359 232 417
person 0.1447 141 369 150 414
person 0.0951 259 351 296 379
person 0.0669 290 349 321 388
person 0.0661 1 375 36 502
person 0.0638 320 352 328 393
person 0.0601 126 383 133 401
person 0.0598 310 352 328 393
person 0.0474 204 292 216 334
pottedplant 0.0605 108 384 125 415
train 0.1627 0 4 329 491
