bird 0.0344 13 128 44 158
bottle 0.0408 15 130 46 160
bottle 0.0392 300 101 316 143
bottle 0.0332 294 170 317 236
bus 0.0317 0 4 317 200
car 0.0410 240 171 316 238
car 0.0381 229 232 328 237
car 0.0372 274 232 322 237
car 0.0354 300 101 316 143
car 0.0331 172 151 219 176
cat 0.0675 15 130 46 160
chair 0.1049 172 151 219 176
chair 0.0642 236 165 315 237
chair 0.0495 300 101 316 147
chair 0.0483 159 159 318 235
chair 0.0416 167 158 234 217
chair 0.0416 15 130 46 160
chair 0.0368 272 133 309 168
chair 0.0321 5 137 56 224
dog 0.0474 13 129 44 160
person 0.1844 300 101 316 143
person 0.1494 15 130 46 163
person 0.0715 11 130 55 212
person 0.0584 244 168 317 237
person 0.0489 275 130 311 167
person 0.0484 305 100 316 178
person 0.0452 310 92 316 205
person 0.0397 56 150 96 177
person 0.0385 315 102 316 206
person 0.0358 315 100 316 227
person 0.0342 283 53 318 132
person 0.0342 280 106 316 240
person 0.0338 295 101 316 214
person 0.0337 0 113 21 225
person 0.0317 315 119 316 235
pottedplant 0.0362 15 130 46 163
sofa 0.2615 163 151 318 233
sofa 0.0576 172 153 219 177
sofa 0.0528 161 163 260 227
sofa 0.0445 236 144 316 239
train 0.0391 0 2 318 205
tvmonitor 0.0516 55 123 76 159
tvmonitor 0.0410 298 101 314 143
tvmonitor 0.0373 15 130 46 160
