aeroplane 0.0616 346 438 370 494
bicycle 0.1095 0 1 283 494
bicycle 0.0981 2 193 141 356
bicycle 0.0580 0 433 101 492
bicycle 0.0516 6 448 65 492
bird 0.0529 6 448 65 492
boat 0.1587 346 438 370 494
bottle 0.2471 357 187 371 276
bottle 0.0497 48 370 59 398
car 0.0585 342 445 369 495
chair 0.0822 0 2 372 493
diningtable 0.1496 0 2 372 493
diningtable 0.0694 2 444 111 495
person 0.0763 0 442 25 498
person 0.0671 48 372 59 403
person 0.0606 5 440 79 492
pottedplant 0.3198 0 2 372 493
pottedplant 0.3133 0 433 108 492
pottedplant 0.1347 0 437 25 495
pottedplant 0.0729 0 169 277 490
pottedplant 0.0503 48 370 59 398
tvmonitor 0.0692 247 289 364 495
