boat 0.0713 312 70 409 113
bottle 0.0512 331 65 366 87
cat 0.0729 14 286 66 330
chair 0.3173 168 118 233 185
chair 0.2956 451 91 497 176
chair 0.2688 264 102 301 144
chair 0.2644 92 120 185 194
chair 0.2299 6 139 91 263
chair 0.1980 129 90 186 124
chair 0.1342 -2 201 68 331
chair 0.1180 116 101 136 129
chair 0.1108 380 72 426 143
chair 0.1053 -1 127 36 276
chair 0.0985 103 111 118 140
chair 0.0973 107 119 138 164
chair 0.0887 116 116 136 145
chair 0.0885 109 116 128 146
chair 0.0881 388 70 419 103
chair 0.0844 398 88 480 184
chair 0.0828 4 127 38 208
chair 0.0660 -1 162 28 334
chair 0.0629 0 149 10 321
chair 0.0591 -1 232 20 331
chair 0.0580 42 133 171 201
chair 0.0576 124 112 168 149
chair 0.0570 178 94 200 115
chair 0.0570 164 92 197 118
chair 0.0535 419 78 474 162
chair 0.0529 433 77 453 112
chair 0.0525 183 102 202 118
chair 0.0520 309 68 427 141
chair 0.0508 183 108 202 122
diningtable 0.4324 83 118 216 191
diningtable 0.1659 -6 134 446 331
diningtable 0.1608 160 119 226 184
diningtable 0.0794 26 130 312 215
diningtable 0.0570 174 95 509 328
diningtable 0.0566 129 90 186 124
diningtable 0.0554 259 102 299 149
diningtable 0.0496 308 69 429 135
dog 0.0594 14 286 66 330
pottedplant 0.2249 172 86 502 326
pottedplant 0.1137 435 75 458 108
pottedplant 0.0988 129 90 186 124
pottedplant 0.0784 6 122 27 150
sofa 0.0508 6 139 91 258
sofa 0.0496 128 88 187 122
tvmonitor 0.1272 55 208 158 272
tvmonitor 0.0625 128 88 187 122
