aeroplane 0.0240 175 127 266 226
bird 0.7332 176 127 271 226
bird 0.0423 184 135 264 336
bird 0.0373 55 133 88 214
bird 0.0271 434 281 498 330
bird 0.0233 51 129 444 371
bird 0.0210 145 98 459 273
boat 0.0279 225 2 285 6
boat 0.0221 246 2 319 6
bottle 0.0221 284 0 492 372
cat 0.0327 434 281 498 330
cat 0.0313 -1 202 497 367
cow 0.0455 428 280 496 331
cow 0.0233 431 238 493 326
dog 0.0442 428 280 496 331
horse 0.0224 430 276 495 329
person 0.0202 0 244 496 366
pottedplant 0.0201 272 0 489 372
sheep 0.0728 428 280 496 331
sheep 0.0205 433 232 491 326
