car 0.0205 453 127 493 264
cow 0.6226 319 122 417 263
cow 0.6191 207 102 327 302
cow 0.5792 448 128 493 263
cow 0.0335 462 135 493 357
cow 0.0320 477 129 494 221
cow 0.0271 458 128 490 192
dog 0.0483 449 129 492 257
dog 0.0361 207 103 327 306
dog 0.0251 464 134 491 340
dog 0.0247 319 122 417 263
dog 0.0204 490 137 497 249
horse 0.1062 453 127 493 264
horse 0.0483 319 122 417 263
horse 0.0465 207 102 327 302
horse 0.0270 480 131 498 261
horse 0.0264 462 135 493 357
horse 0.0243 475 151 496 294
person 0.0232 490 142 497 262
person 0.0222 491 159 496 280
sheep 0.1287 449 129 492 257
sheep 0.0792 207 102 327 302
sheep 0.0477 315 122 415 264
sheep 0.0473 463 141 492 328
sheep 0.0439 457 128 490 187
sheep 0.0358 475 151 496 294
sheep 0.0347 490 137 497 249
sheep 0.0273 491 159 496 274
sheep 0.0239 492 128 495 234
sheep 0.0228 477 129 494 221
train 0.0551 315 122 415 264
train 0.0502 211 104 330 305
train 0.0333 453 127 493 259
