aeroplane 0.1645 0 0 496 372
bicycle 0.0508 67 241 490 370
boat 0.1081 0 0 496 372
bus 0.0857 0 0 496 372
car 0.1081 0 0 496 372
car 0.0990 138 96 434 369
car 0.0595 -5 178 384 369
chair 0.1273 468 145 488 185
chair 0.0811 -1 172 20 328
chair 0.0559 262 307 498 375
chair 0.0510 432 340 492 370
chair 0.0495 -3 355 45 373
chair 0.0448 1 120 10 327
motorbike 0.0449 38 -1 520 373
person 0.7233 3 81 132 366
person 0.6909 351 91 495 368
person 0.6547 219 160 354 369
person 0.0737 166 161 493 368
person 0.0546 310 52 349 113
person 0.0510 1 64 17 354
person 0.0467 0 16 34 355
pottedplant 0.0464 468 145 488 185
train 0.1297 0 0 496 372
