bicycle 0.0516 1 334 18 410
bicycle 0.0348 0 302 25 404
bird 0.0348 83 339 112 398
boat 0.0344 357 144 372 186
bottle 0.0513 247 145 276 193
bus 0.8074 74 42 291 421
bus 0.0769 1 174 77 290
bus 0.0516 333 263 348 287
bus 0.0474 324 203 351 260
bus 0.0415 305 265 341 285
bus 0.0411 295 269 310 289
bus 0.0410 287 196 353 267
bus 0.0404 86 200 267 396
bus 0.0339 17 241 49 270
car 0.1398 295 269 310 289
car 0.1370 334 265 348 292
car 0.1144 305 267 341 290
car 0.0570 329 268 346 321
car 0.0564 311 267 341 322
car 0.0516 362 149 371 190
car 0.0413 249 145 279 193
car 0.0398 2 266 17 322
car 0.0388 302 268 327 337
car 0.0376 0 302 25 404
car 0.0375 2 262 29 343
car 0.0374 337 264 349 341
car 0.0369 316 262 347 343
car 0.0367 1 248 66 388
car 0.0335 314 306 338 368
chair 0.0447 0 328 18 409
horse 0.0396 2 316 34 405
motorbike 0.0548 0 328 18 409
motorbike 0.0521 314 306 338 368
motorbike 0.0345 342 314 356 392
motorbike 0.0343 329 265 347 292
person 0.5600 19 252 70 399
person 0.4935 311 265 340 362
person 0.4120 0 255 26 403
person 0.3361 83 339 112 398
person 0.1984 200 233 224 285
person 0.1330 294 273 311 347
person 0.1217 0 253 14 288
person 0.1210 249 145 279 193
person 0.1193 0 317 14 404
person 0.1123 0 260 19 313
person 0.1066 334 266 347 298
person 0.1012 75 272 91 356
person 0.0925 75 43 296 421
person 0.0899 18 251 42 283
person 0.0871 80 246 133 374
person 0.0715 112 248 142 302
person 0.0662 330 209 351 262
person 0.0645 294 270 311 294
person 0.0564 61 264 75 301
person 0.0522 168 223 209 311
person 0.0456 16 254 67 327
person 0.0388 122 144 254 374
person 0.0375 367 147 372 184
person 0.0372 40 254 73 295
person 0.0350 154 241 176 293
pottedplant 0.0414 249 145 279 193
tvmonitor 0.0419 156 2 232 32
