boat 0.0374 16 190 48 207
boat 0.0285 338 120 462 264
bottle 0.0367 197 178 204 190
bottle 0.0260 196 182 205 194
bottle 0.0226 354 121 453 259
bus 0.8867 132 100 309 240
bus 0.0412 262 173 279 190
bus 0.0324 268 173 289 190
bus 0.0257 16 190 48 207
bus 0.0238 274 172 299 191
car 0.0436 16 190 48 207
car 0.0305 259 173 274 190
car 0.0277 197 178 204 190
car 0.0272 202 176 214 191
chair 0.1388 390 134 424 211
diningtable 0.0204 391 133 424 208
person 0.1474 256 176 270 191
person 0.1367 197 178 204 190
person 0.0790 132 100 309 240
person 0.0373 214 165 257 202
person 0.0330 150 115 260 227
person 0.0292 196 128 212 144
person 0.0242 237 124 250 138
person 0.0232 181 132 197 148
person 0.0226 186 154 200 169
person 0.0215 180 152 206 180
person 0.0206 184 129 225 186
person 0.0203 189 138 204 150
person 0.0202 228 142 259 165
person 0.0202 242 147 260 159
person 0.0201 184 145 201 162
pottedplant 0.0273 341 123 466 266
sofa 0.0278 391 133 424 208
train 0.0240 16 190 48 207
train 0.0221 138 101 315 240
