aeroplane 0.0697 390 -1 434 9
bicycle 0.0205 390 -1 434 9
bird 0.0924 387 -1 437 13
bird 0.0414 442 50 474 79
bird 0.0261 471 48 493 70
bird 0.0242 468 52 495 88
bird 0.0232 483 47 495 71
boat 0.0815 390 -1 434 9
boat 0.0249 0 78 12 110
boat 0.0238 0 77 26 111
bottle 0.0221 390 -1 434 9
bus 0.0221 11 95 484 242
car 0.0723 390 -1 434 9
car 0.0229 -1 80 20 113
car 0.0218 456 158 492 200
cat 0.0311 387 -1 437 13
chair 0.0297 392 0 438 9
cow 0.0303 387 -1 437 13
dog 0.0312 390 -1 434 9
horse 0.0310 389 -1 441 13
person 0.0372 390 -1 434 9
pottedplant 0.0545 390 -1 434 9
sheep 0.0678 389 -1 441 13
train 0.4699 87 99 478 217
tvmonitor 0.0240 390 -1 434 9
