boat 0.0359 0 211 11 254
boat 0.0346 0 181 12 260
bus 0.8734 59 25 491 328
bus 0.1234 0 157 27 261
bus 0.0715 2 157 9 225
bus 0.0706 2 89 102 259
bus 0.0681 0 199 11 254
bus 0.0606 0 85 42 251
bus 0.0580 1 116 9 232
bus 0.0552 483 163 496 244
bus 0.0550 21 75 193 255
bus 0.0393 4 96 37 169
bus 0.0369 44 101 138 212
bus 0.0309 43 63 296 284
bus 0.0307 486 156 493 203
bus 0.0302 45 123 106 190
bus 0.0289 93 105 214 243
car 0.0703 0 211 11 254
car 0.0616 491 192 495 249
car 0.0524 -1 176 13 260
car 0.0396 493 147 493 194
car 0.0395 493 153 493 201
car 0.0361 0 152 4 236
car 0.0355 491 152 495 231
car 0.0297 0 122 3 231
person 0.0728 241 100 269 154
person 0.0632 137 141 170 177
person 0.0494 117 127 151 167
person 0.0464 48 93 188 226
person 0.0449 80 115 173 204
person 0.0438 1 143 16 233
person 0.0427 106 118 201 224
person 0.0396 146 136 192 176
person 0.0348 220 106 252 154
person 0.0325 47 109 127 210
person 0.0317 0 152 5 254
person 0.0311 491 192 495 249
person 0.0310 1 129 3 230
person 0.0298 25 69 212 290
person 0.0294 -2 175 7 266
person 0.0294 -1 163 20 261
person 0.0285 0 115 4 233
train 0.0397 -1 162 27 262
train 0.0384 -1 176 13 260
train 0.0318 0 211 11 254
tvmonitor 0.0927 3 93 30 161
