bicycle 0.0284 0 244 11 308
bottle 0.0391 283 83 297 105
bottle 0.0321 0 254 11 310
bottle 0.0287 477 0 495 38
bottle 0.0258 27 4 62 28
bus 0.7789 33 101 477 304
bus 0.0571 359 178 447 228
bus 0.0498 482 132 496 251
bus 0.0469 377 194 445 224
bus 0.0375 405 197 449 221
bus 0.0352 399 183 455 223
bus 0.0318 440 130 492 253
bus 0.0280 395 144 459 227
bus 0.0261 422 173 479 233
car 0.0383 394 203 452 226
car 0.0370 491 213 495 245
car 0.0349 0 217 11 277
car 0.0332 385 196 445 222
car 0.0321 362 191 437 226
car 0.0287 492 228 495 254
car 0.0285 492 126 495 233
car 0.0279 490 132 496 251
car 0.0247 417 199 476 242
chair 0.0401 1 219 10 292
chair 0.0248 0 256 10 313
person 0.1686 367 176 385 201
person 0.0785 350 174 371 202
person 0.0748 279 79 294 105
person 0.0741 341 166 365 199
person 0.0720 336 168 354 197
person 0.0446 490 130 496 247
person 0.0408 163 179 184 198
person 0.0384 1 223 10 294
person 0.0337 33 101 477 304
person 0.0333 0 244 11 308
person 0.0318 114 156 255 221
person 0.0301 492 217 495 248
person 0.0299 150 180 165 197
person 0.0282 309 172 351 205
person 0.0279 385 196 445 222
person 0.0274 377 148 454 229
person 0.0260 366 200 449 229
pottedplant 0.1109 345 32 368 63
pottedplant 0.0298 0 217 11 277
pottedplant 0.0259 476 0 495 44
pottedplant 0.0258 0 244 11 308
train 0.0248 0 96 464 299
tvmonitor 0.0309 33 101 477 304
