bottle 0.0537 190 0 234 36
bottle 0.0511 305 1 338 12
bottle 0.0509 0 2 34 102
bottle 0.0462 205 0 250 35
car 0.1098 0 77 41 192
car 0.0771 280 5 441 162
car 0.0453 0 8 81 216
car 0.0434 4 -1 194 135
car 0.0431 322 0 376 20
chair 0.0448 317 0 373 19
motorbike 0.8605 16 5 463 343
motorbike 0.0795 8 0 197 183
motorbike 0.0566 278 4 443 185
person 0.5056 424 -1 500 214
person 0.1802 373 0 418 59
person 0.1509 190 0 234 36
person 0.1044 324 -1 373 15
person 0.1018 0 2 34 102
person 0.0725 312 0 355 13
person 0.0710 168 1 202 40
person 0.0666 382 1 449 194
person 0.0602 300 1 335 12
person 0.0556 435 1 497 120
person 0.0527 161 2 193 85
person 0.0464 493 13 494 137
person 0.0456 -1 0 83 110
person 0.0441 491 11 496 93
pottedplant 0.0433 317 0 373 19
tvmonitor 0.0502 -1 6 36 138
