aeroplane 0.8849 2 18 493 269
aeroplane 0.0892 276 42 492 95
aeroplane 0.0414 5 153 76 186
aeroplane 0.0368 -5 179 110 254
aeroplane 0.0351 91 312 184 329
aeroplane 0.0327 10 147 485 312
bicycle 0.0489 -1 309 18 332
bicycle 0.0377 247 319 262 332
bird 0.0371 244 316 260 330
boat 0.0779 91 312 184 329
boat 0.0595 0 308 13 333
boat 0.0323 9 153 87 187
bottle 0.0991 244 316 260 330
bottle 0.0636 0 308 13 333
bus 0.1589 51 252 123 316
bus 0.0617 134 272 158 307
bus 0.0554 136 266 170 303
bus 0.0430 146 265 193 303
bus 0.0396 6 249 20 289
bus 0.0377 162 253 193 294
bus 0.0376 41 254 203 314
bus 0.0373 163 273 199 306
bus 0.0361 276 42 492 95
bus 0.0343 170 248 199 290
bus 0.0324 83 312 178 329
car 0.1760 48 256 119 318
car 0.1571 85 312 183 329
car 0.0948 136 272 163 307
car 0.0937 0 308 13 333
car 0.0855 163 273 199 306
car 0.0647 140 271 190 308
car 0.0642 268 40 492 96
car 0.0570 176 277 217 302
car 0.0422 5 255 20 293
car 0.0410 1 263 10 336
car 0.0384 292 42 351 63
car 0.0382 0 290 10 331
car 0.0376 38 291 73 319
chair 0.0776 0 313 18 333
diningtable 0.0352 -1 309 18 332
dog 0.0404 244 316 260 330
horse 0.0330 0 308 13 333
motorbike 0.0465 -1 309 18 332
motorbike 0.0346 247 319 262 332
motorbike 0.0322 96 309 187 327
person 0.2756 244 316 260 330
person 0.1498 135 274 157 309
person 0.1448 155 219 175 250
person 0.0498 0 308 13 333
person 0.0439 4 257 14 291
person 0.0411 140 271 190 308
person 0.0393 163 273 199 306
person 0.0349 0 286 5 334
pottedplant 0.0451 0 308 13 333
pottedplant 0.0443 247 319 262 332
sheep 0.0491 0 308 13 333
sheep 0.0332 85 312 183 329
train 0.0398 -1 309 18 332
tvmonitor 0.0374 0 308 13 333
