aeroplane 0.7148 113 145 389 229
aeroplane 0.0486 2 158 16 174
aeroplane 0.0470 183 109 232 129
aeroplane 0.0355 490 112 496 132
aeroplane 0.0315 3 124 30 144
aeroplane 0.0276 7 117 43 139
aeroplane 0.0268 104 114 140 129
aeroplane 0.0242 17 159 31 171
aeroplane 0.0235 129 110 170 127
bicycle 0.0440 3 164 15 178
bird 0.0715 2 161 16 176
bird 0.0214 113 145 389 229
boat 0.1085 2 161 16 176
boat 0.0530 3 121 31 142
boat 0.0398 118 144 391 229
boat 0.0327 183 109 232 129
boat 0.0301 490 108 496 130
boat 0.0210 9 140 32 166
bottle 0.0435 2 161 16 176
bus 0.0677 104 111 140 128
bus 0.0586 180 109 228 128
bus 0.0534 125 111 166 127
bus 0.0337 2 161 16 176
bus 0.0246 135 111 195 127
bus 0.0207 490 112 496 132
car 0.2208 101 114 136 129
car 0.1919 180 109 228 128
car 0.1564 125 111 166 127
car 0.1331 111 115 157 128
car 0.1302 2 161 16 176
car 0.0676 143 115 204 128
car 0.0643 153 111 217 127
car 0.0612 490 116 496 134
car 0.0589 490 108 496 130
car 0.0379 2 124 24 145
car 0.0252 65 119 102 131
car 0.0242 213 116 250 128
cat 0.0322 3 164 15 178
chair 0.0370 2 161 16 176
cow 0.0973 3 164 15 178
diningtable 0.0222 3 164 15 178
dog 0.0568 2 161 16 176
horse 0.0705 2 161 16 176
motorbike 0.0562 3 164 15 178
person 0.1065 2 161 16 176
pottedplant 0.0420 2 161 16 176
pottedplant 0.0239 111 145 384 228
sheep 0.1364 2 161 16 176
sheep 0.0277 3 124 30 144
sheep 0.0214 490 112 496 132
train 0.0388 2 158 16 174
train 0.0369 3 164 15 178
train 0.0289 183 109 232 129
train 0.0236 104 111 140 128
