bicycle 0.0274 434 151 498 372
bird 0.0469 23 45 65 80
bottle 0.0844 338 0 469 120
bottle 0.0455 231 1 491 124
bottle 0.0395 458 230 497 370
bottle 0.0380 442 150 498 373
bottle 0.0326 183 239 382 372
car 0.0308 435 166 498 369
car 0.0294 459 263 496 371
cat 0.0613 126 -4 361 253
chair 0.0377 11 2 171 82
chair 0.0372 450 112 498 375
chair 0.0283 459 263 496 371
chair 0.0260 0 17 495 354
chair 0.0256 482 105 497 383
chair 0.0251 183 239 382 372
cow 0.0321 124 0 355 255
diningtable 0.0263 183 239 382 372
dog 0.6812 124 0 355 255
dog 0.0283 443 205 497 371
horse 0.0308 450 211 498 370
horse 0.0252 126 -1 368 255
motorbike 0.0377 442 157 498 372
person 0.0671 450 211 498 370
person 0.0629 452 49 495 375
person 0.0518 126 -1 368 255
person 0.0408 480 59 499 377
person 0.0363 489 104 497 367
person 0.0356 492 155 495 362
person 0.0356 493 167 494 362
person 0.0343 493 189 493 363
person 0.0338 23 45 65 80
person 0.0336 493 184 494 357
person 0.0265 418 1 498 370
person 0.0255 493 236 493 363
pottedplant 0.0696 183 239 382 372
pottedplant 0.0282 441 142 499 375
sheep 0.0338 459 263 496 371
sofa 0.0321 126 -1 368 255
