aeroplane 0.0426 134 134 182 167
aeroplane 0.0245 0 27 19 50
aeroplane 0.0244 2 19 31 48
aeroplane 0.0223 0 37 17 53
bird 0.5049 134 134 182 167
bird 0.1588 144 128 162 138
bird 0.0336 88 152 189 249
bird 0.0231 150 129 204 148
boat 0.0501 136 137 186 169
boat 0.0381 1 28 24 50
boat 0.0271 144 128 162 138
car 0.0361 0 32 18 51
car 0.0272 84 38 106 57
car 0.0255 40 36 57 48
car 0.0230 25 31 47 46
car 0.0208 15 31 42 47
cat 0.0580 136 137 186 169
cat 0.0239 88 152 189 249
cat 0.0237 144 128 162 138
cow 0.0585 91 155 192 251
cow 0.0441 326 167 427 250
cow 0.0382 134 137 182 169
dog 0.0665 134 134 182 167
dog 0.0291 90 152 193 249
dog 0.0224 144 128 162 138
horse 0.0444 134 137 182 169
motorbike 0.0277 88 39 110 57
motorbike 0.0273 81 39 102 57
person 0.0519 134 134 182 167
person 0.0344 84 38 106 57
person 0.0238 144 128 162 138
pottedplant 0.0304 134 134 182 167
sheep 0.8740 326 167 427 250
sheep 0.7968 91 155 192 251
sheep 0.0912 136 137 186 169
sheep 0.0393 144 128 162 138
sheep 0.0332 176 149 193 168
sheep 0.0310 92 209 114 249
sheep 0.0295 92 175 121 249
sheep 0.0282 159 145 194 167
sheep 0.0264 0 37 17 53
sheep 0.0261 383 219 408 240
sheep 0.0251 362 217 413 241
sheep 0.0246 353 216 392 242
sheep 0.0231 133 153 189 188
sheep 0.0208 120 153 156 176
