aeroplane 0.0677 -3 153 499 427
aeroplane 0.0261 5 251 490 359
bus 0.8708 241 64 489 172
bus 0.6396 31 62 300 163
bus 0.1291 31 78 73 136
bus 0.1027 2 71 32 138
bus 0.0778 3 70 54 145
bus 0.0615 207 74 350 151
bus 0.0471 486 98 494 138
bus 0.0336 107 65 395 155
bus 0.0313 491 108 495 148
bus 0.0294 491 125 495 153
bus 0.0270 3 101 8 145
car 0.0486 491 125 495 153
car 0.0405 492 96 494 140
car 0.0391 491 108 495 148
car 0.0322 3 83 30 142
car 0.0311 36 81 75 134
car 0.0295 1 91 3 149
car 0.0265 0 76 4 144
car 0.0258 245 64 491 172
car 0.0239 12 72 69 143
car 0.0239 1 102 3 159
car 0.0235 40 82 71 112
person 0.0516 43 82 76 127
person 0.0500 241 64 489 172
person 0.0458 59 90 83 110
person 0.0356 491 125 495 153
person 0.0350 491 108 495 148
person 0.0348 492 96 494 140
person 0.0323 2 71 32 138
person 0.0320 1 104 2 163
person 0.0310 261 87 304 122
person 0.0286 2 91 2 155
person 0.0268 3 93 15 142
person 0.0264 2 87 2 148
person 0.0263 369 100 430 120
person 0.0263 1 77 3 148
person 0.0253 388 95 419 114
person 0.0252 5 94 28 141
person 0.0246 50 90 132 120
person 0.0243 34 62 304 163
person 0.0240 266 87 322 112
person 0.0236 245 83 375 126
person 0.0226 492 132 495 166
person 0.0211 264 73 426 137
person 0.0205 3 68 62 142
person 0.0203 324 86 444 129
pottedplant 0.0205 2 119 9 158
train 0.0246 2 71 32 138
