aeroplane 0.0400 163 164 237 181
boat 0.3966 163 164 237 181
boat 0.2304 90 155 162 174
boat 0.1783 277 161 412 173
boat 0.1680 248 163 317 176
boat 0.1131 303 158 433 171
boat 0.1067 158 129 243 180
boat 0.0885 226 165 276 174
boat 0.0882 372 126 497 172
boat 0.0668 354 150 453 168
boat 0.0643 26 151 164 173
boat 0.0621 147 161 199 173
boat 0.0513 176 167 264 178
boat 0.0511 132 153 198 171
boat 0.0497 106 126 194 167
boat 0.0476 108 144 207 169
boat 0.0455 364 63 483 172
boat 0.0404 -1 170 497 336
boat 0.0393 460 127 496 161
boat 0.0384 435 129 497 169
boat 0.0374 347 110 476 167
bottle 0.0860 301 250 342 319
bottle 0.0579 468 84 495 130
bottle 0.0347 409 57 476 157
bottle 0.0330 442 73 490 142
car 0.0366 164 167 237 181
car 0.0349 271 164 411 175
chair 0.0469 427 193 497 329
chair 0.0381 362 172 500 329
diningtable 0.0551 -2 219 498 334
diningtable 0.0413 258 192 494 330
pottedplant 0.0325 468 84 495 130
train 0.0420 0 167 496 334
