bird 0.0207 129 141 163 177
cow 0.7643 348 175 498 313
cow 0.7381 198 180 344 278
cow 0.6839 51 158 155 318
cow 0.5290 133 171 190 282
cow 0.3657 317 186 374 279
cow 0.0575 326 180 419 290
cow 0.0414 433 197 484 302
cow 0.0402 266 181 369 278
cow 0.0337 482 179 497 257
cow 0.0326 468 182 496 265
cow 0.0290 483 187 497 313
cow 0.0259 455 176 493 282
cow 0.0236 62 211 89 294
cow 0.0231 465 189 499 317
cow 0.0218 484 155 495 234
cow 0.0209 493 117 493 254
dog 0.0255 317 186 374 279
dog 0.0218 127 170 189 282
horse 0.0599 317 188 373 282
horse 0.0565 133 171 190 282
horse 0.0501 55 155 158 316
horse 0.0485 202 177 346 276
horse 0.0375 348 175 498 313
person 0.0240 487 104 493 268
person 0.0237 491 167 495 245
person 0.0230 490 179 497 256
person 0.0221 491 184 495 275
sheep 0.0514 133 171 190 282
sheep 0.0483 198 180 344 278
sheep 0.0393 317 188 373 282
sheep 0.0320 55 155 158 316
sheep 0.0279 343 176 496 312
sheep 0.0257 475 176 497 253
sheep 0.0218 490 180 497 262
sheep 0.0201 492 148 494 235
train 0.0479 343 176 496 312
train 0.0418 54 151 160 314
train 0.0362 197 178 344 276
train 0.0343 127 168 189 280
train 0.0333 317 188 373 282
