aeroplane 0.0280 445 48 495 106
boat 0.0308 71 72 95 93
boat 0.0244 80 74 134 109
boat 0.0203 450 49 497 99
bottle 0.0554 77 172 136 234
bottle 0.0520 69 73 90 93
bus 0.0338 71 73 103 99
bus 0.0338 69 73 90 93
bus 0.0250 445 47 495 95
bus 0.0238 75 71 131 106
bus 0.0203 469 45 494 80
car 0.7390 67 48 427 299
car 0.5191 55 16 228 103
car 0.1338 71 73 103 99
car 0.1196 445 48 495 100
car 0.0928 79 71 134 106
car 0.0428 2 16 415 109
car 0.0389 490 53 496 90
car 0.0361 492 40 494 79
car 0.0339 403 32 474 128
car 0.0282 156 60 409 228
car 0.0250 265 93 332 184
car 0.0230 4 6 217 71
chair 0.0221 69 73 90 93
dog 0.0202 278 93 333 143
motorbike 0.0474 445 49 495 111
motorbike 0.0317 71 74 96 97
motorbike 0.0219 406 37 471 134
person 0.1465 273 93 331 148
person 0.0655 405 36 472 130
person 0.0526 69 73 90 93
person 0.0433 445 49 495 117
person 0.0294 457 50 497 93
person 0.0271 491 46 495 84
person 0.0270 491 53 496 101
person 0.0247 492 40 494 79
person 0.0220 424 42 485 89
person 0.0215 477 41 495 78
person 0.0212 94 11 221 55
person 0.0201 216 90 318 146
person 0.0201 80 74 134 109
pottedplant 0.0279 69 73 90 93
pottedplant 0.0241 445 49 495 117
sheep 0.0254 69 73 90 93
sheep 0.0202 71 291 331 379
train 0.0234 71 74 96 97
tvmonitor 0.0241 210 0 402 50
tvmonitor 0.0239 69 73 90 93
