bicycle 0.9285 51 8 460 310
bicycle 0.0475 0 173 95 333
bicycle 0.0399 0 5 50 325
bicycle 0.0336 5 239 115 330
bicycle 0.0271 -1 16 20 313
bicycle 0.0265 0 217 65 331
bicycle 0.0241 0 225 214 328
bottle 0.0303 52 8 458 306
chair 0.0561 3 244 116 329
chair 0.0322 3 2 69 327
chair 0.0266 -1 225 200 328
chair 0.0249 3 315 70 331
chair 0.0234 -1 304 75 332
motorbike 0.0334 1 169 87 332
person 0.0316 1 4 56 326
person 0.0252 2 123 8 290
person 0.0241 0 12 27 317
pottedplant 0.0486 3 2 69 327
pottedplant 0.0466 0 231 81 332
pottedplant 0.0297 -1 231 20 338
pottedplant 0.0250 -1 16 20 313
pottedplant 0.0241 -1 297 36 329
pottedplant 0.0233 -1 281 19 329
