bird 0.0257 0 263 49 366
bottle 0.0625 115 3 497 454
bottle 0.0290 435 434 465 454
bottle 0.0247 459 1 496 44
car 0.0349 419 3 497 136
car 0.0345 -22 40 463 459
car 0.0317 464 295 491 327
car 0.0253 429 1 495 45
cat 0.0672 91 3 490 454
chair 0.0400 0 336 190 459
chair 0.0274 39 2 519 454
diningtable 0.0343 39 2 519 454
person 0.0933 438 0 494 39
person 0.0735 408 0 469 33
person 0.0422 435 434 465 454
person 0.0266 493 7 494 67
pottedplant 0.0386 115 3 497 454
pottedplant 0.0371 415 2 494 51
pottedplant 0.0363 408 0 469 33
pottedplant 0.0351 1 338 150 456
pottedplant 0.0327 445 0 494 39
pottedplant 0.0277 0 213 128 452
pottedplant 0.0263 412 1 497 131
pottedplant 0.0252 436 441 465 455
sofa 0.0307 10 9 485 447
tvmonitor 0.6454 91 3 490 454
