aeroplane 0.0327 1 40 46 138
bicycle 0.0429 0 92 18 196
bicycle 0.0255 -1 120 19 230
boat 0.0505 0 37 47 136
bottle 0.0271 0 102 4 175
bottle 0.0258 0 101 11 186
bottle 0.0238 0 37 47 136
bottle 0.0208 0 119 4 200
bus 0.0460 0 37 44 136
bus 0.0272 36 64 451 281
car 0.7852 36 66 451 284
car 0.5299 0 37 47 136
car 0.0439 0 -8 27 99
car 0.0272 0 102 5 180
car 0.0258 1 99 4 173
car 0.0243 2 34 9 134
car 0.0237 1 -3 95 135
chair 0.0332 0 37 44 136
chair 0.0316 1 0 25 49
chair 0.0219 0 101 11 186
chair 0.0214 10 1 103 32
chair 0.0205 0 -1 12 76
motorbike 0.0427 0 92 18 196
motorbike 0.0303 0 37 47 136
motorbike 0.0246 2 47 31 215
motorbike 0.0233 -1 122 20 239
person 0.0402 1 88 10 179
person 0.0316 18 1 109 32
person 0.0312 0 1 27 110
person 0.0300 1 -1 494 118
person 0.0287 0 -1 3 103
person 0.0284 1 5 2 105
person 0.0270 0 0 26 44
person 0.0268 0 110 5 193
person 0.0265 0 116 12 213
person 0.0253 0 13 5 129
person 0.0243 0 1 12 32
person 0.0225 0 35 44 133
person 0.0211 5 1 52 42
person 0.0200 0 127 4 239
pottedplant 0.0614 0 108 18 221
pottedplant 0.0457 0 101 11 186
pottedplant 0.0266 0 37 47 136
pottedplant 0.0230 0 3 495 129
pottedplant 0.0219 18 1 109 32
sheep 0.0367 0 37 44 136
sofa 0.0223 1 -1 494 118
sofa 0.0201 0 37 47 136
train 0.0284 0 37 44 136
tvmonitor 0.0235 0 37 47 136
tvmonitor 0.0212 0 0 26 44
