bicycle 0.0381 299 67 395 397
bird 0.1732 287 56 338 134
bird 0.0532 313 47 356 135
bird 0.0461 300 78 395 400
bird 0.0379 1 12 45 178
boat 0.0425 287 56 338 134
bottle 0.0465 299 67 395 397
bottle 0.0447 343 1 364 17
bottle 0.0387 290 50 341 132
cat 0.0703 290 55 341 135
cat 0.0410 313 41 356 133
cat 0.0397 2 363 45 483
chair 0.0846 1 359 45 480
chair 0.0453 0 294 65 474
cow 0.0839 290 55 341 135
dog 0.1237 287 56 338 134
horse 0.0773 287 51 338 132
motorbike 0.0741 103 -6 353 119
person 0.1491 287 51 338 132
person 0.0658 304 11 340 116
person 0.0411 310 -1 347 36
person 0.0402 301 72 394 399
pottedplant 0.7002 4 44 294 489
pottedplant 0.4071 299 67 395 397
pottedplant 0.1880 323 12 371 124
pottedplant 0.0579 0 4 141 491
pottedplant 0.0542 343 1 364 17
pottedplant 0.0511 247 80 322 360
pottedplant 0.0496 274 -13 370 329
pottedplant 0.0480 331 4 363 29
pottedplant 0.0460 100 11 355 375
pottedplant 0.0443 0 1 59 494
pottedplant 0.0392 321 3 374 46
pottedplant 0.0375 298 39 345 128
sheep 0.0739 289 58 342 139
sofa 0.0667 1 363 50 484
