aeroplane 0.0266 408 104 437 121
bicycle 0.0302 0 126 19 236
boat 0.0224 490 103 495 123
bottle 0.0360 1 152 10 242
bottle 0.0319 -2 126 14 230
bus 0.0583 409 101 437 119
bus 0.0398 485 99 494 121
bus 0.0367 2 100 23 132
bus 0.0297 392 102 415 118
bus 0.0270 393 96 415 112
bus 0.0270 387 96 404 111
bus 0.0253 446 102 470 118
bus 0.0240 1 98 25 184
bus 0.0238 453 103 479 117
bus 0.0226 -1 112 20 225
bus 0.0226 380 97 396 111
car 0.7412 7 53 465 378
car 0.1517 408 104 437 121
car 0.0988 490 103 495 123
car 0.0780 442 107 466 119
car 0.0708 2 100 23 132
car 0.0637 1 99 24 158
car 0.0596 -1 105 20 215
car 0.0472 7 108 42 223
car 0.0388 383 102 401 117
car 0.0385 -3 122 8 240
car 0.0383 0 149 11 238
car 0.0366 0 103 81 216
car 0.0287 12 138 68 219
chair 0.0247 -1 128 13 234
horse 0.0445 -1 112 20 225
horse 0.0286 4 99 29 201
horse 0.0245 -1 133 12 236
motorbike 0.0557 -1 117 20 226
motorbike 0.0522 7 108 42 223
motorbike 0.0470 3 101 30 206
motorbike 0.0309 1 155 9 244
motorbike 0.0254 408 104 437 121
person 0.2646 -1 110 20 221
person 0.0998 1 97 25 190
person 0.0989 2 101 24 137
person 0.0563 409 101 437 119
person 0.0487 291 99 313 121
person 0.0486 298 99 321 121
person 0.0381 491 98 496 121
person 0.0369 395 102 420 118
person 0.0357 389 102 410 117
person 0.0337 383 99 401 114
train 0.0239 2 100 23 132
