aeroplane 0.0478 0 0 496 371
boat 0.0398 63 0 558 372
bottle 0.0464 0 228 73 371
bus 0.0416 0 0 496 371
car 0.0888 0 0 496 371
chair 0.1204 0 0 496 371
chair 0.0434 2 2 23 29
diningtable 0.0427 26 344 469 378
diningtable 0.0426 0 0 496 371
diningtable 0.0420 3 290 492 379
dog 0.0451 0 0 496 371
horse 0.0511 0 0 496 371
motorbike 0.0571 0 0 496 371
person 0.6193 241 42 488 370
person 0.3093 0 0 496 371
person 0.0709 55 3 315 321
person 0.0397 439 185 493 350
pottedplant 0.0419 0 2 19 28
sofa 0.1697 0 0 496 371
train 0.0455 63 0 558 372
tvmonitor 0.1420 2 130 40 223
