bicycle 0.6967 23 34 456 319
bird 0.0308 103 27 126 56
bird 0.0250 127 32 219 75
bottle 0.1184 114 67 443 286
bottle 0.0850 196 99 377 243
bottle 0.0512 100 26 122 52
car 0.0216 103 25 126 53
cat 0.0318 103 27 126 56
cat 0.0220 125 33 214 74
chair 0.0373 103 27 126 56
chair 0.0306 44 36 209 135
chair 0.0236 342 49 433 110
chair 0.0231 160 81 405 255
dog 0.0262 103 25 126 53
motorbike 0.0354 114 67 443 286
person 0.0655 103 25 126 53
person 0.0361 36 106 84 183
person 0.0328 24 109 57 186
person 0.0259 127 32 219 75
person 0.0250 491 11 496 267
person 0.0249 483 1 496 323
person 0.0226 492 33 494 262
pottedplant 0.0715 103 25 126 53
pottedplant 0.0474 18 13 62 152
pottedplant 0.0356 127 32 219 75
pottedplant 0.0300 27 14 85 176
pottedplant 0.0273 42 38 156 133
pottedplant 0.0234 446 311 494 371
pottedplant 0.0234 342 49 433 110
pottedplant 0.0227 47 2 80 23
pottedplant 0.0212 44 96 83 175
train 0.0240 106 67 443 293
tvmonitor 0.0250 43 39 178 132
tvmonitor 0.0224 100 26 122 52
