aeroplane 0.1162 0 0 495 216
bicycle 0.4364 77 73 285 214
bicycle 0.1660 0 0 495 216
bird 0.0443 0 0 495 216
boat 0.1088 0 0 495 216
car 0.0790 0 0 495 216
cat 0.0736 101 0 206 165
chair 0.1237 0 0 495 216
chair 0.0549 86 1 236 214
diningtable 0.0871 0 0 495 216
dog 0.0867 105 0 210 168
horse 0.0584 0 0 495 216
motorbike 0.0928 0 0 495 216
person 0.1776 98 0 209 181
person 0.0763 77 0 285 216
person 0.0758 0 0 495 216
person 0.0522 2 103 9 156
pottedplant 0.0916 0 0 495 216
sofa 0.0835 -2 0 498 175
train 0.0687 0 0 495 216
