aeroplane 0.8880 0 27 496 362
aeroplane 0.0630 -1 93 36 114
aeroplane 0.0441 138 90 544 310
aeroplane 0.0353 -2 36 21 112
aeroplane 0.0331 233 100 254 130
aeroplane 0.0301 -3 72 38 112
aeroplane 0.0292 -1 25 43 117
aeroplane 0.0284 429 135 495 271
aeroplane 0.0264 265 94 285 130
aeroplane 0.0255 -1 74 20 110
aeroplane 0.0237 5 90 76 117
aeroplane 0.0226 188 99 252 142
aeroplane 0.0220 111 48 329 206
aeroplane 0.0214 20 76 92 119
aeroplane 0.0205 0 17 74 125
boat 0.1186 429 135 495 271
boat 0.0875 -1 93 36 114
boat 0.0350 463 118 492 218
boat 0.0323 0 63 27 109
boat 0.0305 0 53 12 107
boat 0.0248 18 95 78 118
boat 0.0221 133 73 549 310
bus 0.0662 -1 98 35 115
bus 0.0208 2 91 70 116
car 0.1549 182 279 211 309
car 0.0704 -2 98 29 114
car 0.0477 159 277 186 316
car 0.0319 0 247 4 276
car 0.0251 494 92 492 144
car 0.0234 91 99 130 126
car 0.0218 288 99 394 132
car 0.0208 8 101 65 117
chair 0.0240 427 188 497 306
person 0.1085 152 275 179 318
person 0.0522 269 95 288 135
person 0.0358 233 100 254 130
person 0.0250 0 255 10 274
person 0.0219 21 262 43 279
person 0.0211 495 91 492 151
person 0.0209 0 234 3 277
pottedplant 0.0228 0 28 495 343
pottedplant 0.0221 104 108 133 128
pottedplant 0.0218 95 98 134 126
train 0.0390 -1 93 36 114
train 0.0309 410 89 483 129
