bottle 0.5576 321 229 352 300
bottle 0.0744 349 242 364 287
chair 0.2387 0 171 112 358
chair 0.1145 -1 324 82 369
chair 0.0839 0 320 152 372
chair 0.0708 468 78 495 293
chair 0.0685 108 93 215 354
chair 0.0677 19 138 163 355
chair 0.0556 300 109 499 372
chair 0.0554 2 130 47 341
chair 0.0541 460 13 495 88
chair 0.0465 1 170 10 348
diningtable 0.3016 0 157 496 372
diningtable 0.0740 53 135 309 359
diningtable 0.0458 318 232 350 302
person 0.7200 122 97 216 203
person 0.7149 210 74 302 174
person 0.6050 280 98 497 343
person 0.5476 309 78 381 158
person 0.2527 21 105 138 342
person 0.1774 115 93 216 354
person 0.1746 45 110 129 237
person 0.1335 84 111 129 218
person 0.1051 468 78 495 293
person 0.0702 307 70 445 166
person 0.0656 64 105 189 354
person 0.0588 319 230 350 299
person 0.0557 279 45 482 233
person 0.0485 460 12 495 84
sofa 0.0541 380 21 498 174
sofa 0.0497 0 35 495 336
sofa 0.0474 -1 324 82 369
sofa 0.0459 108 93 215 354
tvmonitor 0.0584 -5 -1 219 180
