cat 0.0476 468 0 496 43
cat 0.0472 286 0 466 23
chair 0.0505 69 32 426 335
cow 0.0599 109 4 362 261
cow 0.0556 473 0 497 47
dog 0.2819 148 36 370 290
dog 0.0936 177 0 482 326
dog 0.0542 474 0 496 43
dog 0.0529 314 1 485 31
dog 0.0509 405 -1 473 24
dog 0.0414 0 0 362 327
horse 0.0795 99 1 396 259
horse 0.0416 473 0 497 47
person 0.0668 398 0 472 28
person 0.0660 197 0 492 328
person 0.0636 100 3 395 266
person 0.0508 313 0 471 23
person 0.0429 348 0 498 327
person 0.0419 468 0 495 38
person 0.0406 309 0 498 121
sheep 0.0686 474 0 496 43
sofa 0.0792 114 26 381 301
