boat 0.1019 2 -3 140 208
boat 0.0416 200 134 286 206
boat 0.0406 482 165 496 201
boat 0.0295 294 112 341 202
boat 0.0250 303 182 317 200
boat 0.0250 2 118 23 170
boat 0.0207 203 112 292 176
bottle 0.0221 0 -4 136 199
bus 0.1002 2 -1 140 212
bus 0.0787 482 167 496 204
bus 0.0351 333 180 350 191
bus 0.0325 200 137 286 207
bus 0.0265 302 175 318 196
car 0.0507 333 180 350 191
car 0.0503 482 167 496 204
car 0.0359 307 182 320 199
car 0.0309 297 175 315 196
car 0.0303 305 176 321 196
car 0.0297 0 -2 137 208
car 0.0215 217 182 255 198
chair 0.0211 333 183 349 193
cow 0.0981 200 134 286 206
cow 0.0220 303 182 317 200
horse 0.0295 308 185 319 201
horse 0.0228 199 131 287 204
motorbike 0.0213 200 134 286 206
motorbike 0.0211 304 185 316 201
person 0.1090 303 182 317 200
person 0.0266 265 169 284 197
person 0.0263 489 170 497 206
person 0.0228 333 183 349 193
person 0.0224 259 177 275 199
person 0.0220 220 179 266 201
person 0.0214 0 4 11 29
person 0.0201 211 159 275 206
train 0.7404 200 134 286 206
train 0.4917 2 0 140 219
train 0.0924 477 169 495 202
train 0.0587 -1 134 129 242
train 0.0329 333 180 350 191
train 0.0278 298 168 321 193
train 0.0252 302 175 318 196
tvmonitor 0.0279 0 -4 136 199
tvmonitor 0.0210 482 167 496 204
