aeroplane 0.1013 0 1 396 296
aeroplane 0.0544 70 195 163 232
bicycle 0.0573 0 1 396 296
boat 0.5871 162 173 371 240
boat 0.5540 70 195 163 232
boat 0.1609 0 1 396 296
boat 0.0765 92 183 304 236
boat 0.0576 22 124 374 257
boat 0.0535 93 240 353 296
boat 0.0496 159 183 255 231
boat 0.0422 50 193 239 235
boat 0.0417 183 251 350 298
boat 0.0409 0 222 397 300
bus 0.0520 0 0 396 250
car 0.0933 0 1 396 296
chair 0.0556 0 1 396 296
chair 0.0540 63 250 296 295
chair 0.0438 189 236 357 300
cow 0.0585 250 222 396 299
diningtable 0.0746 0 1 396 296
dog 0.0487 257 219 395 298
horse 0.1925 264 223 394 298
motorbike 0.0482 0 1 396 296
person 0.3992 -1 214 154 298
person 0.3045 0 211 52 297
person 0.1106 250 222 396 299
person 0.0436 5 251 41 293
pottedplant 0.0786 0 1 396 296
sofa 0.0540 0 1 396 296
sofa 0.0529 46 253 350 296
train 0.0547 0 1 396 296
train 0.0421 14 233 381 298
tvmonitor 0.0608 0 1 396 296
tvmonitor 0.0468 16 0 211 39
