bicycle 0.0479 19 66 186 247
bicycle 0.0476 340 37 389 103
boat 0.0742 466 54 497 176
boat 0.0492 466 19 497 129
car 0.0800 -1 131 19 189
car 0.0761 1 86 10 158
car 0.0487 477 0 495 15
chair 0.1013 336 57 393 180
chair 0.0692 342 35 394 105
motorbike 0.4979 50 60 461 426
motorbike 0.1442 26 64 211 263
motorbike 0.0752 68 84 341 298
motorbike 0.0690 270 88 482 384
motorbike 0.0460 175 37 421 345
person 0.2222 219 35 353 181
person 0.0749 1 87 10 164
person 0.0578 336 57 393 180
person 0.0561 122 20 200 141
person 0.0480 410 12 453 142
pottedplant 0.0492 470 0 494 15
