aeroplane 0.0274 415 1 494 40
aeroplane 0.0273 352 1 400 25
aeroplane 0.0202 345 -1 455 23
bicycle 0.0215 354 3 390 28
bird 0.0235 0 260 105 318
boat 0.0209 351 1 394 26
bottle 0.0223 324 135 382 176
car 0.0303 422 1 494 55
car 0.0258 233 1 293 6
car 0.0204 351 1 394 26
cat 0.0414 241 70 348 187
cat 0.0339 -3 44 272 319
chair 0.0310 1 10 494 307
chair 0.0220 44 39 451 218
cow 0.0326 241 70 348 187
cow 0.0299 -1 48 270 320
cow 0.0222 8 1 57 5
dog 0.7036 1 49 275 319
dog 0.4762 241 70 348 187
dog 0.0305 131 52 387 210
dog 0.0231 -6 256 95 317
horse 0.0265 0 260 105 318
horse 0.0241 240 69 348 183
motorbike 0.0227 409 1 492 40
person 0.0351 238 71 351 191
person 0.0317 0 260 105 318
person 0.0305 1 10 494 307
person 0.0270 354 3 390 28
person 0.0223 2 44 274 319
person 0.0221 -1 285 19 318
person 0.0206 118 48 393 210
pottedplant 0.0380 104 0 242 37
pottedplant 0.0233 461 1 495 21
pottedplant 0.0224 429 0 495 23
pottedplant 0.0209 143 -1 249 24
sheep 0.0472 324 135 382 176
sheep 0.0234 240 69 348 183
sheep 0.0233 13 2 67 5
sheep 0.0225 6 1 43 5
sheep 0.0207 35 2 92 5
sofa 0.0417 1 10 494 307
sofa 0.0286 44 39 451 218
sofa 0.0221 -12 13 258 305
