aeroplane 0.0205 73 183 117 206
bird 0.0328 336 363 369 372
boat 0.0242 0 168 66 209
boat 0.0209 469 183 494 235
bottle 0.0400 339 277 484 369
bottle 0.0342 336 363 369 372
bottle 0.0224 493 91 494 227
bottle 0.0203 493 89 493 217
bus 0.0675 0 168 66 209
bus 0.0245 1 185 10 209
bus 0.0240 67 179 115 204
bus 0.0204 380 45 490 326
bus 0.0201 1 167 10 204
car 0.1051 73 183 117 206
car 0.0682 0 175 66 214
car 0.0491 2 193 16 213
car 0.0226 490 196 497 239
car 0.0211 475 188 496 235
car 0.0211 6 1 67 7
car 0.0202 492 199 495 248
chair 0.0240 469 187 495 236
chair 0.0225 0 171 65 211
cow 0.0216 8 113 393 211
cow 0.0204 2 181 63 219
dog 0.0257 336 363 369 372
person 0.1100 110 191 134 226
person 0.0696 322 281 485 370
person 0.0558 336 363 369 372
person 0.0301 1 196 9 216
person 0.0243 0 167 3 216
person 0.0238 81 185 124 209
person 0.0234 -10 287 263 371
person 0.0217 2 181 63 219
person 0.0204 492 107 494 235
pottedplant 0.0444 469 194 495 241
pottedplant 0.0324 451 198 473 249
pottedplant 0.0295 329 276 486 370
pottedplant 0.0289 441 186 468 261
pottedplant 0.0252 449 186 475 284
pottedplant 0.0241 105 189 133 223
pottedplant 0.0215 340 363 373 371
train 0.5087 13 116 396 214
train 0.0718 0 171 65 211
train 0.0273 376 42 486 329
train 0.0236 423 74 486 256
train 0.0216 2 193 16 213
train 0.0213 1 185 10 209
train 0.0204 16 68 479 303
tvmonitor 0.0612 1 -2 494 181
tvmonitor 0.0205 0 168 66 209
