bottle 0.0370 323 285 326 444
bottle 0.0353 222 180 298 253
bus 0.0667 222 180 298 253
car 0.0410 323 291 326 447
car 0.0308 222 180 298 253
chair 0.4009 95 275 225 470
chair 0.0708 129 166 278 453
chair 0.0631 323 298 326 447
chair 0.0626 318 280 326 449
chair 0.0339 14 46 311 450
chair 0.0321 111 263 322 466
chair 0.0299 303 182 325 446
diningtable 0.0602 95 271 266 473
diningtable 0.0344 14 46 311 450
diningtable 0.0311 126 185 307 465
person 0.5364 132 162 281 450
person 0.0523 322 278 326 444
person 0.0477 222 180 298 253
person 0.0338 323 164 326 433
person 0.0334 14 46 311 450
pottedplant 0.0410 323 291 326 447
sofa 0.0595 131 171 307 456
sofa 0.0393 318 310 326 474
sofa 0.0312 323 298 326 447
sofa 0.0296 93 271 222 467
tvmonitor 0.5644 222 180 298 253
tvmonitor 0.0353 323 298 326 447
tvmonitor 0.0292 145 167 309 273
tvmonitor 0.0291 318 310 326 474
