aeroplane 0.0261 400 144 430 163
boat 0.0741 400 144 430 163
boat 0.0315 400 99 431 172
bottle 0.0200 398 147 426 165
bus 0.0382 399 147 430 164
car 0.1525 399 147 430 164
car 0.0357 129 17 428 354
chair 0.0285 399 147 430 164
motorbike 0.8041 110 82 440 360
motorbike 0.0330 195 11 394 331
person 0.5013 203 17 401 283
person 0.0573 107 50 441 356
person 0.0227 477 2 502 369
person 0.0226 453 0 495 372
pottedplant 0.0238 400 89 430 170
pottedplant 0.0235 399 147 430 164
sheep 0.0299 399 147 430 164
train 0.0216 399 147 430 164
tvmonitor 0.0286 399 147 430 164
