aeroplane 0.0439 420 0 449 8
bird 0.0351 420 0 449 8
boat 0.0552 420 0 449 8
boat 0.0398 263 -13 498 307
boat 0.0206 400 1 439 5
boat 0.0201 377 2 446 5
bottle 0.0290 420 0 449 8
bus 0.0288 263 17 490 317
bus 0.0263 420 0 449 8
car 0.1138 417 0 445 7
car 0.0390 467 2 496 15
car 0.0329 377 2 446 5
car 0.0286 439 1 493 6
car 0.0248 273 -9 495 307
car 0.0228 359 2 433 5
car 0.0200 415 91 454 103
chair 0.0241 417 0 445 7
chair 0.0203 411 91 451 103
cow 0.0316 265 89 495 313
cow 0.0273 420 0 449 8
horse 0.0229 420 0 449 8
motorbike 0.0268 420 0 449 8
person 0.0485 420 0 449 8
person 0.0261 391 149 424 217
pottedplant 0.0498 420 0 449 8
sheep 0.0437 420 0 449 8
train 0.7454 265 89 495 313
train 0.2694 69 20 488 200
train 0.0202 103 32 330 183
tvmonitor 0.0299 257 -13 496 307
