bird 0.0385 0 302 89 373
bottle 0.0451 7 4 128 367
bottle 0.0416 104 219 148 281
bottle 0.0364 132 364 332 371
bus 0.0859 7 4 128 367
bus 0.0358 2 119 9 252
car 0.0538 0 302 89 373
car 0.0387 -1 301 184 374
cat 0.0443 0 319 26 374
chair 0.0528 -3 308 84 373
chair 0.0480 69 146 426 371
chair 0.0416 5 315 146 372
chair 0.0375 1 321 32 372
cow 0.0409 0 302 89 373
cow 0.0358 477 201 495 257
dog 0.0534 1 321 32 372
dog 0.0499 -3 308 84 373
horse 0.0600 0 302 89 373
motorbike 0.0412 0 302 89 373
motorbike 0.0373 -3 289 186 375
person 0.4592 87 196 189 368
person 0.3675 110 146 291 371
person 0.3559 187 143 409 369
person 0.1075 0 302 89 373
person 0.0723 1 314 25 373
person 0.0541 139 196 191 286
person 0.0488 477 201 495 257
person 0.0483 -1 283 176 375
person 0.0476 145 202 185 257
person 0.0367 492 186 494 343
person 0.0351 0 274 19 372
sheep 0.0374 1 321 32 372
sheep 0.0368 -3 308 84 373
sofa 0.0735 79 151 423 372
sofa 0.0423 24 246 471 370
train 0.0470 6 37 137 358
tvmonitor 0.0659 4 43 131 358
tvmonitor 0.0571 66 0 373 66
tvmonitor 0.0412 26 -6 469 91
