bottle 0.1193 146 241 177 300
bottle 0.0363 273 254 323 317
cat 0.0357 398 153 495 370
chair 0.0557 252 108 485 374
chair 0.0486 -2 154 498 369
chair 0.0363 34 333 312 371
dog 0.0578 273 254 323 317
dog 0.0432 399 149 495 368
person 0.6965 18 41 282 370
person 0.5267 256 97 449 350
person 0.0943 273 256 323 319
person 0.0522 -2 154 498 369
person 0.0424 149 238 181 302
person 0.0403 147 239 411 337
person 0.0378 389 150 496 368
person 0.0366 74 157 366 325
sheep 0.0432 34 333 327 371
sofa 0.1052 0 163 496 372
sofa 0.0611 252 108 485 374
