bird 0.0371 260 168 320 232
boat 0.0679 298 332 360 370
boat 0.0566 175 131 296 247
boat 0.0523 211 120 245 162
bottle 0.0528 328 237 353 288
bottle 0.0486 418 290 436 315
bottle 0.0398 343 305 363 337
car 0.0440 0 340 11 391
car 0.0369 18 79 62 115
cat 0.0536 324 238 352 287
chair 0.2191 381 234 434 298
chair 0.1173 446 262 495 462
chair 0.0982 324 238 352 287
chair 0.0589 212 125 243 163
chair 0.0588 462 238 493 294
chair 0.0572 374 277 488 461
chair 0.0470 18 133 56 311
diningtable 0.0473 382 232 434 293
diningtable 0.0457 338 277 485 447
motorbike 0.0377 10 71 54 122
person 0.5680 192 223 248 323
person 0.1028 292 256 336 343
person 0.0822 294 255 326 313
person 0.0725 230 242 256 305
person 0.0711 328 237 353 288
person 0.0411 330 304 352 339
person 0.0410 212 125 243 163
person 0.0381 312 284 354 344
pottedplant 0.2925 254 173 319 234
pottedplant 0.2164 49 142 110 235
pottedplant 0.1732 64 143 102 198
pottedplant 0.1297 111 122 157 153
pottedplant 0.1001 332 127 366 154
pottedplant 0.0944 15 83 66 288
pottedplant 0.0911 90 114 131 139
pottedplant 0.0869 10 71 54 122
pottedplant 0.0836 8 45 57 222
pottedplant 0.0805 32 84 64 109
pottedplant 0.0759 23 114 88 249
pottedplant 0.0710 6 59 43 178
pottedplant 0.0706 324 235 351 283
pottedplant 0.0687 3 85 30 271
pottedplant 0.0646 3 101 15 232
pottedplant 0.0645 419 286 435 313
pottedplant 0.0642 263 122 294 204
pottedplant 0.0624 43 135 85 191
pottedplant 0.0617 343 305 363 337
pottedplant 0.0587 211 120 245 162
pottedplant 0.0568 249 40 331 235
pottedplant 0.0510 152 105 195 133
pottedplant 0.0491 5 19 44 131
pottedplant 0.0459 370 289 406 317
pottedplant 0.0441 18 134 55 317
pottedplant 0.0415 64 114 110 153
pottedplant 0.0413 269 117 343 216
pottedplant 0.0387 0 345 11 393
sofa 0.0469 382 232 434 293
tvmonitor 0.0587 382 232 434 293
tvmonitor 0.0519 212 125 243 163
tvmonitor 0.0450 324 238 352 287
