bottle 0.0937 0 254 88 369
bottle 0.0550 361 331 485 373
bottle 0.0434 478 332 493 372
bottle 0.0427 462 321 494 372
bottle 0.0422 416 333 492 371
cat 0.0511 187 249 339 309
cat 0.0498 157 320 439 367
cat 0.0422 93 227 402 331
chair 0.0986 72 314 446 368
chair 0.0568 187 251 346 307
chair 0.0565 55 46 502 377
chair 0.0558 119 29 376 307
chair 0.0523 -2 158 498 448
chair 0.0473 93 227 402 331
chair 0.0454 -1 274 497 379
chair 0.0448 225 322 496 371
diningtable 0.1306 5 313 490 368
diningtable 0.0892 210 322 488 370
diningtable 0.0875 0 255 496 385
diningtable 0.0673 333 332 481 373
diningtable 0.0608 13 351 482 377
diningtable 0.0544 -2 158 498 448
dog 0.1109 187 251 346 307
dog 0.0543 93 227 402 331
person 0.7329 121 30 381 317
person 0.0583 53 312 504 369
person 0.0413 310 -1 372 33
sofa 0.1184 5 313 490 368
sofa 0.0580 -2 158 498 448
sofa 0.0511 93 227 402 331
sofa 0.0502 112 37 383 326
sofa 0.0500 0 245 496 389
sofa 0.0417 170 248 388 310
tvmonitor 0.0452 5 313 490 368
