aeroplane 0.0351 -1 98 14 139
bicycle 0.0210 -1 95 14 135
bird 0.0543 -1 98 14 139
boat 0.0410 315 202 368 261
boat 0.0228 276 325 367 498
bottle 0.0241 344 217 368 270
bottle 0.0236 95 86 199 363
bottle 0.0236 315 202 368 261
bus 0.0359 315 202 368 261
car 0.0501 315 204 369 267
car 0.0205 368 202 367 254
car 0.0203 369 206 367 265
chair 0.0896 227 221 358 336
chair 0.0706 315 205 369 274
chair 0.0603 276 325 367 498
chair 0.0247 331 219 370 353
chair 0.0245 240 250 368 417
chair 0.0235 94 102 199 399
chair 0.0222 369 203 367 276
chair 0.0202 368 227 368 314
diningtable 0.0471 266 271 366 498
diningtable 0.0349 0 271 370 481
diningtable 0.0265 318 204 370 267
diningtable 0.0215 227 219 363 369
person 0.8122 97 85 201 371
person 0.0350 369 206 367 265
person 0.0334 224 222 350 351
person 0.0325 357 212 367 259
person 0.0324 368 202 367 254
person 0.0307 344 217 368 270
person 0.0278 368 230 368 289
person 0.0270 368 222 367 281
person 0.0269 357 231 368 288
person 0.0267 369 194 367 246
person 0.0250 118 174 140 235
person 0.0249 318 204 370 267
person 0.0240 115 179 131 213
person 0.0227 345 208 368 248
person 0.0225 368 226 368 323
person 0.0217 107 156 139 269
person 0.0216 367 223 369 342
person 0.0210 366 204 370 455
person 0.0205 -1 95 5 142
person 0.0205 369 176 367 249
pottedplant 0.0691 -1 98 14 139
pottedplant 0.0316 276 325 367 498
pottedplant 0.0224 0 70 14 293
sofa 0.4608 228 221 362 344
sofa 0.0367 318 204 370 267
sofa 0.0327 240 250 368 417
sofa 0.0293 276 310 366 498
train 0.0343 319 204 369 260
tvmonitor 0.0787 315 202 368 261
tvmonitor 0.0690 276 310 366 498
