bicycle 0.0529 221 295 320 374
bird 0.0363 305 12 369 54
bird 0.0350 338 205 367 224
bird 0.0292 384 222 415 254
boat 0.0453 2 122 39 214
boat 0.0394 259 113 314 129
bottle 0.0865 300 337 320 373
bottle 0.0454 3 205 31 300
bottle 0.0424 62 143 122 192
bottle 0.0316 220 363 244 371
bottle 0.0286 221 295 320 374
bus 0.0732 62 143 122 192
bus 0.0664 2 124 39 224
bus 0.0338 0 115 34 297
car 0.0503 259 113 314 129
car 0.0391 2 124 39 224
car 0.0351 66 144 123 192
car 0.0288 2 203 31 296
cat 0.0639 301 221 421 284
cat 0.0417 385 220 415 250
cat 0.0414 338 205 367 224
cat 0.0381 66 144 123 192
cat 0.0320 316 239 374 261
cat 0.0302 301 217 421 364
chair 0.1033 301 217 421 364
chair 0.0662 26 233 273 371
chair 0.0503 298 218 423 293
chair 0.0491 2 203 31 296
chair 0.0452 338 205 367 224
chair 0.0447 263 113 318 128
chair 0.0424 217 295 317 375
chair 0.0414 3 200 38 353
chair 0.0389 247 131 311 187
chair 0.0355 66 144 123 192
dog 0.0888 301 221 421 284
dog 0.0454 385 220 415 250
dog 0.0367 301 217 421 364
person 0.0834 301 221 421 284
person 0.0683 62 143 122 192
person 0.0497 301 226 421 367
person 0.0461 338 208 368 227
person 0.0329 390 220 417 250
person 0.0323 0 115 34 297
person 0.0305 25 222 305 371
person 0.0301 220 363 244 371
person 0.0299 3 208 31 309
person 0.0292 299 332 320 373
pottedplant 0.0687 338 205 367 224
pottedplant 0.0461 217 295 317 375
pottedplant 0.0369 306 7 376 53
pottedplant 0.0345 259 113 314 129
sofa 0.5121 23 228 269 371
sofa 0.4058 300 221 422 366
sofa 0.0516 66 144 123 192
train 0.0606 2 123 39 218
train 0.0289 2 203 31 296
tvmonitor 0.6162 66 144 123 192
tvmonitor 0.0921 3 205 31 300
tvmonitor 0.0728 452 12 495 242
tvmonitor 0.0598 2 122 39 214
tvmonitor 0.0343 259 113 314 129
