bottle 0.0669 107 2 145 20
bottle 0.0624 124 1 160 21
bottle 0.0501 0 0 35 27
chair 0.1402 192 31 231 90
chair 0.0863 439 93 493 189
chair 0.0821 396 105 434 131
chair 0.0625 258 144 494 331
chair 0.0604 10 134 485 331
chair 0.0514 451 95 497 250
person 0.6333 33 92 212 331
person 0.3131 133 114 300 278
person 0.1426 247 125 490 324
person 0.1390 267 140 330 184
person 0.1312 215 116 303 197
person 0.1074 251 116 290 151
person 0.0971 0 0 41 27
person 0.0909 296 107 387 154
person 0.0897 30 124 465 325
person 0.0810 266 74 487 229
person 0.0669 202 116 277 172
person 0.0640 256 119 411 189
person 0.0537 227 103 260 148
person 0.0514 162 97 474 274
pottedplant 0.0626 136 0 179 22
sofa 0.0873 30 124 465 325
sofa 0.0697 260 124 493 320
sofa 0.0605 192 31 231 90
sofa 0.0604 113 115 320 323
tvmonitor 0.1706 12 36 194 153
tvmonitor 0.1386 41 0 133 22
tvmonitor 0.1261 291 76 321 112
tvmonitor 0.0731 445 92 494 186
tvmonitor 0.0504 1 35 49 144
