aeroplane 0.0634 0 0 497 381
bicycle 0.0709 0 0 497 381
bird 0.8267 306 166 391 297
bird 0.0592 0 0 497 381
bird 0.0464 413 192 496 362
boat 0.0727 0 0 497 381
bottle 0.0459 0 0 497 381
car 0.0781 0 0 497 381
cat 0.0895 0 0 497 381
cat 0.0402 413 192 496 362
chair 0.1480 0 0 497 381
cow 0.0691 0 0 497 381
cow 0.0489 -3 -7 155 346
cow 0.0407 413 192 496 362
diningtable 0.1076 0 0 497 381
dog 0.1127 413 192 496 362
dog 0.0870 0 0 497 381
horse 0.0796 0 0 497 381
horse 0.0514 418 135 498 358
horse 0.0495 -5 4 173 376
motorbike 0.0583 0 0 497 381
person 0.1098 0 0 497 381
person 0.0601 455 0 492 380
person 0.0511 393 1 492 379
person 0.0466 480 -1 499 382
person 0.0403 430 73 494 360
pottedplant 0.0728 0 0 497 381
sheep 0.0851 413 192 496 362
sheep 0.0506 0 0 497 381
sofa 0.1478 0 0 497 381
train 0.0608 0 0 497 381
tvmonitor 0.0761 0 0 497 381
