bird 0.0537 10 12 71 77
boat 0.0648 40 187 158 254
bottle 0.1064 112 170 141 207
bottle 0.0775 277 125 319 187
bottle 0.0770 40 187 158 254
bottle 0.0502 67 184 123 222
car 0.0493 40 187 158 254
car 0.0492 264 76 340 143
cat 0.0475 10 12 71 77
chair 0.1923 1 205 32 242
chair 0.1825 -1 148 35 246
chair 0.1159 415 266 495 374
chair 0.1067 325 263 498 371
chair 0.0951 90 140 209 242
chair 0.0857 42 187 163 254
chair 0.0782 32 147 95 189
chair 0.0774 234 155 503 368
chair 0.0682 5 244 215 373
chair 0.0680 62 150 97 186
chair 0.0666 90 135 209 189
chair 0.0460 7 142 58 199
diningtable 0.2123 39 182 166 254
diningtable 0.1455 4 244 209 373
diningtable 0.0650 78 155 206 251
person 0.5978 189 134 494 365
person 0.3319 90 135 209 200
person 0.1690 418 159 483 212
person 0.0517 469 163 494 214
person 0.0515 484 163 495 226
person 0.0497 436 159 496 253
person 0.0496 476 161 495 239
person 0.0495 467 161 495 262
pottedplant 0.2676 277 125 319 187
pottedplant 0.2034 10 12 71 77
pottedplant 0.0664 267 77 329 183
pottedplant 0.0553 40 187 158 254
pottedplant 0.0493 201 116 215 137
sofa 0.2548 190 151 500 372
sofa 0.0652 92 136 207 234
tvmonitor 0.1188 38 191 160 257
tvmonitor 0.0844 261 76 336 136
tvmonitor 0.0562 6 250 215 372
tvmonitor 0.0470 277 125 319 187
