bicycle 0.0332 229 109 242 145
boat 0.0465 5 244 29 296
boat 0.0262 251 116 283 143
boat 0.0205 3 210 31 266
bottle 0.0340 5 244 29 296
bottle 0.0234 229 109 242 145
bus 0.0316 40 219 80 246
bus 0.0289 45 228 75 248
bus 0.0249 12 225 45 252
bus 0.0228 6 215 36 261
bus 0.0209 19 229 53 248
bus 0.0200 2 202 24 275
bus 0.0200 5 244 29 296
car 0.0319 5 241 28 295
car 0.0316 12 225 45 252
car 0.0294 41 228 72 248
cow 0.0252 52 134 317 296
person 0.1367 224 78 247 146
person 0.0339 5 241 28 295
person 0.0276 205 184 219 204
person 0.0273 189 175 220 214
person 0.0256 80 106 289 288
person 0.0204 91 151 224 249
person 0.0202 158 165 266 247
pottedplant 0.0287 226 87 245 149
pottedplant 0.0206 -1 -2 59 280
train 0.8036 52 136 317 299
train 0.0326 43 219 85 246
tvmonitor 0.0210 5 244 29 296
