aeroplane 0.0343 133 57 161 75
bicycle 0.0445 -3 303 261 356
bicycle 0.0329 434 152 476 356
boat 0.0391 110 304 267 355
bottle 0.5734 274 303 313 357
bottle 0.0753 306 307 364 357
bottle 0.0553 438 98 478 359
bottle 0.0429 277 329 303 358
bottle 0.0391 413 64 475 354
bus 0.0845 133 57 161 75
bus 0.0541 442 112 476 193
bus 0.0461 116 38 471 301
bus 0.0394 426 49 477 301
car 0.6902 116 40 472 304
car 0.2515 134 60 160 76
car 0.0699 0 67 10 87
car 0.0517 17 66 38 82
car 0.0383 159 60 181 72
car 0.0343 274 303 313 357
cat 0.0496 274 303 313 357
cat 0.0375 308 308 368 357
chair 0.0547 308 308 368 357
chair 0.0424 136 305 362 354
chair 0.0400 439 111 477 363
chair 0.0371 4 297 268 357
diningtable 0.0585 131 304 404 355
diningtable 0.0430 306 307 364 357
diningtable 0.0380 278 306 315 358
diningtable 0.0333 100 328 436 371
dog 0.0370 434 152 476 356
horse 0.0467 434 164 476 355
motorbike 0.0469 434 158 476 355
motorbike 0.0355 135 63 160 78
person 0.7155 0 17 161 356
person 0.1447 433 98 477 359
person 0.0920 274 303 313 357
person 0.0471 307 306 363 354
person 0.0450 134 60 160 76
person 0.0425 473 178 474 341
person 0.0423 473 183 474 348
person 0.0410 471 153 476 344
person 0.0399 445 211 472 364
person 0.0343 442 112 476 193
person 0.0334 0 63 5 91
person 0.0329 459 223 474 364
pottedplant 0.0514 274 303 313 357
pottedplant 0.0411 307 306 363 354
pottedplant 0.0336 0 67 10 87
pottedplant 0.0329 17 66 38 82
train 0.0501 442 111 475 189
train 0.0450 133 57 161 75
tvmonitor 0.1733 442 112 476 193
