bicycle 0.0547 464 350 499 372
bicycle 0.0450 133 214 190 268
bird 0.0389 137 215 192 268
bottle 0.1398 376 111 391 148
bottle 0.1231 415 149 431 175
bottle 0.1046 413 122 425 144
bottle 0.0986 402 122 414 143
bottle 0.0742 467 71 489 94
bottle 0.0722 444 150 457 174
bottle 0.0599 442 116 459 149
bottle 0.0513 216 194 231 223
bottle 0.0472 332 114 357 145
bottle 0.0405 204 154 227 182
bottle 0.0382 477 105 495 189
bus 0.0466 388 184 458 244
car 0.0481 476 191 496 220
chair 0.2677 238 226 327 368
chair 0.1226 125 274 182 366
chair 0.1194 464 350 499 372
chair 0.0901 215 202 240 292
chair 0.0821 212 195 228 223
chair 0.0666 194 203 231 291
chair 0.0597 116 213 135 280
chair 0.0583 132 216 191 277
chair 0.0532 170 243 192 298
chair 0.0529 181 247 196 294
chair 0.0500 411 356 497 372
chair 0.0434 155 237 191 309
chair 0.0427 184 223 209 294
chair 0.0412 463 232 500 267
chair 0.0405 223 221 467 372
chair 0.0387 204 157 227 184
cow 0.0394 332 114 357 145
diningtable 0.0590 129 235 186 341
diningtable 0.0459 132 215 190 272
diningtable 0.0393 459 350 497 372
dog 0.0409 332 114 357 145
person 0.0694 458 229 498 265
person 0.0639 332 114 357 145
person 0.0599 216 196 231 227
person 0.0549 415 149 431 175
person 0.0529 389 183 458 241
person 0.0492 466 67 489 93
person 0.0436 444 150 457 174
person 0.0434 413 123 426 148
person 0.0404 418 122 436 167
person 0.0380 129 239 186 348
pottedplant 0.3945 133 214 190 268
pottedplant 0.1156 162 219 199 275
pottedplant 0.0899 415 149 431 175
pottedplant 0.0600 130 230 185 328
pottedplant 0.0547 466 67 489 93
pottedplant 0.0530 116 213 135 280
pottedplant 0.0529 124 213 143 281
pottedplant 0.0451 458 229 498 265
pottedplant 0.0449 213 196 228 227
pottedplant 0.0438 215 202 240 292
pottedplant 0.0417 413 122 425 144
pottedplant 0.0392 194 203 231 291
pottedplant 0.0387 464 350 499 372
sofa 0.0774 129 239 186 348
sofa 0.0723 238 223 327 364
sofa 0.0439 388 184 458 244
tvmonitor 0.5533 388 184 458 244
tvmonitor 0.1812 201 154 223 181
tvmonitor 0.0817 476 190 495 216
tvmonitor 0.0436 314 237 493 374
tvmonitor 0.0404 240 222 332 359
tvmonitor 0.0397 130 230 185 328
