bird 0.0452 103 57 142 139
bird 0.0413 250 252 393 339
bird 0.0249 289 2 378 32
bird 0.0225 80 16 157 129
bird 0.0218 186 1 434 40
car 0.0221 301 2 389 32
cat 0.0388 103 57 142 139
cat 0.0312 250 252 393 339
cat 0.0258 90 23 155 141
cow 0.0611 250 252 393 339
cow 0.0349 292 3 391 38
cow 0.0288 312 0 480 54
cow 0.0228 320 0 464 29
cow 0.0217 186 143 442 331
cow 0.0208 186 1 434 40
dog 0.0355 249 247 395 338
dog 0.0248 104 67 141 142
dog 0.0238 296 2 386 33
horse 0.0224 296 2 386 33
person 0.0300 289 2 378 32
person 0.0210 103 60 142 142
sheep 0.8976 187 143 449 325
sheep 0.7096 250 252 393 339
sheep 0.0379 294 245 443 326
sheep 0.0333 295 3 379 32
sheep 0.0259 325 177 451 329
sheep 0.0202 297 1 487 59
sheep 0.0202 283 1 454 34
