aeroplane 0.2079 0 275 285 374
aeroplane 0.0432 0 104 285 378
bicycle 0.0981 0 275 285 374
boat 0.1276 0 270 285 374
boat 0.0435 0 325 286 378
bus 0.0604 0 275 285 374
car 0.0674 0 275 285 374
cat 0.0448 0 0 286 380
chair 0.0498 0 280 285 375
chair 0.0440 0 87 285 376
diningtable 0.0565 0 0 286 380
horse 0.0435 0 275 285 374
motorbike 0.0417 0 275 285 374
person 0.0950 0 82 285 375
person 0.0726 0 275 285 374
pottedplant 0.0740 0 70 285 375
sofa 0.0524 0 280 285 375
sofa 0.0414 0 0 286 380
train 0.0959 0 275 285 374
tvmonitor 0.1399 0 0 286 380
tvmonitor 0.0505 0 59 181 357
