bicycle 0.1398 189 305 446 370
bicycle 0.1307 305 302 431 373
bicycle 0.0520 417 272 491 362
bicycle 0.0402 360 270 486 365
bicycle 0.0363 0 259 150 369
bird 0.0700 42 161 62 180
bird 0.0516 469 57 494 97
bird 0.0393 473 53 490 77
boat 0.0894 175 119 375 339
boat 0.0758 73 242 102 281
boat 0.0624 84 239 114 284
boat 0.0520 320 220 371 239
boat 0.0516 263 193 380 278
boat 0.0498 469 57 494 97
boat 0.0449 189 123 298 312
boat 0.0367 160 143 257 281
boat 0.0351 210 203 285 297
bottle 0.0370 33 239 63 285
car 0.0667 0 265 150 369
car 0.0427 -3 236 38 263
motorbike 0.6073 0 265 150 369
motorbike 0.1993 159 299 437 370
motorbike 0.0743 316 310 428 372
motorbike 0.0586 144 311 320 371
motorbike 0.0565 362 258 485 364
motorbike 0.0507 15 243 73 367
person 0.4330 250 231 353 374
person 0.3430 372 223 442 353
person 0.3229 195 234 283 371
person 0.2581 21 232 67 344
person 0.2352 33 240 63 300
person 0.1907 115 232 137 285
person 0.1894 123 233 145 285
person 0.1572 347 225 413 357
person 0.1162 169 243 185 281
person 0.1124 353 233 392 319
person 0.1028 73 243 101 286
person 0.0966 84 239 114 284
person 0.0783 -1 237 36 292
person 0.0758 75 248 100 316
person 0.0698 22 229 122 347
person 0.0632 222 241 265 312
person 0.0589 182 242 211 287
person 0.0490 185 239 224 313
person 0.0473 196 237 228 275
person 0.0426 -1 253 152 370
person 0.0408 42 161 62 180
pottedplant 0.0365 469 57 494 97
train 0.0366 403 217 490 283
