bicycle 0.0327 80 156 134 267
bird 0.0407 447 0 493 31
bird 0.0352 80 154 133 264
boat 0.0429 18 210 102 255
boat 0.0372 16 189 96 229
bottle 0.0714 338 334 406 370
bottle 0.0560 423 249 439 280
bottle 0.0344 425 215 461 262
bottle 0.0340 86 155 134 263
bottle 0.0331 455 330 492 369
bottle 0.0329 463 302 492 356
bottle 0.0327 407 321 494 372
car 0.0337 80 154 133 264
cat 0.0646 341 335 410 369
cat 0.0370 447 0 493 26
chair 0.1350 12 209 100 255
chair 0.1334 0 251 231 371
chair 0.0822 80 156 134 267
chair 0.0780 403 321 490 372
chair 0.0679 7 202 50 251
chair 0.0542 2 219 24 257
chair 0.0511 39 174 120 256
chair 0.0419 447 340 493 370
chair 0.0402 449 303 491 360
chair 0.0395 415 247 493 370
chair 0.0389 27 248 109 287
chair 0.0372 383 358 471 371
chair 0.0369 190 190 344 305
chair 0.0363 332 333 405 371
chair 0.0346 464 247 492 370
chair 0.0337 478 279 494 361
chair 0.0337 491 198 495 255
chair 0.0325 2 232 55 274
diningtable 0.0784 400 250 493 373
diningtable 0.0770 17 200 110 253
diningtable 0.0463 403 321 490 372
diningtable 0.0459 80 156 134 267
diningtable 0.0352 338 338 406 372
person 0.0779 401 310 492 372
person 0.0631 80 154 133 264
person 0.0588 338 334 406 370
person 0.0409 446 313 494 368
person 0.0371 491 195 495 240
person 0.0324 190 190 344 305
pottedplant 0.4443 80 154 133 264
pottedplant 0.1851 167 121 210 150
pottedplant 0.1395 41 129 71 153
pottedplant 0.1091 116 114 153 151
pottedplant 0.1067 77 161 105 192
pottedplant 0.0787 3 126 31 151
pottedplant 0.0711 78 157 128 220
pottedplant 0.0456 -2 69 20 126
pottedplant 0.0443 28 176 115 236
pottedplant 0.0361 5 198 29 238
pottedplant 0.0353 407 316 493 371
sofa 0.7286 190 191 344 309
sofa 0.5916 0 251 231 371
sofa 0.0649 20 206 107 253
sofa 0.0434 403 321 490 372
tvmonitor 0.0889 427 213 466 258
tvmonitor 0.0690 407 321 494 372
tvmonitor 0.0633 80 154 133 264
tvmonitor 0.0422 12 191 84 232
tvmonitor 0.0415 12 195 53 223
tvmonitor 0.0351 18 210 102 255
