aeroplane 0.0285 2 177 16 204
bicycle 0.0347 2 177 16 204
bicycle 0.0211 87 160 95 179
bird 0.0428 2 181 16 207
boat 0.0563 2 181 16 207
boat 0.0400 86 156 95 177
boat 0.0370 77 153 90 174
boat 0.0242 7 157 18 188
boat 0.0211 67 150 85 172
bottle 0.0531 2 181 16 207
bottle 0.0330 86 156 95 177
bottle 0.0307 87 164 95 181
bottle 0.0232 7 157 18 188
bus 0.0519 75 149 91 172
bus 0.0496 86 156 95 177
bus 0.0364 38 151 50 170
bus 0.0334 67 150 85 172
bus 0.0313 45 152 59 170
bus 0.0281 2 177 16 204
bus 0.0274 23 152 34 170
bus 0.0270 8 153 18 181
bus 0.0229 15 150 26 172
bus 0.0212 59 151 77 171
car 0.0952 2 177 16 204
car 0.0378 82 156 92 176
car 0.0344 12 155 21 178
car 0.0335 4 156 14 189
car 0.0271 34 151 46 171
car 0.0253 27 152 38 169
car 0.0251 19 151 30 171
car 0.0249 21 158 29 175
car 0.0240 41 152 55 169
car 0.0206 48 152 64 169
cat 0.0369 2 177 16 204
chair 0.0414 2 181 16 207
cow 0.0887 2 177 16 204
cow 0.0366 82 156 92 176
cow 0.0259 6 160 19 198
diningtable 0.0213 2 181 16 207
dog 0.0585 2 181 16 207
horse 0.0584 2 177 16 204
horse 0.0215 83 160 91 179
motorbike 0.0519 2 177 16 204
person 0.0741 2 177 16 204
person 0.0717 86 156 95 177
person 0.0479 7 157 18 188
person 0.0310 230 167 242 209
person 0.0302 36 155 45 172
person 0.0292 246 171 257 205
person 0.0289 43 155 53 172
person 0.0252 20 155 29 172
person 0.0241 221 187 235 214
person 0.0225 201 146 302 254
person 0.0223 211 164 229 212
person 0.0214 212 183 228 217
pottedplant 0.0663 3 162 38 370
pottedplant 0.0508 0 141 18 367
pottedplant 0.0414 352 4 495 330
pottedplant 0.0352 2 177 16 204
sheep 0.1015 2 181 16 207
sofa 0.0220 2 181 16 207
train 0.9025 105 111 414 343
train 0.1151 77 153 90 174
train 0.0542 2 177 16 204
train 0.0527 48 152 64 169
train 0.0513 38 151 50 170
train 0.0234 8 153 18 181
tvmonitor 0.0241 2 177 16 204
tvmonitor 0.0202 86 156 95 177
