boat 0.0653 87 -2 142 34
boat 0.0442 135 0 187 31
bottle 0.2344 87 -2 142 34
bottle 0.1518 130 0 185 31
bottle 0.0844 51 0 92 26
bottle 0.0836 240 3 271 40
bottle 0.0476 187 0 222 30
bottle 0.0467 209 0 246 31
bottle 0.0423 1 0 32 26
bottle 0.0414 0 0 19 25
car 0.0598 135 0 187 31
car 0.0573 87 -2 142 34
chair 0.1180 52 7 435 363
chair 0.1046 349 2 497 140
chair 0.0526 201 0 239 31
chair 0.0469 400 10 493 115
chair 0.0439 47 -1 89 27
chair 0.0437 424 66 493 229
chair 0.0434 4 0 45 26
diningtable 0.0528 88 -1 147 33
diningtable 0.0429 47 -1 89 27
motorbike 0.0413 130 0 185 31
person 0.0911 240 3 271 40
person 0.0790 347 1 452 71
person 0.0721 337 -1 478 132
person 0.0711 334 0 379 60
person 0.0561 267 2 306 41
person 0.0559 1 0 32 26
person 0.0559 0 0 19 25
person 0.0409 309 0 483 218
pottedplant 0.3395 51 0 92 26
pottedplant 0.1339 87 -2 142 34
pottedplant 0.0831 1 0 32 26
pottedplant 0.0746 135 0 187 31
pottedplant 0.0734 12 0 84 26
pottedplant 0.0651 0 0 19 25
sofa 0.7005 54 0 433 343
sofa 0.0439 340 0 491 137
tvmonitor 0.0415 88 -1 147 33
