aeroplane 0.0746 1 1 494 370
bird 0.1724 406 297 447 343
boat 0.0728 1 1 494 370
bottle 0.0424 404 297 443 343
bus 0.3458 1 1 494 370
bus 0.0461 446 96 494 234
car 0.4133 1 1 494 370
cat 0.3450 404 297 443 343
chair 0.0899 454 110 494 279
chair 0.0484 406 297 447 343
chair 0.0354 422 101 495 334
cow 0.0590 404 297 443 343
dog 0.2096 404 297 443 343
horse 0.0535 406 297 447 343
person 0.0724 404 297 443 343
person 0.0346 0 61 5 170
person 0.0345 446 96 494 234
sheep 0.1084 406 297 447 343
train 0.2036 1 1 494 370
train 0.0444 453 110 495 267
tvmonitor 0.0665 1 1 494 370
tvmonitor 0.0487 446 96 494 234
tvmonitor 0.0414 1 79 10 175
