bottle 0.1385 223 174 249 231
bottle 0.1333 215 182 241 230
bottle 0.1117 233 157 254 214
bottle 0.0994 281 161 292 186
bottle 0.0818 296 160 308 187
bottle 0.0755 121 226 147 280
bottle 0.0751 302 156 326 197
bottle 0.0639 263 173 286 222
bottle 0.0638 365 72 387 93
bottle 0.0577 411 101 467 193
chair 0.0601 -11 192 358 372
diningtable 0.1961 93 186 355 273
diningtable 0.1850 -8 205 340 370
diningtable 0.0777 17 183 377 311
person 0.6055 8 92 119 267
person 0.5524 275 89 485 369
person 0.5157 95 100 197 229
person 0.4263 164 102 229 205
person 0.3968 213 123 259 183
person 0.2776 287 95 379 211
person 0.1409 278 92 443 250
person 0.1114 418 101 475 193
person 0.1070 198 32 250 127
person 0.0981 461 92 494 214
person 0.0822 477 78 495 182
person 0.0767 339 93 452 208
person 0.0611 405 96 488 257
person 0.0559 341 94 482 277
sofa 0.0838 60 187 560 371
tvmonitor 0.2197 325 25 372 58
tvmonitor 0.0562 265 12 346 60
