bicycle 0.2670 369 130 406 176
bicycle 0.1055 332 126 397 180
bicycle 0.0823 48 107 126 264
bicycle 0.0769 121 286 381 372
bicycle 0.0740 402 145 437 184
bicycle 0.0726 46 171 113 270
bicycle 0.0720 0 46 136 325
bicycle 0.0703 56 155 118 239
bicycle 0.0690 412 149 443 199
bird 0.0987 100 328 152 371
boat 0.0947 0 2 128 181
bottle 0.4903 159 331 187 373
bottle 0.3701 216 195 233 252
bottle 0.2391 283 195 297 240
bottle 0.1204 302 197 318 238
bottle 0.0984 450 10 466 39
bottle 0.0982 211 139 276 296
bottle 0.0628 218 1 269 47
bottle 0.0584 324 187 351 248
chair 0.4088 350 247 457 370
chair 0.2813 233 325 394 373
chair 0.2220 19 227 140 372
chair 0.1491 430 309 494 372
chair 0.1402 0 219 33 374
chair 0.1343 408 155 446 245
chair 0.1303 0 213 11 262
chair 0.1090 319 320 441 373
chair 0.0906 350 306 473 375
chair 0.0818 53 207 176 369
chair 0.0745 248 264 457 370
chair 0.0710 368 151 447 249
chair 0.0660 91 262 169 373
chair 0.0650 49 193 109 336
chair 0.0643 406 181 440 265
chair 0.0622 0 196 18 351
chair 0.0619 252 175 423 365
chair 0.0612 367 129 401 172
chair 0.0593 81 146 203 371
chair 0.0585 0 198 11 320
diningtable 0.2685 140 213 347 369
dog 0.0740 100 328 152 371
motorbike 0.0955 50 184 108 281
motorbike 0.0610 367 129 401 172
person 0.6697 79 131 197 357
person 0.6383 263 160 427 351
person 0.5786 194 120 286 221
person 0.1357 158 328 187 372
person 0.1081 211 123 291 312
person 0.0937 100 328 152 371
person 0.0831 425 152 444 190
person 0.0764 215 197 233 256
person 0.0638 0 211 11 259
person 0.0635 450 12 466 43
person 0.0619 368 126 400 168
sofa 0.0645 430 309 494 372
sofa 0.0623 259 180 431 366
