bicycle 0.0471 462 195 493 234
boat 0.0447 388 193 419 213
bottle 0.0712 129 192 146 219
bottle 0.0610 224 164 239 207
bottle 0.0510 327 248 378 287
car 0.0507 388 193 419 213
car 0.0493 343 182 377 207
chair 0.5113 415 197 455 255
chair 0.2742 341 192 380 249
chair 0.2056 381 193 419 248
chair 0.1589 392 193 423 212
chair 0.1563 73 305 140 371
chair 0.1385 2 302 141 374
chair 0.1326 98 265 443 369
chair 0.1245 453 236 494 369
chair 0.1128 343 186 378 214
chair 0.1097 460 229 495 306
chair 0.0991 374 303 479 373
chair 0.0603 195 336 276 374
chair 0.0555 457 194 491 241
chair 0.0487 349 241 498 376
chair 0.0479 8 81 42 173
chair 0.0475 463 185 493 286
chair 0.0458 3 309 77 372
diningtable 0.1297 364 194 412 253
diningtable 0.0855 345 191 399 250
diningtable 0.0791 394 195 428 252
diningtable 0.0772 415 197 455 255
diningtable 0.0533 343 186 378 214
diningtable 0.0454 -2 291 146 373
person 0.0561 6 299 75 371
person 0.0472 449 236 493 369
person 0.0448 155 149 222 217
pottedplant 0.1927 462 195 493 234
pottedplant 0.1668 344 173 377 198
pottedplant 0.1419 2 299 63 371
pottedplant 0.1137 351 130 370 152
pottedplant 0.0739 356 140 373 167
pottedplant 0.0733 0 295 35 351
pottedplant 0.0504 354 148 376 182
pottedplant 0.0494 221 167 235 210
pottedplant 0.0464 335 181 355 196
pottedplant 0.0433 388 193 419 213
pottedplant 0.0428 341 190 380 245
sofa 0.2723 453 236 494 369
sofa 0.2283 92 264 442 370
sofa 0.0862 459 232 496 308
sofa 0.0683 -1 295 145 375
sofa 0.0594 415 197 455 255
sofa 0.0584 373 237 504 374
sofa 0.0509 73 305 140 371
sofa 0.0501 392 193 423 212
sofa 0.0486 341 190 380 245
sofa 0.0477 343 186 378 214
sofa 0.0468 375 192 416 249
train 0.0684 32 264 432 370
tvmonitor 0.6716 155 150 222 220
tvmonitor 0.0891 69 309 137 371
tvmonitor 0.0479 343 186 378 214
tvmonitor 0.0435 344 179 377 203
tvmonitor 0.0424 389 192 418 208
