bottle 0.0308 0 6 105 456
bottle 0.0279 -17 7 59 455
bottle 0.0245 229 171 328 319
bus 0.0291 229 171 328 319
cat 0.0217 229 171 328 319
chair 0.0393 224 -75 498 145
chair 0.0295 125 393 205 460
chair 0.0209 179 -27 479 96
chair 0.0208 85 20 284 442
diningtable 0.0226 2 3 118 458
person 0.0224 229 171 328 319
tvmonitor 0.6751 229 171 328 319
tvmonitor 0.0998 436 61 496 335
tvmonitor 0.0345 79 12 345 449
tvmonitor 0.0329 349 26 497 377
tvmonitor 0.0306 109 68 238 335
tvmonitor 0.0282 8 3 120 459
tvmonitor 0.0250 241 6 504 456
tvmonitor 0.0224 104 36 462 330
tvmonitor 0.0216 106 144 389 354
