aeroplane 0.3649 0 43 416 369
aeroplane 0.0258 157 126 181 140
bicycle 0.0252 0 0 394 371
boat 0.1006 0 0 425 372
boat 0.0275 71 105 549 371
boat 0.0250 467 100 495 201
bottle 0.0671 10 357 40 372
bottle 0.0260 -3 29 109 166
bus 0.0361 -2 33 115 168
bus 0.0258 154 126 177 140
car 0.1125 155 128 175 142
car 0.0652 461 99 494 196
car 0.0461 394 106 499 212
car 0.0259 490 99 497 196
chair 0.0624 461 100 495 206
chair 0.0431 369 110 493 290
chair 0.0308 394 105 499 225
chair 0.0292 491 104 495 232
cow 0.0359 461 99 494 196
diningtable 0.0250 9 335 486 375
horse 0.0334 461 100 495 206
person 0.0621 14 361 43 373
person 0.0265 489 100 497 206
person 0.0255 155 128 175 142
person 0.0252 491 101 495 229
person 0.0242 461 100 495 206
pottedplant 0.0274 14 361 43 373
sofa 0.0242 461 100 495 206
train 0.0559 409 103 500 203
train 0.0525 461 100 494 201
train 0.0403 -1 0 388 371
train 0.0262 373 110 489 237
tvmonitor 0.2734 -3 29 115 167
tvmonitor 0.0256 461 100 494 201
