bicycle 0.0665 288 263 402 342
boat 0.0479 158 10 399 173
boat 0.0417 238 44 467 122
bus 0.0705 326 73 489 350
bus 0.0667 439 124 493 335
car 0.0547 437 123 495 347
car 0.0480 0 212 5 246
chair 0.0971 371 171 491 370
chair 0.0704 444 149 497 368
chair 0.0519 459 221 497 366
cow 0.2948 48 198 110 296
cow 0.1377 10 215 46 244
cow 0.0981 2 217 16 247
cow 0.0943 2 206 71 288
cow 0.0810 30 216 58 242
cow 0.0577 160 185 186 209
cow 0.0548 106 196 210 321
cow 0.0437 74 200 93 223
horse 0.3650 107 196 216 321
horse 0.2064 149 178 267 310
horse 0.1595 45 201 105 298
horse 0.1325 59 197 146 302
horse 0.0876 160 185 186 209
horse 0.0692 2 217 16 247
horse 0.0572 5 204 83 289
horse 0.0545 10 215 46 244
horse 0.0464 4 217 29 247
motorbike 0.0610 93 16 496 355
person 0.4072 244 34 289 96
person 0.3128 280 34 315 90
person 0.1452 478 138 493 191
person 0.1066 244 40 289 161
person 0.0930 0 216 10 243
person 0.0863 161 183 185 205
person 0.0565 112 183 125 206
person 0.0447 313 42 353 77
person 0.0446 105 207 171 315
person 0.0425 303 48 371 83
person 0.0417 239 42 459 118
person 0.0417 1 219 9 275
pottedplant 0.0687 142 96 236 169
pottedplant 0.0586 206 106 250 160
pottedplant 0.0553 239 73 264 163
pottedplant 0.0499 133 13 244 159
sheep 0.0485 2 217 16 247
sheep 0.0461 0 213 10 240
train 0.0681 439 124 493 335
train 0.0648 114 38 498 362
train 0.0613 343 97 495 350
