bottle 0.0964 214 217 315 285
bottle 0.0678 266 227 309 276
bus 0.0231 201 85 346 208
car 0.0202 214 217 315 285
chair 0.7876 7 166 217 492
chair 0.0382 0 126 37 369
chair 0.0380 326 303 361 356
chair 0.0308 1 166 118 383
chair 0.0237 95 166 147 243
chair 0.0228 96 148 275 456
chair 0.0208 1 153 71 350
diningtable 0.0502 9 163 220 489
diningtable 0.0299 216 216 319 286
person 0.0325 201 85 346 208
sofa 0.0389 5 166 214 493
sofa 0.0307 203 85 348 208
tvmonitor 0.8674 201 89 346 217
tvmonitor 0.0261 214 217 315 285
