aeroplane 0.0257 82 88 109 101
bicycle 0.0455 304 0 503 118
bicycle 0.0207 413 0 496 118
bird 0.7959 96 182 304 311
bird 0.1513 82 88 109 101
bird 0.0688 298 0 501 114
bird 0.0477 413 0 496 114
bird 0.0435 262 -1 435 97
bird 0.0434 95 196 133 215
bird 0.0223 102 198 206 237
bird 0.0207 230 187 280 225
boat 0.0242 82 88 109 101
boat 0.0223 311 0 503 114
bottle 0.0214 304 0 503 118
cat 0.0240 298 0 501 114
cat 0.0228 413 0 496 114
chair 0.0664 299 0 501 120
chair 0.0457 405 1 496 118
diningtable 0.0218 304 0 503 118
person 0.0237 304 0 503 118
person 0.0223 405 1 496 118
pottedplant 0.1081 405 1 496 118
pottedplant 0.0916 304 0 503 118
pottedplant 0.0267 425 2 492 58
pottedplant 0.0252 444 261 496 345
pottedplant 0.0216 367 -1 495 373
sheep 0.0251 82 91 108 104
tvmonitor 0.0212 449 3 498 369
