aeroplane 0.0574 418 35 491 66
aeroplane 0.0276 0 114 19 221
bicycle 0.3678 226 189 261 210
bicycle 0.0365 0 114 19 221
bicycle 0.0251 0 113 11 193
bird 0.0390 0 112 11 189
bird 0.0302 0 114 19 221
bird 0.0290 227 186 260 210
bird 0.0262 169 212 201 229
boat 0.0317 0 193 496 371
boat 0.0312 0 112 11 189
boat 0.0282 424 33 492 68
bottle 0.0631 230 189 264 210
bottle 0.0378 0 114 11 198
bus 0.0246 424 33 492 68
car 0.0390 412 35 488 66
car 0.0380 0 112 11 189
car 0.0276 227 186 260 210
cat 0.0402 0 112 17 194
chair 0.0811 0 113 19 240
chair 0.0597 230 189 264 210
chair 0.0531 0 137 34 263
chair 0.0482 2 181 56 266
chair 0.0251 5 195 68 299
cow 0.0356 0 112 11 189
diningtable 0.0671 0 193 496 371
diningtable 0.0357 230 189 264 210
dog 0.0403 0 112 11 189
dog 0.0343 227 186 260 210
horse 0.0441 0 112 11 189
horse 0.0351 227 186 260 210
motorbike 0.2027 230 189 264 210
person 0.0857 231 185 263 210
person 0.0713 0 113 11 193
person 0.0633 0 112 18 217
person 0.0463 53 0 83 19
person 0.0354 2 103 9 175
pottedplant 0.0728 230 189 264 210
pottedplant 0.0633 0 114 19 221
pottedplant 0.0416 0 114 11 198
pottedplant 0.0370 57 0 86 19
sheep 0.0427 0 112 11 189
sofa 0.0397 0 113 18 211
sofa 0.0376 2 173 63 269
sofa 0.0372 1 -28 495 125
sofa 0.0317 0 193 496 371
sofa 0.0251 -1 122 35 261
tvmonitor 0.0370 0 113 18 211
tvmonitor 0.0261 0 9 355 233
tvmonitor 0.0251 0 199 497 371
