boat 0.0450 1 311 494 370
boat 0.0366 490 169 496 214
boat 0.0361 202 188 316 242
bottle 0.5786 369 257 429 360
bottle 0.0605 485 175 494 219
bottle 0.0398 281 265 325 316
bottle 0.0367 0 271 12 369
bus 0.0800 489 173 496 216
bus 0.0413 213 279 282 320
car 0.0676 490 175 496 219
car 0.0546 213 279 282 320
cat 0.0389 366 259 427 363
cat 0.0378 183 50 320 158
chair 0.1420 7 228 42 343
chair 0.1054 430 308 494 373
chair 0.0614 368 322 493 371
chair 0.0612 444 340 495 370
chair 0.0585 0 271 12 369
chair 0.0485 1 203 10 338
chair 0.0483 282 265 329 316
chair 0.0460 477 342 494 368
chair 0.0430 490 175 496 219
chair 0.0370 159 262 211 325
diningtable 0.2033 0 318 496 369
diningtable 0.1085 -3 334 311 370
diningtable 0.0575 113 293 569 376
diningtable 0.0480 216 320 536 373
diningtable 0.0371 7 228 42 343
motorbike 0.0383 366 259 427 363
person 0.2223 431 298 494 372
person 0.0684 489 173 496 216
person 0.0503 366 259 427 363
person 0.0427 492 302 494 367
person 0.0417 0 202 17 245
person 0.0407 475 311 495 371
person 0.0361 191 185 303 256
pottedplant 0.0982 11 334 100 371
pottedplant 0.0443 366 257 427 360
pottedplant 0.0421 0 196 10 234
pottedplant 0.0401 0 202 17 245
sofa 0.0510 430 302 494 373
sofa 0.0508 -3 323 499 369
sofa 0.0411 7 234 42 347
train 0.0377 490 175 496 219
tvmonitor 0.8364 185 57 318 160
tvmonitor 0.1327 282 263 329 313
tvmonitor 0.1106 485 175 494 219
tvmonitor 0.0737 215 279 286 320
tvmonitor 0.0514 4 232 37 350
tvmonitor 0.0396 159 258 211 324
tvmonitor 0.0372 3 208 22 256
