aeroplane 0.0410 132 36 230 95
aeroplane 0.0326 46 96 198 134
bicycle 0.8406 36 19 498 293
bicycle 0.0429 13 54 295 229
bicycle 0.0370 11 93 210 184
bicycle 0.0337 23 80 284 156
bicycle 0.0232 318 2 497 111
bicycle 0.0230 42 97 203 139
bicycle 0.0210 1 123 495 377
bird 0.1500 132 36 230 95
boat 0.0320 132 36 230 95
boat 0.0283 35 96 178 135
bus 0.0270 32 95 174 130
car 0.1224 30 96 175 134
motorbike 0.0475 41 98 196 138
motorbike 0.0384 13 94 193 166
motorbike 0.0200 32 10 525 296
person 0.0288 41 98 196 138
person 0.0225 132 36 230 95
pottedplant 0.0388 136 36 233 95
pottedplant 0.0232 325 2 498 117
pottedplant 0.0229 41 98 196 138
