aeroplane 0.0230 0 139 292 331
bicycle 0.0323 122 154 138 175
bird 0.0608 122 154 138 175
boat 0.0749 0 139 292 331
boat 0.0295 122 154 138 175
boat 0.0251 0 161 495 374
boat 0.0214 421 0 480 20
bottle 0.0723 122 154 138 175
bottle 0.0260 492 45 494 97
bottle 0.0221 264 18 340 83
bottle 0.0220 491 23 495 96
bus 0.0468 0 139 292 331
car 0.0463 0 139 292 331
car 0.0288 422 0 486 25
car 0.0235 492 62 494 104
car 0.0216 492 56 495 98
car 0.0214 454 2 494 18
cat 0.0541 122 154 138 175
chair 0.0593 227 93 322 149
chair 0.0412 122 154 138 175
chair 0.0317 270 101 497 363
chair 0.0290 0 142 285 358
chair 0.0232 0 87 495 366
diningtable 0.0254 0 166 495 374
dog 0.0425 122 154 138 175
person 0.8075 249 84 496 340
person 0.0421 122 154 138 175
person 0.0330 307 94 360 136
person 0.0257 267 20 344 81
person 0.0236 381 1 496 95
person 0.0236 490 67 497 304
pottedplant 0.0830 122 154 138 175
pottedplant 0.0286 255 3 325 28
pottedplant 0.0259 267 20 344 81
pottedplant 0.0239 227 93 322 149
pottedplant 0.0238 418 0 483 26
pottedplant 0.0236 230 1 288 25
sheep 0.0296 122 154 138 175
sofa 0.0396 227 93 322 149
sofa 0.0289 0 143 284 362
sofa 0.0257 249 91 496 355
sofa 0.0220 0 65 496 364
train 0.0327 0 139 292 331
tvmonitor 0.2365 227 93 322 149
tvmonitor 0.1434 -1 139 286 332
tvmonitor 0.1238 376 4 494 98
tvmonitor 0.0843 255 22 341 90
tvmonitor 0.0303 418 0 483 26
tvmonitor 0.0288 122 154 138 175
tvmonitor 0.0220 0 171 496 376
tvmonitor 0.0214 240 41 349 107
