aeroplane 0.6690 0 65 330 492
bicycle 0.0428 0 51 330 483
bird 0.0747 77 41 97 71
bird 0.0378 129 73 238 172
boat 0.1015 90 138 329 490
bottle 0.0471 8 402 51 476
bottle 0.0447 77 41 97 71
cat 0.1225 77 41 97 71
chair 0.1038 213 126 331 494
chair 0.0555 0 158 128 478
chair 0.0405 -2 -8 88 105
chair 0.0380 281 100 331 481
chair 0.0348 120 61 340 489
chair 0.0305 134 83 253 199
dog 0.0576 77 41 97 71
dog 0.0433 129 73 238 172
dog 0.0291 1 -6 94 103
motorbike 0.0342 0 24 331 472
person 0.5325 129 75 238 177
person 0.0309 302 14 331 481
pottedplant 0.0347 78 34 100 70
sheep 0.0735 77 41 97 71
sheep 0.0344 1 -7 94 96
sofa 0.0316 0 -7 95 89
